item_id,min_price,median,quantity
192675,186,187,250
199957,501,501,235
197748,11,60,129228
199960,500,504,480
199958,500,504,247
200800,588,589,628
200565,2156,3200,314
192626,66,66,4738
173121,720,1500,712
20865,35,119,908
192615,63,63,108599
187633,701,1700,1332
8165,700,899,229
20862,35,54,751
28100,90,3300000,327
52180,4499,4999,790
190320,1225,1800,345559
187635,925,2144,5978
202070,44,44,85270
163698,184,260,62
193214,14,44,194184
7070,40,135,17391
12204,47,55,373
130182,274,400,246
191468,1295,1793,146536
172058,12,13,12617
192685,1940,2000,85
1288,40,40,2359
198196,64648,64648,3113
172057,10,10,19457
21223,100,120,292
190331,10340,14993,17363
160298,8,8,19691
193223,2355,2891,105578
194013,260000,330000,2022
197756,110,118,130934
53010,123,155,57282
191475,640,644,7709
21226,500,1200,37
22577,298,493,6017
192898,1024,1298,9484
179315,7,7,54253
68198,20,20,310
12206,188,11000,1049
172055,7,8,59215
200938,8597,11596,6175
200105,63,63,59
193360,14000,14000,3628
193369,125,3380,21427
177062,960,980,8343
192666,165,165,56
58257,7,83,715
58480,47798,99895,2922
202071,41,41,20175
152506,65,215,91693
3371,1,1,76151
109125,100,300,52470
109127,97,300,53636
13423,792,795,2063
200031,8383,12048,4592
109128,99,300,57071
200013,104566,107888,171
193378,11595,12098,267
6051,300,285000,317
130173,170,209,826
2589,5,20,437484
193368,150,239,3163
76096,412,1249,623
192866,125,184,3433
199985,1356,14766,630
74839,200,8880,5453
191465,1300,1634,82328
39671,474,751,648
191389,9997,12000,73730
183952,225,225,1402
2592,8,99,34412
193928,70,86,157908
168188,2400,2500,526
159785,640,99999,31
7910,66,1382,3193
2770,119,199,55952
153476,310,315,93
168592,3119,5165,35
23440,400,642,218
153478,2898,10000,16
38936,44980,44982,28
2835,7,7,129179
159789,1350,3035,90
76542,604,604,60
74653,25,916,429
153479,1315,4895469,57
82444,1691,54916,104
168303,3,6,23594
37700,190,300,2452
168193,480,600,843
72163,5525,6299,6310
168185,200,917,91880
168598,11995,11997,70
75016,600,679,605
168596,4934,5157,232
21071,48,122,1260
191260,2293,4000,316
4536,1,1,2594
63127,4069,6500,1655
74837,153,344,1990
158870,450,500,272
200043,503,503,1264
12202,6,10,6719
199935,519,523,304
200015,30065,35500,117
154124,375,399,1479
200017,60000,61494,88
200044,557,557,851
193259,23,24,1632724
193050,7,7,2473033
23095,850,855,153
23098,250,273,167
32201,300,400,191
39915,148,199,71
39934,3100,3155,13
41444,544,544,35
76504,119,125,44
81407,100,445,145
193224,11000,12509,81204
175241,100,100,307
200042,593,600,1462
193217,10400,13300,82902
193252,2090,2100,95843
193251,4530,8800,759610
163223,500,740,2788
193258,14,36,334438
7075,39,3214,23688
191352,399,294000,660
154897,7,7,47532
198247,3983,8232,1914
192869,42598,47899,1361
198550,899,4002,1147
187699,695,950,39084
169701,216,320,71046
193218,24524,25294,108881
6452,16,17,138
74822,9,1555,1767
201399,1750,1959,20966
192687,10000,20025,16
158775,174,195,302
19224,2,20,184
200806,2480,2490,152
36929,95,5550,5905
200842,1888,1990,130
200785,4699,4700,24
136638,249,250,213
158867,144,144,36
200780,1200,1450,285
173360,61,66,227
192730,179,179,284
173361,285,285,85
201318,501,501,609
172415,68,441,3668
200798,29500,30000,23
192860,113,198,13364
151256,744,800,426
771,250,255,78
192853,154,200,18281
151257,653,655,1525
190326,1270,1998,282855
191377,5000,5600,796
2678,1,1,105083
7098,10,11,78
31900,25000,27777,15
23573,2800,3947,1005
198187,3390,6593,2558
200008,25000,54900,586
5567,100,100,33
38900,9936,9938,43
159788,2000,5863,31
198421,443,500,33320
175957,444,455,69
153445,3500,174999,30
168446,3475,3485,99
198412,3000,3000,1011
38851,400,44900,40
159787,1549,150000,121
153442,1370,1400,106
159786,1359,3661,43
168448,8779,8785,99
194857,2900,3294,4340
38885,71971,71973,33
168447,4939,4950,69
198423,423,425,22621
190327,12580,16000,50789
198413,2519,2750,13549
171286,631,822,3666
5997,20,20,1891
192951,38400,39998,319
198419,1926,1926,2004
192924,9481,14500,327
190321,13820,16873,51726
199937,696,775,157
194791,7837,8000,448
192719,2020,2020,63
190531,18062,22497,1989
72162,99,130,496
190532,72516,87895,1042
194567,1847,5500,668
201406,47900,51000,23220
191945,8899,9500,10690
6986,7000,300000,11
192969,64,304,832
12361,45,129,3568
8932,24,618,431
3665,10,300,445
108340,37,44,4560
81401,22,999,698
108339,37,56,3222
108338,72,74,3907
193262,8,10,417364
108326,68,74,3925
200010,28400,149900,625
52983,350,390,248709
108341,47,49,7463
29451,58,97,569
108329,217,259,1237
191357,7700,8099,4973
128017,97500069,97500069,7
116203,999999999,999999999,1
34823,190000,200000,5
192871,339798,374898,1725
171350,46,50,659
192884,1170,850000,1894
61979,399,677,12482
193222,4400,176149,972
71998,22,2500,28298
40211,195,150212,398
198414,2800,2900,7479
18227,7500,7500,10
191379,1499,1790,2936
44780,199,199,53
40067,1088,2789,681
198416,6397,6398,647
198417,6599,6599,1223
56237,1600100,1600100,9
2940,10077,450077,13
5427,9294741,9294741,2
63316,49999,49999,14
184310,500003,2411103,2
187701,2174,5585,9705
56158,14000,14000,17
56236,190000,300000,9
138983,4185,4500,8
33447,212,3600,436
63317,44900,44900,83
171292,109,349,3232
107461,100,150,36
172056,13,15,8410
172059,11,12,7271
2838,28,165,7714
198195,55050,55066,100
1205,1,3,1149
67507,310,311,37
198192,3662,3999,1700
23424,784,824,102243
75026,24,65,396
35285,233,334,116
191398,2100,2727,1231
191493,25095,35540,1068
199989,500,584,2304
111650,58,75,321
190394,282,500,283874
111651,25,11000,773
171833,1195,1319,37099
194568,2300,2469,1871
199979,508,919,863
13757,698,2036,2194
33824,9009,10538,220
199994,570,2046,506
178786,13,14,10955
173037,32,1999,38639
67506,3369,4070,15
199993,548,550,148
174891,4980,5580,88
29425,145,159,2314
30820,199,199,40
194829,4230,4230,14708
44770,155,300000,51
18288,3133,3133,45
191370,1499,10000,782
178550,19,19,671
152576,5,50,5634094
192648,175,175,2551
192647,182,182,578
180088,100,420000,24
154889,18,24,2182
60577,74,75,149
191393,125,1499,10283
199954,500,501,748
34056,69,88,34877
199955,500,524,659
192861,305,1434,207442
199953,500,501,817
194798,10300,11392,530
193954,239,255,10412
173035,7,7,21252
190396,188,239,1222349
5376,4500,25001,15
199983,500,550,295
192880,7,14,884930
74646,680,682,747
190313,14360,18499,157897
200039,11681,11926,1427
198188,1996,3001,30425
123918,800,1050,95871
23441,330,400,91
111665,11,27,3266
13444,36,36,2721
192872,2,9,1091034
111663,32,39,1400
193420,100012,100012,6
190537,25099,29998,1376
41455,4696,4995,6
23783,1809,1824,8133
68780,3300,10064,48
52173,3460,3460,17
41464,1874,7056,11
82442,479,500,101
9061,8200,8216,1609
10560,500,1450,822
16000,50,100,1994
24058,1498,1500,57
81414,13,40,889
172045,13,15,1449
174041,1599,1599,84
109992,16,47,1374
200305,15,17500,56
197858,167,167,467
118632,530,535,370
22829,95,160,698
22832,50,57,740
77589,25,25,526
33048,133,250,144
28501,1000,1400,96
112298,6900,8000,72
52090,442,442,34
34053,495,975,9527
39908,640,654,31
198316,40000,58000,46
167862,1895,1895,1168
124108,30,81,3912
112177,85,301,631
74651,400,400,251
38427,5514,5514,66
74644,299,827,245
27655,13,14,351
52133,934489,934490,3
158849,1700,300000,90
52120,490,490,27
4390,120,765,70
199966,28621,31598,291
24476,98,11000,1509
41435,100,9011,20
1080,40,56,329
41381,1999,5000,114
12360,13999,30024,5227
769,20,2500,5130
24027,4750,4750,88
197758,20,30,2994
39967,200,200,43
31866,1603,1671,58
173191,68,7504,1507
40026,398,1070,51
201401,200,200,38001
37093,68,74,212
43007,177,17800,10970
41498,2000,2000,18
171263,35,45,1054
171272,45,49,1786
194123,160,250,208873
21213,70,10000,17081
171370,25,25,1475
156930,145,145,47405
41466,1521,1521,6
171266,25,25,3418
19235,11400,500099,20
138729,10,900,28138
79284,30000,500064,18
197763,2075,2075,4666
43571,45,845,1141
44481,12,12,293
32905,1,2,7345
183950,519,520,395
35624,325,342,7117
200113,21097,25000,38995
200786,2275,2397,302
197792,4891,4892,25885
190316,11228,16000,100594
192717,2024,2024,1632
200568,7200,7249,95
154891,13,14,656
133575,13,13,1512
29452,39,100,565
143681,2,2,561
23100,495,500,122
168489,7960,19999,1501
52137,155,155,15
32902,3,7,6422
41470,870,870,10
154989,16900,59400,1725
177659,48,49,205
147777,499999,500000,50
136342,24,80,1968
199949,500,520,262
174322,2300,2300,18
200050,894489,899889,144
74842,475,475,795
7971,269,308,113
194820,4500,6000,8324
43119,300,11000,2374
173359,2224,3724,9
74843,199,200,641
39469,761,6575,6555
178135,4000,4500,10
178125,40054,100054,10
191471,4265,4595,71567
6361,69,70,789
201421,6000,14000,5400
168589,392,891,24960
39774,275,575,5645
117453,144,300,104
74849,45,11000,4252
200834,7297,7498,28
74846,490,490,578
27855,3,34,985
40195,530,900,809
192927,12045,25069,354
1210,87,543,7454
182718,69999,70000,15
190330,990,1590,65969
158859,100,110,489
63122,10,15,503
74863,285,295,373
168215,180,180,10685
25463,1000,4000,1476
63304,146,1000,228
192611,59,59,4054
124111,42,200,3934
2455,5,5,1666
58142,18,18,497
200652,6200000,6899964,224
173202,23,55,759498
173043,17,32,915
171268,27,139,5913
173039,25,27,282
124107,19,2010,13238
109599,8000,8015,323
129032,1210,1400,105017
19222,20,90,151
168216,86,250,19664
193256,9438,9998,17460
43124,240,14400,3332
133557,15,16,1502
414,5,9,249
74841,87,119,6408
133573,15,25,343
5368,1074,4585,18
159,5,99,89210
173128,5500,6200,2271
168310,81,88,987
136550,12400,12498,18
5479,190,199,172
152638,4894,90000,1748
60576,21,21,306
197759,20,32,596
191499,12000,12500,161
34052,415,2000,182554
45191,4199,4499,81
89739,415,815,8
74861,694,695,3833
88155,12488,12488,93
3300,375,278500,376
45194,300,799,216
56516,4498,5000,6409
27441,2100,2500,37
14343,25,100,259844
38269,60086,60086,1
173204,136,250,247166
44482,25,200,673
733,17,21,173
129289,40012,79900,377
197778,129,148,10842
76619,1050,1650,11
64394,19999,25024,597
5113,200,300,47
20384,3999,6098,333
64396,35000,37555,201
171270,650,900,2009
2581,1,101,1768
57061,244057,294072,32
194819,798,1499,36109
172365,194,195,135
81413,13,13,944
37704,200,395,2338
183207,7200,300000,11
76676,231,246,35
193019,500,500,207
27678,10,98,2135
67399,2500,98900,43
191358,6979,6979,42789
54619,25000,25000,39
44722,130,1000,68
10620,200,213,110358
35562,540,7500,9453
38425,1900,7850,3905
3389,87,87,169
38841,87,93,127
109218,99,274000,469
6451,18,504,1166
53038,592,595,248732
21991,41,100,2333
56046,5,5,111
154881,71,112,1675
118898,1000,1000,23
25719,2099,3898,4534
58091,50,2900000,394
109145,890,998,312
191520,4000,10000,118
86026,445,450,139
109148,635,1000,988
76081,255,300,2297
193229,14999,33500,2283
191394,2000,3085,566
172040,69,70,1116
155608,32,32,299
155598,34,34,155
158863,100,119,153
108439,12499,20000,3575
29739,320,324,16052
35953,8,8,237
82960,100,200,123
158865,100,130,91
10505,20,186,1009
118902,4000,4500,24
158857,1500,150750,4
64392,6999,199070,1058
118899,200,200,43
109585,880,16489,1401
134860,50,100,408
34841,500061,500061,30
7081,9898,11490,617
53643,849,869,5226
60485,21,21,3048
191353,700,10734,1209
60486,44,44,1125
142335,14,15,44772
191376,200,445,1127
159471,200,300,115
169139,600,600,5
33632,100,105,147
193958,348,450,547
197754,33,147,261652
74250,20,87,519060
198298,198,23452,396
169135,59,59,99
158851,2320,2320,2
68049,650,799,365
38992,741,742,54
169138,59,492,68
2776,1236,7500,4143
133563,19,25,1172
191375,524,550,497
8343,37,37,3805
3531,11,202,2187
23793,1250,570000,1437
35627,1738,2300,5146
198214,598,4699,373
158381,40,45,573
123919,317,799,292193
8545,9,650,3061
14530,14,750,1970
3530,10,28,914
1251,5,7,2630
8948,6,20,112
130905,11969,69000,2604
152512,1098,2136,42139
2775,1950,2690,7052
6037,347,408,29546
36817,500027,500027,10
198160,1098,1600000,555
108996,5,45,47972
152513,98,981,226027
116408,2500,2500,213
199977,3400,3595,1842
176882,500099,500099,26
127846,290,2900000,251
6890,73,74,516
15994,150,499,1439
39681,1435,1441,6334
152543,124,163,2568
192908,1633,1650,1968
62772,48510,48910,33
197746,10,33,456743
152547,390,408,463
40073,350,474,214
198397,498,615,3380
52720,199,9000,6686
136545,18500,19900,73
197742,30,51,369718
191462,242,344,397463
197760,15,30,4358
152579,600,800,22662
136556,244,244,76
186662,5078,5078,108
136561,100,245,23
192659,600,1649,63
56205,100,100,51
1180,25,26,124
159869,120,120,120
6532,1,32,1292
955,27,30,77
171828,118,412,183174
4375,295,773,4041
192746,349,349,28
190329,6290,7579,153528
159467,472,475,99
200000,522,550,266
77467,1598,1999,1920
17203,13598,14800,1397
24507,5000,5000,77
2677,425,7500,7516
180733,750,758,4730
199984,527,573,334
23572,160,240,2485
128834,302,3451,45
200001,541,580,175
200002,570,600,209
187704,7,100,71295
129028,43600,55675,142
189145,418999,1999000,750
114013,500,500,15
173057,30,40,116076
31944,35000,84950,44
137274,42623,54269,232
191388,4771,5456,133286
90555,900,1000,41
139358,50783,65000,138
137269,51900,61855,112
152549,184,262,3001
89328,1799,2001,913
139339,31009,65000,163
87392,4379,6500,138
104105,200,5258,205
137288,66461,75000,129
104104,2100,5749,192
160711,67,99,9028
137188,55687,65000,196
139338,49900,65000,167
139289,42998,65000,94
174353,3,500,214269
168790,1500,500000,27
137239,31950,65000,108
139362,33796,55675,164
163784,197,198,302
129020,43899,56876,71
169451,900,1299,2213
163082,69,71,1087
137267,48987,55500,173
129022,47987,65000,156
11185,269,695,783
136597,25000,150000,40
200944,1485,1500,249
137238,31294,65000,115
87277,198,300,495
23764,6500,6500,95
87883,1353,6500,138
44768,1000,1995,25
129019,52975,66639,136
153443,2590,5111,60
104138,489,5649,218
79538,4037,6500,112
168639,948,1200,146
139438,36950,55675,120
87888,995,2012,169
167539,1539,6500,96
67405,50000,275000,22
139352,70000,75000,130
152544,60,11000,1972
119096,47641,300000,23
194806,22789,49900,709
129029,44600,48138,168
193255,7723,9000,16384
13446,10,100,1428
129017,59075,75000,129
136825,69887,70487,192
162515,25,60,8991
193231,37500,45800,2102
193253,1396,4099,31112
200005,1099,2000,1003
201325,174000,193700,5690
171829,498,898,19484
23334,244,300,14
108325,6,347,3822
171830,565,1099,32240
52979,187,2089,27184
155811,188,500,348
52980,35000,38550,370
171831,827,950,29314
159848,882,900,47
171832,925,1999,106269
108343,102,103,5012
200006,6058,7000,1723
133572,14,15,698
124125,500,500,383
5095,12,12,620
152631,7,7,10799
44940,20,24,181
171290,95,1800,15087
189542,16893,19000,7251
199969,18146,22500,231
108335,63,80,3765
18232,12650,12650,86
183951,456,2956,1381
44290,8500,9000,32
171840,4,99,149657
44286,12100,12100,18
76887,7508,8097,19
44265,28500,37820,22
193208,649,799,13585
44260,64999,65000,16
191341,6956,9073,13264
180060,19999,19999,1099
33470,30,50,515740
44275,120098,158999,18
34721,16,17,142
194810,9889,10556,476
194808,18315,20090,594
194807,20089,37150,891
189541,19045,19435,537
194803,18810,39900,899
192622,65,65,2332
44273,10000,14600,15
154899,6,7,30593
159826,299,5019441,207
172046,13,13,961
34068,55,196,16702
12359,238,600,115276
192652,170,180,158
172068,14,16,1482
36923,130,2500,4208
172010,1584,15084,230
162560,493,495,65
86057,49,49,102
79254,40,7900,11645
136852,103,182406,100
163549,200,422,10
79253,500,5045,42019
44282,19996,24996,12
193391,699,893,85
44274,44978,46979,11
44281,30028,30028,5
192870,39389,42000,2601
44285,50000,131792,12
49884,1000,1596,58
172052,7,7,40358
130179,1900,1900,80
172053,7,7,35071
172232,55,499,873589
198217,94,225,552
179314,7,10,23267
18640,100,9999,164
172054,7,440,47480
160092,140,140,72
55975,10,24,56
55974,64,125,81
55978,100,100,63
43121,508,2300000,385
112182,385,888,163
12435,95,11791,82
3180,80,99,131
3669,97,97,143
18222,31,31,207
108327,100,225,708
4338,9,10,26947
20770,100,100,59
4582,100,100,31
173161,1500,3185,515
194571,1999,2019,1544
6297,1300,1300,42
2321,2,99,167427
5342,5,5,84
52190,2900,4017,510
43009,100,11000,692
14047,8,13,58326
4873,499,499,88
5124,58,60,143
8951,92,499,256
56150,1000,1000,7
39951,494,500,22
3170,490,500,94
199988,1600,1622,615
1476,200,200,33
199990,586,10085,972
192847,51,69,17435
62514,3238,3238,15
5506,199,199,44
1697,30,30,39
109138,13,23,19035
38706,1213,1213,11
40022,298,17080,37
194737,650,1200,132
39919,175,200,61
201991,21999,32052,6464
33460,22,25,224
191319,2999,9999,3902
41453,495016,495017,9
200224,22000,25000,5373
197782,151,164,78061
124669,985,1500,244833
41436,499,499,15
39949,100,197,30
187703,750,9000,14444
41483,532,532,25
39933,200,200,92
41441,1113,1113,15
152511,89,89,131820
152509,87,281,41806
152505,80,242,124167
193215,36,60,803597
67749,1428,1428,1245
39354,1,1,134020
63306,146,1265,119
6662,1955,2547,5132
193211,36,42,793598
193254,6969,8991,24659
154707,330,2483455,58
27498,378,378,95
81415,70,76,157
71807,18000,18700,82
41812,28,11000,3386
36932,49,900,6914
190322,2699,3000,95593
81405,80,199,232
200024,787,1179,1607
194009,400,1000,1488
41803,345,380,171
199991,598,8298,945
194787,19800,21000,458
172934,100,146,9713
194574,1350,2900,1635
200026,700,708,1065
192650,200,200,37
76140,570,2200,1843
6358,445,645,775
179369,3000,4797,110
192621,66,66,1388
6359,249,500,625
192629,59,59,822
27677,27,49,3039
4306,12,35,39868
76130,96,99,5661
199936,519,520,264
20870,60,60,26
192617,64,64,1507
193560,10096,19984,1010
194871,40000,40000,40
3575,522,580,26478
33823,6398,9000,112
191371,15900,17369,1001
190533,74998,80000,212
38785,99,100,69
62781,400,448,565
13931,175,196,290
179368,800,1000,66
6712,699,699,95
199951,503,504,356
169333,13,30,474
172097,201,227,31068
27860,4,4,340
138967,12,27,3532
115805,300,300,1093
60398,25,25,207
24508,12,14,782
60399,89,89,87
172368,590,799,2569
25426,12,12,440
2996,14,23,39026
30475,1035,1375,58
4364,2,25,4072
187829,77798,80098,67
199942,560,570,160
199941,501,501,198
192634,69,69,541
199940,501,750,438
199950,500,501,516
173051,12500,15590,82
172363,100,116,2137
38375,91,91,94
172406,199,199,1033
110628,181,183,45
178219,328,405,125
87579,998,9998,183
87578,375,10000,134
36926,50,5000,4435
172412,273,10069,12
201312,550,493000,995
199934,775,850,236
201315,500,525,537
200614,500,503,167
168663,548,9900,4635
199055,450,450,1416
7973,402,550,582
191518,1375,1375,1487
192896,793,795,8172
23107,100,250,566
193951,98,100,13314
199059,382,382,1554
38880,8200,9561,40
193938,38608,39502,583
38896,11983,11986,53
194855,5900,6489,6256
178222,20,24,1866
4235,7709,10000,1151
169334,47,50,709
177040,23,24,2048
201314,600,900,1516
193922,70,200,408827
201317,800,1440,415
192627,64,64,4256
199980,543,1366,1933
191367,680,680,9153
154990,27500,34900,721
194758,3944,5554,908
191873,600000,650000,33
188658,641,870,214527
199987,6000,6009,1017
202065,1200,1200,109
52760,6499,6499,77
130904,2698,6999,5206
193387,13000,13000,18
52769,500,1511,56
197737,50000,50000,21
52761,3939,4934,35
190328,654,1599,749641
190315,949,1087,263095
190395,193,200,78593
193438,2300,2300,16
22459,319,350,86
200871,1997,2200,106
133564,919,922,997
198496,12400,12400,915
198491,238,392,1780
198239,500,3500000,247
102541,75,75,1291
153661,203,803,179
191401,4387,4400,7908
43572,8,12,1073
40769,3995,7495,2388
191397,298,1049,1436
200036,1948,2786,534
191364,200,249,14190
12808,7252,9899,4869
200003,2058,28876,1566
200007,3499,87046,355
200004,1219,1722,1630
929,26,42,3500
59596,250,250,64
62652,143,245,304
200014,119699,200000,156
199997,512,596,1354
108342,154,300,1540
194817,899,40075,7248
58264,100,698,656
200794,2400,2506,84
21929,100,198,516
133566,499,499,104
200058,749979,749999,209
133571,42,50,187
133576,199,199,14913
154883,13,64,1562
5829,98,99,118
191395,5494,5494,4346
63128,22500,59900,1519
200795,760,760,251
27438,9,17,1011
158810,1700,2050,6
133562,25,49,384
191340,4990,8190,2023
108920,90,90,150
3010,11002,11002,9
158873,2000,2500,21
19698,59900,8500000,185
175924,1400,17595,49
172049,11,15,1230
19704,17599,8500000,234
181713,198,198,102
81202,24,50,151
152639,2950,12399,1689
23984,657,4600,1031
191400,5000,6803,793
194824,174,220,2129
191350,13299,13384,2491
191365,19696,19697,2429
68741,3997,3997,26
191374,2999,99930,7484
197722,2753,5000,4926
40088,900,900,5
40106,1588,1588,28
193244,29999,38775,5525
40014,2992,2992,11
168312,900,1125,524
199060,7700,26893,127
52243,3886,294800,22
40028,5554,5555,14
40091,800,1095,11
192848,68,75,36859
52224,2794,44794,75
52241,2585,3028,17
52244,2500,7438,26
139375,8510,8510,144
199057,133,443,3253
193228,46899,47025,3131
168806,1597,2200,19
194570,2099,2499,2302
175955,73,88,193
194580,2058,2300,350
81204,20098,20099,24
162022,3995,8000,206
192630,68,68,285
194846,1500,1500,9233
81408,25,99,77
194858,1945,1945,87289
112185,5400,5500,129
192553,1549,2900,658
71808,10999,12200,45
173038,35,41,824
190536,34000,38549,296
71810,14000,14119,35
71809,4294,4400,309
194805,20168,26200,695
71806,13000,17400,51
199204,3,150,2691
173041,46,47,282
31902,4500,7000,70
172096,945,3195,102126
192609,70,80,190
153663,1205,2108,95
4236,9661,1400000,714
192993,3545,10000,2140
130183,385,11000,349
18233,900,900,39
130180,947,966,83
171436,45,45,369
87238,800,990,742
3382,27,180,415
200572,1500,1999,1637
56204,37,37,155
190311,1149,1520,239380
198535,4850,5960,416
200569,2500,5900,783
2456,15,265000,638
152577,194,220,166532
193554,149799,160074,111
19271,799,33333,174
180457,2025,3569,672
25707,7650,7994,177
33458,6,12,124
194016,289985,289987,471
14529,13,14,463
199946,1500,2075,322
112293,700,1095,86
112294,1175,1248,46
193957,99,117,264
153444,1900,2051,35
112300,1891,2610,90
74848,75,11000,3486
112321,471,474,7126
197775,112,126,2996
194573,1237,2970,1266
71805,199900,213597,449
81920,980,21099,576
113140,42500,55500,11
117,1,15,2428
131729,7,11,28981
7080,8289,13536,23354
109626,298,300,154
111447,16,16,956
30810,18,20,27247
174348,91,113,494
112297,8000,175000,48
191939,175,300,70617
112302,6370,175000,91
124640,550,550,14338
155629,33,34,847
197744,1510,1720,44456
133680,140,7999,4664
192931,14701,24800,162
20874,60,60,80
139786,30044,38044,386
20879,62,64,112
43652,133,150,147
1645,2,42,1695
192620,64,64,450
132234,293,300,97
109624,13,55,4495
141910,8499,16994,236
200813,658,658,412
155635,34,34,340
2751,8800,9404,23
199967,20099,24899,318
199973,10000,10999,133
191940,9411,9500,7573
2596,1,101,17250
191470,4542,4649,8521
36933,539,700,157
39927,100,200,53
142264,100,200,253
168217,1000,1900,67320
21177,16499,16499,1254
109217,120,894,1725
43330,997980,999980,4
76135,84,96,10694
190312,14139,17297,19012
74859,799,820,3713
41167,1311,15089,43
128737,900069,900069,3
62790,15,9500,3543
9332,950,952,97
197757,96,114,130514
33546,89,90,97
43488,225,325,339
43490,400,999,2035
74865,743,11000,966
112295,7840,50000,83
200823,5000,8000,35
192690,3000,3000,6
192672,168,168,1453
192670,189,189,100
6657,3880,4000,50243
90046,33096,39774,36
200793,1529,1529,221
29426,4549,4655,3343
159919,463,463,409
200808,545,545,243
192662,176,176,2081
31909,104996,105747,16
2842,1800,2250,10364
192654,175,178,125
192653,188,188,53
5466,6,10,1425
42253,100,576,7301
200832,2480,3679,1021
56036,500,544,50
200836,1244,1244,257
56047,99,100,83
5133,3234,3234,52
199219,2575,7600,1536
41100,4466,4469,221
194756,57500,57500,1216
5128,700,700,33
192605,166,166,266
111601,180,380,2282
200845,3600,3600,42
15414,2328,12063,2224
192769,143,143,56
192646,159,159,2748
39317,133,133,17
200826,1724,1725,147
81195,74,85,126
3576,150,190,4168
200773,4270,4276,36
118414,1880,9999,4663
175970,97,197,21702
168586,275,887,48515
193933,12815,14799,3352
111456,13,13,2085
200843,4373,4378,43
172042,307,250000,111
191944,118,120,14946
173104,8619,9072,15
193942,811,1500,118
173095,27888,30900,53
152542,12,208,36815
200766,100000,100000,31
173100,14630,16209,52
173097,16600,17784,25
74838,173,248,1062
36921,360,25060,1762
173098,8101,14749,18
20875,60,61,64
60578,500,1335,19
130903,2279,7335,722
20878,62,64,132
174350,20,234,347
62791,67,2500,5511
173092,24450,27090,38
53069,49,8999,1037
173082,35790,38700,48
199968,30000,33000,201
173081,1805,2180,37
173072,3876,4080,15
22527,3,4,288
138727,21,100,6041
173076,2038,2145,15
83764,11064,2302183,108
41378,9575,9575,14
36910,5569,9999,13612
108331,155,296,1055
58262,10,15,99
153051,6,49,572089
8953,3,76,656
23676,20,34,892
174283,19,19,862
44143,9300,9898,40
21570,18890,18890,85
171437,18,548,2497
38967,2748,2749,95
40008,3069,3070,14
180412,80000,98000,8
118008,3450,3450,11
152507,100,100,59477
152546,63,200,11228
191256,392,485,913
191519,7417,11411,1878
41377,10099,10099,10
153512,4000,4000,57
192669,165,165,113
172051,13,13,1882
162516,6598,6600,481
22528,4,4,1691
23449,65099,81598,432
33185,101461,101744,12
153709,1575,1900,298
36860,6999,7000,6380
35625,3100,3143,606
192712,2000,2000,26
171287,300,4549,10560
191872,11598,13599,334
83765,13935,16096,171
34751,50,50,181
6458,4100,5615,69
41379,2437,2437,11
194856,3460,3500,2248
194850,4099,11799,1086
35622,2770,3700,1705
106889,127,127,48
38974,90,90,48
109219,100,294000,573
106825,143,143,52
109220,25,2535,558
173034,9,50,29791
109222,65,294000,659
18645,875,875,6
177962,91,91,313
6522,3500,3975,5765
107603,25,100,66
43646,150,2001,1448
178130,90,10000,18
17771,165000,167999,367
178217,66,67,1179
5470,15,35,954
9262,70,153,1593
109144,6,9,44015
174285,39200,41500,139
109141,19,49,11875
200567,7499,7653,1904
200573,3010,4900,1060
63396,89,99,620
109142,18,110,29446
109139,5,99,11247
153673,4493,4494,106
165692,3900,4000,145
109140,85,200,3577
165733,15108,15108,96
168624,35804,35804,43
109143,44,47,12710
52113,259,260,29
76592,2099,3999,32
76650,1752,1899,21
52105,3000,970000,46
76517,390,390,69
41440,800,800,12
28595,494,494,46
168638,4099,5273,358
76546,620,690,6
52144,3157,3358,7
33782,832,833,425
76638,134,168,51
109147,1250,1275,405
178225,2200,2200,52
192727,2284,2284,219
192836,498,575,5896
177061,16,45,37506
198197,90050,94900,1800
180309,9000,10000,13
154898,7,7,28031
176872,149,249,93
152497,42,46,655
115502,2500,9000,11764
6042,1424,1425,17
153669,9,10,8514
41595,16499,18610,2203
192842,219,370,76627
194864,57979,57979,4194
158760,150,150,82
158745,115,115,172
19284,2500,2973,33
44146,863,1099,59
44165,988,1298,44
44147,1000,1149,68
198297,322000,322233,138
200791,7447,7820,120
158808,128,131,205
197774,75,99,377
23436,1995,2255,238
191933,100,299,1521
192636,59,59,12528
133574,205,205,597
12223,11,3310,3445
2320,1,5,471266
192625,70,70,1915
127991,99,9000,5586
193245,7500,11800,767
6533,27,29,341
184308,9,11,1258
173060,8,8,10812
1015,8,11000,6014
151566,4,39,38059
192674,170,170,113
199646,4995,15000,72
2287,1,5,159
192608,63,63,591
201424,68,68,880
190535,131805,134999,1596
3818,349,5549,5054
76665,499,681,20
4656,22,26,176
8838,735,5525,4397
40135,10079,10080,43
200061,2173,2284,22195
197743,1650,2500,103715
194966,36,71,169686
52843,12500,24420,2208
114056,94,100,1808
194738,874,874,272
21557,29,29,448
62013,39050,42075,23
21589,95,100,35
21590,8,23,77
4366,348,500,159
4358,25,25,989
194736,2281,2281,48
173871,36,36,368
194124,701,713,136257
3827,50,55,1284
193226,20000,27489,861
6149,10,20,2611
13443,100,100,285
201405,31099,38560,191212
200021,10493,12039,1074
200566,1715,2222,869
192952,58870,61128,2410
153706,980,1199,614
44315,25000,99500,56
52326,1374,1921,46582
168635,2300,3160,561
193236,29475,29475,867
192651,189,189,1427
1206,1599,2499,322
173033,10,12,26664
20876,60,60,64
6530,35,198,1289
187831,29996,29999,124
168487,1100,5500,20937
5476,7600,7600,104
133545,58853,58853,10
2289,3,10,826
1477,10,40,270
128499,399,11000,621
201883,80000,2500000,725
171273,790,895,1194
198183,398,999,8082
172439,483,485,9736
173125,2400,179898,356
10647,51,54,4679
80587,4455,7756,247
182459,2388,42069,1920
163842,100,495,112
87885,2490,2840,121
87881,2674,6500,122
158828,100,199,78
190314,19394,39998,41278
129100,23,23,17776
169332,95,294,419
4405,15,30,44
19280,1368,1397,55
1711,3,5,318
197741,2,18,1758151
79101,480,3569,9603
71375,10000,11000,11
3857,6,7,265982
68055,999965,1192565,25
44144,983,1034,134
11419,300000,300000,15
2750,8800,9898,6
27676,3000,3031,301
5379,49001,49001,5
200056,540000,630000,152
13365,50000,300000,7
194786,19800,24745,553
13363,35000,4250000,10
54449,400,2400,108
31882,600,750,754
124119,115,3429,9803
22529,9999,9999,88
194826,4300,4300,1308
54442,400,446,1245
4419,10,46,208
3662,15,45,243
17028,500000,500000,5
43551,1512,2668,156
139311,31836,32687,84
11040,1000,2998,33
34330,200,300,131
104108,239,6500,143
23111,80,126,27
111444,14,19,225
45768,4193,6500,124
171203,19899,4100000,34
8152,15000,60080,17
187934,38500,49430,153
193932,15039,17989,841
153031,29428,29668,136
127714,117496,117496,15
58268,10,15,192
4096,300000,300000,9
42473,150000,375000,19
199972,102503,547027,174
158757,19000,19000,5
199995,500,520,350
4480,190,561,33
192661,174,174,134
192863,133,170,10845
192857,142,179,8915
52240,2047,2047,91
191467,1425,1699,11852
116266,400,411,912
79255,2700,2882,5566
200777,738,738,212
25436,300000,300000,9
106870,30,30,460
42970,400002,400002,2
192097,68,100,23677
18223,62,62,94
4342,46,188,2197
132982,98386,98388,31
158380,1520,1899,2522
4363,30,30,40
20498,1111,249900,30
104120,1376,6500,104
197745,976,998,203553
2740,8800,9898,10
8146,50,50,61
8151,487,500,136
24246,100,160,8420
23826,2882,2911,2
2519,833,833,9999
194691,82,83,27163
17058,3,14,533
172230,58,334,162837
17307,235,236,3826
171349,646,673,1414
132213,666,666,18
127844,1042,2249,703
40068,175,200,113
191464,1300,3500,67804
44330,427,427,97
58258,43,108,48
136636,499,585,212
58256,7,75,487
12208,4,7,6045
25708,4450,5572,469
192867,135,165,23814
180732,4,4,80843
33454,10,15,239
20528,1590,1591,102
152561,25,1466,456
20526,5882,5882,91
43851,12,12,282
20679,1233,1233,203
20535,23551,23552,44
152560,1150,1200,2529
10561,273,275,144
191333,3400,4870,543
11188,184,200,359
19230,9000,10043,164
58090,50,197,249
142266,7,200,22156
191349,1900,2500,1086
4395,1500,1500,86
90407,48,400,12971
158186,1,1,23564
128548,89500,90000,44
158871,5000,5000,22
193946,110095,139995,667
172047,72,74,392
108301,302,11000,237
108307,3825,7000,327
17202,2399,3000,80311
105718,423,9000,569
198620,1100,2500,891
198254,1410,2000,873
198229,4491,4699,1126
189147,6500,6500,1981
172089,63,63,199644
194788,21012,28788,817
198308,400,400,473
23781,999,1300,1232
64397,423225,750000,278
52329,580,960,45107
85506,50,89,1087
74659,245,11000,665
193927,21,41,1083089
23756,200,1100,84
39682,175,188,913
19304,100,103,178
39683,7700,10038,374
76565,442,450,42
74845,824,824,224
11371,16000,16399,2908
127834,86,1906,2572
76631,3600,3600,18
198191,2407,4139,15654
130181,21070,22534,1108
33874,891,928,2809
76671,2998,3000,33
151123,4949,4949,83
74847,400,465,2793
192955,65053,66658,2218
163145,1843,1843,87
172094,11,306,284120
76635,738,739,15
51950,2899,3793,6468
76896,686,900,22
74853,8000,10000,211
422,4,85,350
1710,13,17,2065
194732,600,600,162
194731,1400,1650,180
193216,12790,48000,4196
76567,390,390,41
2452,148,500,24936
76617,16414,16415,13
112184,4496,4496,134
198256,679,700,196
76528,125,125,56
76594,9628,9628,66
76586,8000,10040,7
192948,68971,68979,2592
76551,100,100,31
192956,11200,11862,94
113355,405,405,28139
193031,1375,1394,9561
191380,579,579,103292
192702,1978,1978,30
192932,55000,59799,1589
192631,64,64,1683
52191,2095,2693,1011
2449,150,230,20780
192961,63368,63373,1458
193029,900,850000,824
2447,137,197,36255
192944,37000,19500000,40
111658,25,30,859
192967,45080,49861,809
192964,61174,66595,3786
82443,229,229,99
4599,9,10,183
200828,2400,2400,59
13364,4027,4027,5
192919,65052,65972,1926
192644,163,163,2280
67415,69,74,553
41800,3580,25000,4851
9154,14,14,144
32576,74,75,250
41801,99,250,3948
200816,2253,2253,134
120150,207,208,247
151721,195,1700000,490
41808,10,25,1315
155610,50,69,578
174349,48,48,188
19441,95,239,2280
154165,1,4,847260
41805,1279,1980,241
178218,32160,32160,72
4234,570,1250,19178
200106,187,187,46
122742,47,225,165
192900,200,980000,308
22792,744,745,6423
190880,550,2550,252
111603,5,19,3309
52140,1336,1336,15
4359,108,207,2838
33236,95,95,92
167861,950,1750,745
124438,1,90,185037
153712,269,269,390
111431,100,428,386
40042,298,299,209
4611,5599,8141,376
9060,4899,1022421,272
52196,129999,150000,291
117437,300,400,43
4424,50,189,103
152640,1400,9999,1683
197781,98,98,19039
4422,177,178,120
76893,2928,3087,57
115807,125,125,133
115811,39700,43297,76
189143,625,686,22141
127764,502697,502697,49
200018,118200,120000,3039
192957,26437,26497,80
192840,282,292,2757
77532,491,491,104
20763,100,200,40
35503,119500,119500,18
115808,500,500,147
124112,75,199,2866
115804,150,150,290
74832,90,123,77
111670,75,85,2444
52985,400,479,21728
111662,99,99,803
30814,358,358,69
191472,4560,5847,20287
62268,54,57,157
5569,1400,1400,44
74860,500,1000,754
193247,28001,28002,3792
24511,18,19,275
39520,99,130,581
20532,5555,5555,52
20533,12590,12590,39
20543,19814,19814,19
109152,1000,1000,88
23530,168867,170067,34
72104,31877,32997,3259
12218,133,250,419
169299,6569,7295,1487
155607,900,2800,64
193470,9596,11549,2614
108354,99,100,643
108356,165,1522,507
4602,3,64,466
4601,6,186,621
179295,2970,2970,23
124120,2,6,15871
38558,1399,11000,2343
33444,5,5,348
190538,24963,25563,10089
124102,549,1500,81522
7096,70,75,29
4776,39,39,67
17406,49,1000,712
74643,136,150,1042
8150,10,1100,19064
1705,11,11000,1430
180430,13,13,380
17407,15,111,31
200849,2300,2300,101
198175,1100,1400,2464
158740,131,131,215
152641,1999,12500,1751
22645,45,100,233
5527,13,13,765
192686,60000,60050,16
201327,1500,1500,19
2683,13,13,289
192688,1955,1955,40
199964,1000,1700,317
168653,16000,100000,533
3729,10,10,371
194804,19343,29999,1082
136377,12,12,1498
198198,22597,27432,547
174352,178,222,121
191494,26517,28458,698
38866,119,120,157
109118,74,300,212773
40112,9999,10000,55
38849,451,453,110
40118,5000,10099,56
192855,199,224,23824
40128,4506,4506,51
38806,147,147,97
40133,9018,9018,56
40142,18000,344800,79
200059,90084,95084,267
6889,600,707,10799
38945,1500,2527,24
40143,22000,22000,37
189152,9594,999999,1566
40146,18095,18096,42
192614,63,63,1467
40157,12038,12039,55
13454,4100,5014,499
40180,4522,4522,88
58275,80,100,20
40182,6547,6547,67
127843,749,291000,503
199962,1596,2977,215
136564,35000,35000,8
172069,14,16,1126
193020,1900,1999,548
190451,1039,1375,44996
168313,349,364,1329
38625,250,537,32
4426,14,15,342
22445,99,281,123572
22446,97,394,58190
192862,164,195,1639
77541,1955,2900,63
77543,3774,3799,85
183954,897,900,1002
109122,3000,6000,9
77547,12297,12298,98
5206,4500,5000,166
133569,95,99,643
127837,1998,2000,218
3358,400,5540,4180
3927,139,139,330
108363,20304,20304,161
192724,5000,5000,13
10285,240,11000,291
197761,20,25,4666
108355,686,786,43
3674,20,864,23
108352,149,676,1332
192705,2200,2200,57
108353,274,274,356
193238,36998,37500,2155
108344,196,11000,598
27499,15,30,224
136569,7895,7895,678
168529,9200,9998,1066
108297,400,400,512
108299,499,505,388
108296,6550,7558,128
97512,117,117,891
132510,21,21,785
10310,79,101,90
39212,27,28,92
30816,2,4,1913
2723,3,900,1076
108306,700,702,260
108300,498,498,280
187634,1900,44400,595
33567,178,259,1560
194734,3300,3790,174
199976,2999,90000,564
23528,125,542,144
193940,51498,52398,2061
3355,425,5500,3214
188761,635,9999,188
31892,800,899,85
174328,400,600,4101
178173,219,800,24
192708,2035,2035,139
54447,200,400,63
21215,50,99,1206
86574,99999,99999,14
193950,98,98,1953
12809,7498,7498,2117
20860,31,44,1258
140276,100,530,377
198228,7764,9765,237
21574,146,599,2231
20008,374,6000000,201
21593,88,100,180
199206,20,20,1423
81403,40,40,172
198293,2958,3090,1587
41489,35000,35000,7
194752,1798,1798,896
110634,20000,20000,14
81055,46,60,534
199193,5599,5599,82
5523,90,164,1348
76076,190,276,680
158746,145,199,99
124117,70,300,121839
37118,7,10,521
27669,13,96,1784
191339,4177,4320,545
133591,22,50,7811
151608,4498,7359,174
22786,95,5575,8010
38940,39568,41199,42
22831,3980,9999,383
199056,7200,7200,95
19272,14386,25007,44
9155,898,898,23
79251,25,300,50129
31916,750,1100,172
172366,398,439,476
54836,600,600,13
100739,24,25,746
179291,50033,50033,2
137191,32576,32687,229
43400,6497,6500,86
10306,1500,10012,174
198401,12000,12000,942
199216,13999,13999,65
118061,1228,6500,141
43366,895,6500,119
147119,38499,38500,143
197749,9,22,209620
36919,3543,5000,207
192968,34,55,1557
137250,11722,65000,177
32720,15000,25682,31
151538,32100,49900,70
24268,20,28,263
44314,125,208,51
109184,5,7,343
32716,8955,8955,23
114016,240,249,55
38303,50,50,284
182713,6000000,6000000,1
42414,4999976,4999976,3
10648,49999,49999,14
108365,6247,6645,67
39501,9500,9500,31
194823,6000,6000,11494
139315,43800,44000,187
37602,134253,134253,37
8167,351,497,1678
39350,169299,169299,45
132192,298,298,113
42430,318,517,88
153440,130,632,1078
198309,15599,15599,188
21885,17895,41500,1609
3168,6877,300000,18
43546,71433,72728,6
170165,3900,3900,134
108357,350,1999,387
56234,12300,12300,20
140567,116951,116951,21
7972,30,2151,9264
128632,95,999,7338
76637,423,425,98
74701,75,100,89
193937,43998,44489,3082
198318,346500,346500,183
191318,2272,4000,835
62413,150,488,438
62778,172,17500,3955
3372,150062,150062,19
8925,127504,127504,19
179271,1500,2196,111
182581,1994,125520,579
198507,5000,5999,396
173053,3588,17595,77
198501,14028,14828,615
172008,2998,10000,373
199971,69900,87500,152
128015,4129884,4129884,9
24030,5455,5743,142
31867,385,386,116
38870,671,25010,23
59493,198000,999800,21
56517,200,17027,99
128996,7193,7193,19
52763,248,280,27
52776,9389,22237,18
57099,230,187375,456
52172,1600,1600,10
176868,135,145,215
178133,43,43,96
184393,500,690,30
52785,10552,10553,19
178136,35,35,105
24403,4521,4521,34
197747,7,14,262524
52768,299,300,29
52747,3189,9556,23
56551,29995,33255,24
24519,900,1000,448
36905,100,4510,6219
128016,100000000,100000000,17
194577,1320,2500,1472
128314,14200,14823,844
52195,3069,4895,865
32410,116176,168555,30
42500,125,2342,32
107640,19000,20097,105
2836,13,1199,9572
23765,449996,449996,13
128994,4101,4101,36
52976,525,3000,20929
192868,200,210,37193
2672,10,100,5510
3928,7,23,2470
44936,65764,65764,9
153611,729,1103,45
39360,299,299,12
133568,1915,1915,281
5565,49999999,49999999,1
40041,1945,4043,31
115803,125,125,61
113289,24,28,1813
192946,42275,60000,97
133592,73,75,2315
41603,2500,2999,100
128995,11517,12017,17
17030,300117,300117,21
38909,142,153,32
149755,2500,2700,165
190380,5040,5040,151
132239,1496,5596,27
30813,190,190,19
25896,50000,59944,20
30812,100,100,29
192876,539,744,678
200051,89999,90000,426
110682,3899,3925,75
118015,4883,4885,126
168302,100,129,19242
1529,44,1000,4227
49908,795,1050,1632
24477,54,2009,30984
118225,35,35,1663
111664,9000,11000,1132
3859,685,690,1788
111669,23,23,5121
109132,168,263,3144
12184,14,148,6685
124118,24,807,15047
109131,48,4460,11363
168190,400,524,984
108337,176,9000,889
85584,90,11000,487
43117,300,5019,2603
27682,100,11000,1471
7076,90,8000,11943
40003,2917,2917,54
72235,95,1800,25950
111675,300,11000,3203
21840,44,45,6627
198395,50,499,23778
27422,16,11000,3175
7077,60,2500,16576
7079,21,43,32565
116148,970,979,984
36907,500,580,16919
108345,238,11000,252
10286,41,11000,4756
162012,2550,3000,165
154164,8,37,66121
14341,32,59,2099
74844,1075,11000,1977
25699,300,403,4936
12655,500,1100,4445
38561,1260,11000,416
21877,9,9,570764
7068,7,45,29160
3470,20,1200,6683
3173,15,11000,3075
173032,7,7,31373
37701,32,40,35844
6372,1102,1500,3671
158205,100,100,5866
2771,183,1299,12939
133588,37,11000,1398
41806,120,11000,769
110609,294,891,47420
109625,121,567,3741
127759,1200,2599,2602
2459,434,1971,10764
172935,24,9000,4744
173059,88,99,23619
174327,200,217,6559
113261,45,845,31741
7069,750,1300,560
2772,497,5509,3553
76606,5000,5000,12
22374,599128,609128,16
5237,10000,10000,48
27856,17,211,540
111458,522,600,2088
35947,8,8,191
2892,23640,150000,37
59029,20000,42200,14
40036,314,314,457
162559,1400,24130,325
53049,16,16,1016
17408,300000,300000,42
152897,1500,190000,86
27666,88,95,296
75038,510,1111,224
162566,270000,270000,25
98111,80,80,33
85583,700,880,248
13932,195,195,258
21024,3800,8877,332
128838,192,192,137
40078,815,890,279
76646,1647,1753,15
58092,229,249,961
192940,64182,34754100,37
163692,150,250,110
161128,95,96,507
17303,499,499,1288
9260,949,7600,1883
58266,35,35,24
41119,39,40,3839
154884,999,999,186
32067,647,747,758
161346,100,199,179
201721,3100,3100,686
4457,10,12,498
22795,400,5000,391
198082,2560,3960,790
88493,1100,2300,68
163149,597,598,118
6453,119,119,519
155813,379,379,133
19300,2,345,1526
198222,199,2908,783
76078,166,200,710
152875,84,936,117373
117469,300000,300000,1
59227,218,218,12
3448,299900,299900,41
177256,4999,14819,82
44619,1000,1000,67
44739,350,350,236
20872,182,385,184
80590,764,1564,71
40070,700,916,461
179993,300000,300000,1
6947,4525,4525,62
198163,1400,290000,391
124105,1031,1359,6125
152876,158,6900,14395
74642,300000,300000,1
174890,48843,100095,52
128763,500,632,124
111457,99,200,339
163781,1911,5999,1295
44573,144,200,344
40087,880,19500000,29
58084,589,1999,1838
40076,148,149,331
163058,400,500,25
63307,146,1000,63
27659,100,122,64
154887,999,999,296
169152,9997,17517,1241
42999,2067,2067,45
128552,12993,21558,35
132515,400,520,126
112090,489,1999,648
173062,15720,17595,45
87244,1250,1250,145
5048,1079,33379,299
163098,335,15000,65
4595,250,599,60
53051,395,395,154
115351,950,950,445
163143,399,399,39
33052,880,880,979
3770,9,226,310
18662,1987,4750,43
198492,900,4439,15127
110618,299,300,201
76077,211,234,159
40086,3059,3059,11
166270,550,750,1957
193230,10589,12007,15184
7307,15,74,140
159871,2000,2000,85
163222,299,299,1000
194693,143,144,56
1177,159,159,67
128987,75000,90065,9
41601,955,100083,62
169300,150,150,888
194827,109998,110097,80
200099,3672,3672,315
194852,3539,3540,16954
172062,85,125,1173
198282,2500,1100000,703
158201,4292,30223,4749
128650,55,55,25787
175788,19,20,70995
52339,2000001,2000001,1
182765,5000000,5000000,4
79869,84500,84567,2048
132232,5000,14021,23
200506,100,250,89491
191338,31000,37000,2351
132199,299,350,185
193944,4450,4450,3086
3182,9500,15000,371
20432,2500000,501249950,2
20518,1794,1795,107
158751,39,48,1578
68197,30,68,260
62271,25,100,534
108979,350,375,46
189149,3780,50000,295
108977,17,20,834
199975,29900,35000,161
81412,13,13,241
22578,1690,1800,3770
198278,7500,7800,126
113111,75,9900,5211
23079,100,2599,2392
62785,54,2500,483
154122,372,524,1341
7911,400,475,34530
113262,34,545,32559
199974,55000,70000,67
76689,887,888,23
2325,4,5,13317
198534,7000,5500000,164
36908,318,5524,6181
199963,5000,9578,177
108294,350,1576,190
159959,89,89,20144
3860,1651,1800,5390
8846,689,690,21785
97623,98,120,3999
27671,4900,11000,607
112156,405,11000,725
192664,1169,1800,159
97619,73,568,3981
113264,38,576,40291
36903,404,404,16559
109126,100,300,52079
43001,200,200,81
76677,717,1999,46
153050,43,46,187112
43011,150,348,324
17010,121,550,2647
10938,50,12000,2483
108323,44,11000,3183
124121,2,98,86853
15992,10,317,1735
76642,849,1336,14
30183,200,1000,652
22575,839,1200,8766
61986,54,78,224
74252,40,332,23127
128304,230,378,27060
158188,399,400,14234
5467,1000,1500,581
133607,10,544,17592
108391,6800,11000,105
1468,1,101,26698
16202,50,73,10154
4304,756,947,12233
765,120,280,18791
171289,96,396,18593
25428,20,23,85
27674,522,11000,855
173067,6050,6550,96
3357,292,498,9562
12205,21,70,10421
43535,3795,6500,155
22791,500,675,860
4232,1200,5095,6411
124109,175,5494,13130
72120,110,499,60275
158378,22,29,157955
3577,1600,5500,29068
104099,932,6500,133
109137,118,195,5428
2675,20,11000,5223
39334,97,388,5590
172438,843,988,13523
114836,2750,5000,2730
15407,700,750,1535
74834,146,2000,9473
37921,447,1100,26760
108328,35,11000,6641
197847,190,190,606
132183,287,287,120
178224,950,950,43
15416,2180,2500,2941
173760,150,200,82
74661,9000,10000,222
35952,333,335,1271
179310,5548,5548,36
41731,90,106,71
133940,299,299,53
132752,342,345,542
117470,1000,1000,16
57191,22500,3000000,241
81918,588,588,369
11325,173,2545,602
23771,1450,1450,24
116149,218,999,2491
74662,9900,9900,107
27665,1068,1068,48
191510,800,1080,969
83094,150,150,62
197780,175,190,14641
75037,79,90,777
25886,777,2500,1990
105723,293999,294000,22
197793,999,999,21342
27516,4798,4800,117
191373,300,762,3370
85585,400,699,440
109221,50,50,532
201045,300,300,162
44574,836,1051,244
74660,598,789,187
173762,1674,1674,71
200509,179,179,45580
44331,195,200,210
19223,98,500,4106
197848,980,980,267
74645,1238,6017,42
80595,699,790,79
197788,176,183,101807
68687,1689,24161,156
46379,306,23750,560
5478,2500,21905,170
3241,75,75,102
22871,1120,5000000,174
158382,1225,1225,402
197853,1125,1125,389
43373,900,1015,345
62665,2090,2090,113
22846,5000,40000,135
122348,35,100,209
113290,300000,300000,1
115352,570,570,174
197786,150,150,31124
62671,1499,1515,86
104127,905,6500,136
88491,1311,1422,213
33451,999,2000,73
12210,46,46,76
89888,2486,2777,172
76087,300,5999,715
198356,580,580,137
198047,290,300,51
13756,32998,33000,37
42751,2959,6500,106
27661,74,75,112
3386,519,3400000,280
154169,80,190,403
10593,5498,6020,270
44267,29000,30000,21
67229,685,750,180
74636,199,200,31
6529,3,11,292
130258,13217,8000000,117
77272,210,8810,39
43695,30000,30000,12
192877,705,937,3594
72985,200,234,386
22826,2498,2498,285
43398,3173,4875,154
57194,89,479,303
197789,150,158,44367
82344,203,203,64
76672,3459,975000,106
76079,174,208,337
191351,700,275000,985
153614,3305,4305,26
197784,125,190,37627
81919,100,2433,584
111452,43,44,791
152557,497,498,672
24072,200,200,113
87234,400,446,920
118391,9,99,735
197785,175,225,21160
153616,1526,1955,24
85570,2000,3100,54
52780,9959,9960,15
76641,1264,1753,13
32839,175000,175000,21
38926,4235,4235,85
5637,543,899,204
52749,100,3020,140
108330,47,90,1519
111666,21,11000,1104
52109,2400,2509,13
27668,72,11000,910
108324,50,320,30757
111668,32,11000,2261
108332,117,120,8010
43108,425,549,3619
109119,93,528,98924
2924,11,11000,2184
72988,27,100,296386
22789,300,490,14116
7909,79,2000,2165
32851,175040,175040,25
199053,4169,4169,188
198431,1007,1007,253
132513,17898,20230,188
5785,245,11000,919
61980,89,89,8727
38903,258384,334218,36
22787,175,2900,19146
74866,51,240,2489
36904,500,500,14670
171288,93,849,25588
157844,100,200,682
38999,7695,7697,51
39970,122,199,941
17012,234,1049,1143
22710,169,269,1152
3356,300,5011,7254
36918,1090,11000,1930
62784,68,70,7924
10939,86,115,101639
52756,200,200,404
133590,24,25,3483
23446,500,575,54902
39151,489,489,1691
33568,315,1313,27905
3486,300,11000,322
20424,500,1996,1695
5504,550,800,903
78883,14998,24900,252
41813,153,285,1376
22449,111,166,15154
22447,39,11000,2803
39950,13929,13929,30
160710,9,10,15907
31670,197,11000,1593
175886,7,8,15154
153636,198,694,2011
27437,931,2999,1622
52555,700,1400,10881
4305,100,130,14779
39002,1035,1035,42
3478,150,399,1010
38911,1499,1500,47
166583,12499,12499,170
152548,998,11000,1291
43105,700,851,1746
12207,44,90,8459
12365,4,100,56648
32428,54,11000,4167
38978,24262,25663,21
170164,17499,17499,34
198257,870,2361,1292
193410,250,300,45
15412,1881,4873,572
4360,5,17,1169
80431,374,499,495
7392,1399,11000,1074
193053,5,100,149662
27439,66,78,3682
72094,1000,1395,4835
77546,1875,1875,125
111671,2000,5527,2546
23425,169,1062,236476
171841,13,20,72259
97621,286,5000,3050
112278,629,1099,58
3666,11,11,195
22853,2120,2172,5143
52119,502,1202,11
76509,100,100,104
38975,124,125,36
170168,669,15000,129
200508,79999,82788,909
38863,70870,83461,16
199051,582,583,763
55055,50,1271,39
2798,1500,2700,345
23736,25,25,592
11590,1000,2070,103
192846,43,544,12639
52115,577,3443234,81
130192,82,82,296
43491,50,999,328
43233,623745,623745,26
168192,495,631,1512
197750,26,26,55287
97624,280,11000,322
6303,23,11000,2820
109134,75,1225,7816
43123,712,1400,653
8928,999999,999999,1
53068,399,5000,6439
12037,7,1103,8428
102543,99,180,1902
7067,111,8800,3116
109628,296,370,936
108333,185,190,659
111672,70,2500,8538
160709,55,89,3405
41810,100,9000,1158
62780,280,11000,368
10922,47500,523749,2
168645,5,6,69094
104314,49,49,49
62677,950,1000,131
109627,93,273,518
53064,99,9000,1457
22448,117,124,3409
3820,200,449,10112
43125,120,364,1338
108348,568,568,1498
47556,599,9000,2425
133593,46,97,3467
193261,3,5,90096
12238,47,47,41
52982,1697,11000,482
102542,75,83,2285
158187,41,7900,24218
20515,6976237,6976237,1
2841,195,220,15876
175054,397,398,23
67337,150000,150000,9
190953,15,21,1659
41395,5094,28863,14
153647,99,99,77
23576,10000,10899,24
39954,4995,8054,6
24066,429,538,34
168822,2000,3230,15689
168825,7824,19793,6979
54830,2451,2452,25
76892,4080,4080,38
168506,455,10065,748
55056,7098,7549,24
163225,25,35,92
128540,100,1680,1234
38800,650,1713,29
201407,2799,2799,378
132509,19039,21154,56
38372,2095,2195,45
22836,50,2456361,293
124115,170,200,31257
198261,220000,320000,258
198176,15995,19091,310
76515,380,380,22
151610,4400,5500,43
38965,27352,27354,27
40040,4681,4682,12
76525,245,293,8
37603,569,2474,25
127849,1499,7300,792
32620,3000,5000,1570
9233,8,8,225
2251,18,9000,3115
180445,22000,50000,260
25445,190,190,141
17057,399,986,1481
52977,700,1399,3885
201420,1400,1974,17779
12607,100,4999,439
38954,500,1282,313
72096,638,699,13887
133681,25,171,925
198498,2120,4925,158
168419,5553,980040,154
198504,7400,13000,184
153439,148,150,832
43853,60,278,338
128312,970000,970000,7
4585,9,35,241
193952,97,99,12884
192849,100,128,5308
140355,31572,31572,32
123956,7548,12558,188
87648,396,396,28
52757,99,281,77
29533,196146,218320,63
111453,24,25,2196
52127,1490,1490,26
52104,1088,5896,8
111454,14,30,577
25521,11322,14957,10
68785,9556,19471,21
52767,100,6985,139
38935,89107,106298,16
194969,33,69,248725
132223,265,265,58
118006,43,50,2081
178172,555559,555559,15
132204,21,21,651
194968,41,41,276759
132200,647,647,20
25652,55085,73985,14
97161,1451,200000,67
71822,40095,40095,45
41389,6798,6800,39
41396,5042,5044,17
76507,471,472,21
194562,39999,74000,121
127847,7499,7499,856
38813,496,4088,14
193939,36000,40000,2387
112273,1153,1466,64
44963,1990,5030,52
25901,2299,2299,21
52764,470,6604,214
25650,75,113,166
172050,75,99,910
191511,3500,18999,292
52220,1574,1590,192
4407,2500,2889,51
27664,300,300,308
62653,39020,99000,37
62656,299,299,98
172419,400,466,231
4479,484,502,7
133567,23,40,856
153662,1025,1400,212
198441,350,350,240
4542,860,4665,673
19299,100,120,198
104344,17288,17288,141
1707,100,120,330
82448,20,46,79
27502,1221,1221,123
144304,1626,2530,41
9314,2254,151250,66
153490,100,104,813
4592,1,6,594
80592,22,39,52
28103,775,1999,2079
142263,399,400,238
34759,35,39,120
197787,197,217,15791
194684,116,117,2393
13930,26,42,155
2687,300,500,845
172233,800,1099,1065
194688,780,780,249
73260,23,45,140
41751,332,332,109
76088,3462,5999,640
128839,154,154,55
17304,475,475,1358
4380,89,89,197
117568,100,142,92
34766,99900,100000,31
159827,19,21,432
184201,48,50,89
4540,33,101,2218
19306,27,29,231
192925,48067,54592,1023
62655,639,710,47
27657,5,8,47
43696,100,100,60
187712,86,87,160
4544,50,115,605
132212,21,21,265
155812,367,370,536
2454,4,99,534
172091,45,345,188
39516,7575,7575,20
109226,194,593,413
67404,899,15000,325
44328,815,815,174
163054,900,1000,90
17402,4545,4545,23
171269,96,10000,905
171264,147,299,530
163117,100,100,133
9144,285,290000,748
138292,13,13,270
81923,504,504,322
2681,3,300,1235
12404,32,32,150
192966,24999,30099,75
21552,4950,4999,192
163077,15,15,227
194690,99,351,334
198213,790,1090,160
201469,599,800,1508
153668,200,1500000,74
122344,123,123,57
195457,1800,1900000,530
192942,37080,39985,909
90057,99,129600,50
81196,42,42,154
62414,71,300072,345
4337,15,1300,12933
18224,18,18,348
161153,4000,4000,65
39356,3500,4500,4
138884,9900,50000,29
172936,1532,8932,4271
3667,29,35,706
36930,674,2242,1495
128553,13475,18083,302
60388,24,25,151
41493,50156,52527,5
11385,50,100,20
110654,1398,1499,43
52074,298,30000,27
23331,114,114,6
42429,300,400,206
6261,4,8,3327
122343,65,115,211
67281,30000,30000,1
172937,100,8902,7566
2593,5,300,710
130216,200,200,48
41584,499,14098,192
136856,8991,9991,19
181247,100,300,55
24276,89751,89752,64
29571,62,5150000,46
30821,50,80,99
130217,175,175,49
118472,2669,2744,11031
39351,2500,5000,9
38990,1999,4840,34
160705,40,118,9065
38881,19674,44567,54
128983,100,2550,10
52123,141,141,285
4399,20,30,6160
4291,4,13,7165
52772,2000,5209,156
52188,483,490,3282
25895,89990,89991,15
38894,7873,55871,12
10940,35,90,198018
199961,1498,4054,550
46026,56875,56876,18
4400,46,46,44365
127841,5500,5800,267
71720,23165,62787,31
128985,4150,4150,32
5428,100,150,42
56049,50,986,13
90047,20043,149943,12
36812,5000,30000,182
128984,1100,1147,20
140754,3550,3550,7
38887,46035,87259,22
76891,2022,4613,21
28463,376,377,41
52112,626,2509,15
168794,5994,5995,27
29535,100000,100000,25
4265,10,81,150
128980,1995,1998,76
38972,16492,16494,23
23120,2427,2451,114
59594,21068,28716,21
52100,6368,6368,12
130247,76599,76600,46
41397,598,610,71
62782,20,21,2656
192903,986,999,373
180476,7700,7700,16
1074,9,10,103
14256,9900,12679,535
3676,70,70,127
3175,100,290000,8
128541,2199,2200,69
4586,9,9,85
4587,50,50,19
7296,86500,89000,15
43004,25,50,1508
3673,224,1677,72
58280,5500,6932,22
110647,2297,450000,120
43501,65,187,440
76666,4443,4444,15
52116,2500,2500,22
87240,5000,5000,165
142103,37303,37304,26
169280,977,977,235
41478,56465,56467,11
52751,3520,3520,30
7078,73,339,2430
20709,27,35,736
38371,9495,9750,58
60853,105,200,359
129003,7096,8029,27
41475,2879,2879,23
24275,25011,100039,49
54448,59797,100625,43
128315,300000,420000,1618
34057,169,2985,118788
18588,385,689,525
115812,35100,36098,39
17056,4,300,66454
19225,20,25,1433
132530,500000,549999,45
32068,8200,8200,207
41604,47500,47500,17
132237,1500,285000,112
76518,340,342,51
16203,143,438,38583
128988,55073,55073,16
25894,141402,141402,14
193936,37999,39686,4426
163908,300000,300000,6
38902,4974,4975,27
38872,13999,14500,30
19221,50,299,5728
140351,160,11161,287
22574,3218,5000,3007
138488,2684,4000,10858
76535,2158,2158,5
76094,98,99,1415
23112,50,100,267
62779,21,39,1670
52099,3900,3900,7
38836,469,599,11
104348,686,795,99
23766,18076,35786,18
191378,500,578,3525
52217,2499,148661,22
36931,1225,9900,786
56052,399,499,24
202712,39,68,2318
201467,600000,950000,82
192938,55012,58037,1562
201466,176,200,128
172357,180,210,160
155603,35,35,181
44271,150087,150088,7
154705,880,1332,460
192841,220,249,20282
155601,38,40,974
2725,8800,9405,14
192928,44491,53867,842
13758,100,9000,10356
56035,100,300000,5
39357,140,140,5
63348,2000,2025,90
13362,1100,6589,8
2604,1,1,54003
31671,35,220,5213
109136,100,2500,6238
83095,238,238,64
200835,1080,1080,138
13759,1898,1900,5669
138384,8427,8599,40
13760,1368,1375,4631
18234,1000,1000,29
32728,4500,4500,43
13462,308,30000,528
2748,8800,9899,11
3670,895,900,53
169117,60090,60090,38
151391,30000,300000,24
11941,165,165,25
147669,4000,6499,32
138383,396,556,93
192979,10000,975000,99
46391,20000,20000,5
128436,15127,30000,5
38931,139,1355,78
38937,141,148,20
15420,295,300000,110
38897,75,95,124
56502,140,270,82
192978,78,283,2705
76090,97,291000,587
191336,1544,2890,1914
192921,18199,18265,231
29547,12500,29259,915
11018,50,123,610
14344,23,97,583425
137249,19900,65000,153
178537,470,520,64
41338,50,50,65
100738,10073,23773,25
25890,41320,157653,16
201321,149993,149993,26
39000,4036,4038,46
6296,200,200,10
127848,7499,494000,449
40045,8449,8451,7
24059,323,349800,30
17196,200,200,3575
192711,2300,2300,614
200035,3162,4796,18713
20868,74,100,62
13442,500,3300000,340
71833,40000,40000,50
12190,899,5000000,281
20877,60,61,133
52129,3001,3192,38
20859,30,30,881
10562,25,87,1251
20882,60,60,49
192960,39811,41995,207
20861,30,30,1218
23737,30,3194,227
76603,30000,30000,33
20869,60,60,42
49110,45000,60933,77
20863,30,35,785
11416,1000,1000,23
138486,1202,4999,7144
20864,30,30,757
43647,100,130,91
107517,48,48,238
178547,99900,99900,4
201222,64,64,57
168651,19000,70090,1073
192747,65,65,999
179308,2179,10000,14
187836,19985,20089,264
160712,7,7,6907
199978,1690,3500,3865
116392,9999999,10000000,6
34839,7552,7552,9
23427,1535,1742,12282
7082,1374,8415,4290
166344,64,65,1497
4865,11,14,89
38933,300,1177,199
44467,7197,16947,16
38924,127190,127192,67
192635,70,93,992
38927,35432,37966,16
71857,25080,118714,51
21225,40,40,210
36917,109,5000,5046
29750,55000,59900,70
3404,1975,2244,151
194014,24099,24500,131
36913,1597,1598,33253
179290,149933,174983,2
114004,262,262,18
20873,98,7000000,104
132525,38000,111634,15
71861,18670,18670,12
32849,175000,175000,14
116811,199,200,132
21747,90,100,3345
52097,999,1899,17
116810,199,200,213
30817,8,101,16607
52118,3008,3009,24
10290,10,231,6663
201193,111099,111100,9
172041,15,110,2469
40533,400,400,1100
52291,11500,15000,27
168793,10000,11950,11
38920,4917,4918,29
201422,6352,10199,8628
52770,7715,7715,136
22839,2052,3110593,255
52103,1212,9331,8
15417,943,945,15070
168499,9287,23308,409
200019,67990,39000000,18
2595,50,90,338
127850,784,7000,844
151565,700,2000,31426
197777,20,25,2984
28284,9500,10024,319
63310,70000,70000,41
151564,121,1928,373887
11407,39,43,62
63275,109,109,117
16748,30001,30001,10
62277,100,425,188
818,122,1000,8842
76549,445,1521,121
40077,300,400,624
36912,668,760,23465
16747,30000,100000,21
136596,11900,11900,12
138382,1154,1379,13
39361,140,140,7
57063,768,805,24
52020,30000,30000,1474
171285,1050,1050,6200
200623,30000,300000,39
67289,30000,30000,10
28458,227,229,18
43013,20,40,2233
118681,380,380,28
163640,11273,11273,24
62649,7755,10400,4839
198311,3400,10000,1436
60405,23,23,198
37703,662,8300,10861
17031,23709,23709,64
17032,28000,28500,133
57193,50,6500000,175
1520,60,60,206
36909,1150,1499,70260
193961,500,629,6895
112684,65,65,128
60394,24,24,142
43012,400,450,350
2732,5800,6899,12
132517,12900,12968,27
31869,3727,3727,18
3858,525,777,5850
38904,891,4092,32
7912,3,88,14798
22841,3017,3600000,272
52752,248,275,57
194755,3200,3677,3173
56503,1840,1845,37
38466,2469,3269,199
41339,729,792,51
41476,23668700,23668700,6
172902,195,200,82
6048,242,300000,451
23438,325,330,149
38923,249988,272009,50
191522,10990,10990,880
199194,4977,5077,226
159849,1499,15000,79
42702,14241,987500,12
28470,196,197,21
82343,84,177,141
11942,400,400,18
62251,13000,13000,94
6041,42243,42243,20
21227,499,1099,31
74852,1000,1399,246
41400,11017,12518,61
37094,465,1005,167
76530,149,353,10
774,5,1240,2028
21721,19,20,1936
163637,19995,20011,22
28468,848,848,40
12735,1554,2154,46
168791,300,300,31
3685,8,10,8589
13464,238,3500,9350
4340,1,17,5247
45999,8000,8000,37
192701,2090,2090,14
193384,183,183,126
193389,320,300000,245
200041,500,568,1683
124442,539,1898,52278
28467,1943,1944,12
58267,25,46,120
44601,12,15,504
200822,1640,1640,135
178132,400,490,15
22576,1078,2099,4463
192923,6000,6599,116
140347,170,5000,344
21881,99,3999,2823
115526,572,3278,451
27442,1350022,1400001,5
23447,3068,3590,1382
32249,110,134,249
20963,2400,3900,523
52303,14250,1672893,198
3864,469,1241,7041
13933,170,170,25
89112,969,2528,13027
197779,179,190,26516
194050,240,240,18697
3239,9,10,470
128793,139,575,31
183823,400,550,1095
166343,99,99,474
89683,1500,3000,216
81410,100,100,144
35623,2690,2690,3033
5740,5,1798,1990
194579,1732,2772,163
194681,115,248,773
13893,10325,12501,64
4594,11,13,393
2680,1,17,1450
62659,49,100,246
9179,822,894,104
128768,133,4500,682
27636,600,600,22
33449,10,11,577
7965,111,111,92
194723,380,423,588
74652,149,12999,334
95482,1580,1595,715
35720,200,200,128
4608,66,311,89
4604,15,48,178
10507,900,1000,101
12214,4548,4548,63
191359,28300,33250,25948
43854,150,13886,355
159867,818,818,212
2862,40,40,729
191372,200,288,2353
45932,190,200,127
191943,490,951,2784
3369,2200,2500,10264
33254,100000,100000,5
179018,644,15500,101
74921,350,750,30
37097,29,69,373
9312,68,99,186
2684,8,58,105
21072,10,29,447
3220,4764,4764,141
18641,500,563,14
171439,400,1000,864
52773,5900,8976,25
162569,300000,25150000,2
175069,50,82,76
194576,1075,2800,1897
38930,397,2120,14
163109,2000,2000,24
27503,2000,2000,372
44615,29999,29999,70
2679,130,300000,180
3388,330,2500,409
43015,300,300000,102
153646,444,444,82
194694,1870,1870,2993
33234,400,472,27
62666,290,290,70
34440,345,285000,317
118007,24,233,1517
171271,99,100,686
43231,1296208,1296208,45
7676,299,999,2427
180318,17,17,801
159899,96,97,91
58145,500,1999,496
39957,200,420,40
3727,490,490,38
57192,67,1068,487
197851,1782,1875,371
63530,60,70,168
43235,500008,500008,20
4605,90,100,94
2458,519,525,1218
38373,8569,11985,95
173084,6237,8068,25
173083,18050,20000,38
21592,147,400,382
52721,137,278,1037
173088,24833,27515,38
21561,28,29,120
158866,180,200,37
76547,354,357,25
30511,344900,344900,7
198314,6900,6900,798
8950,70,75,632
39005,710,710,40
52762,300,300,25
116428,400,1735,627
21842,438,715,5385
52988,345,386,114604
192945,66000,66674,1475
116654,399,1424,238
162026,1089,15000,72
147869,200,1300,53
38979,1490,1490,98
41375,898,6105,64
41307,4000,4000,45
62522,47,47,63
30510,600,700,40
163707,55,94,208
40023,4000,17080,26
21882,45,300,17145
194735,700,2800,83
110621,199,479,206
39968,606,651,49
62238,400,2198,114
110633,192,195,121
172500,89999,100000,3
128554,1008,6868000,91
172408,3000,3148,65
110649,1289,1290,235
38774,112,114,41
112160,2278,2290,123
31898,800,965,121
74715,72,74,86
128561,1086,1988,226
112164,4199,4285,46
22460,768,50334,6
110632,205,310,285
44453,100,346,102
38973,2041,14950,16
38837,836,836,624
110646,945,947,29
38789,130,130,38
115814,29100,29390,35
34054,60,85,402393
109129,100,300,38371
119324,2000,4204,32
119022,2500,5093,22
52759,399,4414,331
58085,4599,2161017,218
109124,144,333,52671
191534,349980,349980,87
194049,550,753,552
129000,4803,4803,28
52211,2455,2455,95
191320,36498,38900,1277
6052,268,268,654
21886,5936,16750,299
87872,118,120,353
22450,146,300,158577
52782,6500,6500,26
199344,1774,1880,24343
192937,15056,6900000,47
193563,545,579900,367
137558,3332,3332,46
168427,34485,34513,391
74719,198,5000,48
38859,529,530,23
38783,255,258,22
38947,95336,95337,35
38878,41485,41486,35
153487,100,644,392
76695,1539,1540,61
74728,1951,1952,191
58089,475,499,544
52327,370,732,71309
191384,425,483,3212
130178,3300,3300,124
158210,31,31,242
187812,2507,2507,12
158862,142,142,167
12811,6116,7761,1040
2304,1,2,2482
76141,1280,1888,2082
76138,1780,2490,4271
153635,3,8,39066
191461,224,315,438232
19726,13324458,13324458,3
179287,75000,75000,12
23786,114990,117643,400
15564,10,15,198
128998,9093,9093,15
42432,790,3000,1490
6049,385,400,755
115809,5640,8200,68
198045,7000,10053,66
62651,3053,3053,93
201403,3150,7585,24120
38934,684,744,50
74854,300,587,271
21536,1199,1285,1183
38374,26795,100000,76
42428,4000,5089,179
42546,14,14,690
76661,432,833,21
71845,27349,27349,11
62675,43,500,295
192683,190,195,136
191366,7200,7248,620
154166,100,100,968
86597,12000,12000,33
160484,3791,5000,54
159846,936,15000,69
186975,50,3025,629
191329,49500,62999,4820
200047,177570,197579,198
44497,5568,5898,36
58086,500,1450000,459
74709,299,300,37
38987,1031,1032,19
159874,2500,4900,41
163107,400,400,53
172920,38,38,278
169947,190900817,190900817,102
191335,38090,45679,3359
53050,15,24,4918
191334,4752,6590,5525
191533,1897,2995,3363
178541,7500018,7500018,12
168449,4835,4840,50
13926,15000,15000,914
38557,125,175,2611
76664,296,297,17
111434,63,65,488
198164,233,288,1736
192723,2498,2498,32
192613,75,89,31
198281,2812,2500000,328
139175,3990,4469,294
124104,499,1500,59267
191525,16899,16994,1639
954,25,37,80
62323,9104,9104,59
189146,1501,2498,6543
189150,555,1195,4845
6371,1455,2000,2594
82300,440,300000,191
187802,69,81,2281
81409,50,70,289
189155,179999,1999997,158
76521,348,4298,35
153608,8320,8820,39
146406,562,9162,13
52753,150,4368,35
128989,39973,39973,22
52754,8052,8364,23
38811,280,280,31
189156,74575,999900,719
41485,400,499900,16
129001,17673,17674,8
5115,91,92,83
35318,3047,3241,47
152550,915,10000,265
173192,137,2500,325
172362,158,775,296
110625,248,263,48
45188,75,115,75
192619,64,65,272
128549,79899,79899,65
45189,200,501,41
38901,2838,2842,30
189154,650000,4000000,210
61978,1250,9000,12356
189148,518,2718,6495
138977,1400,1400,55
178223,36760,36760,34
178228,14983,15000,20
45190,75,161,134
74248,179,757,85550
74247,46,212,359660
45195,45,48,83
81924,336,336,837
116147,989,999,1022
198231,1998,1998,325
193385,162,162,304
39527,89697,89697,16
197721,1899,2400,2335
52182,550,4555,1228
198306,281922,281922,18
104122,702,6500,168
168662,590,598,2087
76080,209,337,765
198230,7999,7999,338
36922,4450,6499,147
52183,944,1500,23944
3819,1474,3800,2922
76662,647,1149,34
41482,1040,1040,20
137293,60075,82494,101
16040,50092,50092,128
25898,57997,58000,23
176853,150,275,295
6299,13,24,50
128993,50096,60096,39
9264,1352,1424,67
16005,50000,50000,39
193565,269900,340000,1832
41809,425,623,829
36901,100,199,23868
62518,23,23,147
32852,175000,175000,15
54831,5,20,282
142102,40093,40093,15
21595,8,8,228
23115,251,3542,39
19283,3317,3492,25
33452,5,5,222
179014,20000,150000,23
34736,494,615,303
176866,40,40,229
159825,494,1010,690
56850,4325,16754,3048
76645,689,1190,26
22830,1931,100965,2
3823,500,2999,662
44758,20,20,255
129002,27785,27785,9
74713,300,2900,359
38876,2708,2708,35
191508,5094,9995,79
68779,2995,2999,85
44759,34,200000,21
118565,12900,12999,100
35315,82372,82373,22
38824,560,565,104
77273,55000085,55000085,5
4600,1409,1424,116
87230,932,3532,1175
33462,15,50,408
154882,47,49,1504
171438,35,40,590
111433,50,768,230
111442,14,15,308
195466,230,243,209
56477,82,2376,237
2863,11,89,472
1017,5,7,762
81411,50,60,40
133565,79,80,975
190534,44950,48300,13885
151609,200000,200000,222
9355,2000,2000,10
33443,93,98,149
111436,100,200,117
82392,136,242,284
163841,644,650,49
140631,4040,4040,26
74656,300,344,795
191396,90,256,9731
1179,1,3,1246
197762,292,500,6567
4537,77,79,674
87242,898,997,327
165755,119,149,1099
3664,49,173,1346
787,59,200,52
76092,244,3400000,271
86432,50,50,74
58265,190,200,402
4593,3,13,653
35563,18,19,933
34850,198,398,83
111441,170,171,255
158379,59,83,1772
6888,33,512,890
159920,500,514,606
62676,80,95,255
59230,25,25,104
200769,483,487,334
4370,50,3056,92
8957,450,503,931
63246,49,49,139
120257,600,2500,3572
132233,22,22,488
197770,13,17,2875
2594,25,65025,117
8364,99,99,53
13447,75,75,281
179279,5000,7500,10
76093,85,265000,776
19026,197,198,34
199944,1699,480000,380
31673,49,50,251
109160,495,598,635
27651,180,600,139
62664,39,99,191
168314,109,131,836
4425,80,80,34
25679,169,169,22
173065,74,74,400
40536,10,10,441
182737,15,15,273
179992,24,24,210
197776,23,23,39010
34832,300,499,6864
172061,25,100,205
191363,110,10740,14719
182122,83,83,119
112155,4000,4050,177
74654,45,59,554
171351,850,900,963
22794,450,519,3089
86592,950000,1181698,97
87246,948,972,496
192700,3500,4000,29
198193,3900,3988,4225
3012,188,198,62
117440,2500,4820,14
173759,100008,100009,66
130221,4900,5000,34
109123,150,1500,3257
198209,4200,4200,271
200680,99899,99900,10
9336,7086,7086,28
28101,1670,1761,413
194695,9919,9919,256
52755,100,3581,46
40165,2999,4000,78
81194,10,10,1940
68778,4040,1562100,73
62680,370,370,21
136567,194,194,64
43492,74,75,36
110624,195,282,34
192902,2400,3534,881
22456,2970,3498,4793
46765,100,100,112
46766,745,752,448
151133,50000,69900,596
198312,398500,399500,509
39937,400094,400094,7
114001,150,2000,8
153628,3541,3737,32
36809,160,160,41
6887,110,2500,1690
72986,150,300,3684
15870,31,32,365
2871,58,58,247
142117,1500,2571,4209
118,50,105,2143
34749,85,85,306
160518,5000,5000,43
33461,15,25,594
192839,74,80,19136
184090,505,750,2189
122346,286,286,53
34750,700,1595,588
33448,89,1819012,397
172044,50,99,1821
9313,56,97,143
18633,30,30,550
44779,2500,2500,43
17403,9999,9999,223
89329,3736,3737,35
117442,90,100,94
132190,1004,75005,17
81402,50,57,119
153494,80,118,75
58259,199,200,33
192905,4496,10049,4752
169449,39,39,412
171441,313,373,120
163103,147,420,104
127838,600,7548,1157
86069,40,40,47
173761,345,345,69
74650,1709,1805,526
158806,129,133,77
133942,444,444,383
58146,110,227475,535
163019,90,213,133
197849,95,120,573
5477,49,50,105
198237,100,400,837
2888,225,225,126
34747,32,2333,218
127835,175,176,1296
24271,52697,59421,807
34761,68,87,105
111446,36,37,305
111437,101,393,442
158754,80000,99900,5
200681,3000,11000000,56
21153,150,223,559
158771,31,31,143
158831,149,149,85
39997,6000,243525,8
5465,1,507,4086
53062,76,93,1115
39525,100000,100000,5
40011,1719,1720,12
24338,99,99,290
110617,195,200,63
172407,101,124,1216
191331,1800,10089,3207
110626,285,290,51
158752,139,139,29
38772,120,526,1070
74716,400,400,64
112158,24,35,5846
38984,500,1234,93
62673,87,87,1194
38830,308,872,100
44774,1900,2000,16
38864,280,368,20
22644,1,85,2527
39211,20,20,194
132193,150,190,326
74641,800,844,628
162573,18999,19999,103
158874,135,140,113
200772,1192,1192,136
186017,3125,3134,1860
46378,888,9999,937
38788,260,260,34
19233,941,941,22
38875,998,1199,50
153631,2029,10000,23
77531,500,500,58
2313,28,29,174
61992,8500,23993,10
38797,77,77,114
170173,16000,16000,94
38809,98,99,57
124437,20,81,1281544
38812,131,224,93
197720,2200,6500000,149
37467,1000,696969,10
38816,174,250152,10
38828,126,281,19
38799,96,123,129
128546,2574,9998,18
175053,382,404,39
171267,70,484,4192
200048,178800,179000,139
33548,399,399,26
38787,380,9900,72
39568,67,71,21
89737,99,499999,38
39567,195,197,74
39220,23,300000,77
39210,90,100,36
44206,1000,7000000,8
23385,70000,92500,22
82330,279899,280000,30
163855,2500,5750,34
21558,104,177,1570
81201,99,100,753
44772,30,10030,110
83007,1755,2998,47
21559,73,7595,1335
83156,114,124,461
82328,234,234,347
39562,48,300000,28
21562,99,10020,818
81200,10,10,161
33630,100,100,14
176862,47,49,132
81205,8,8,372
200054,779899,779900,623
176852,130,130,35
81889,1000,1000,14
5117,700,700,33
155636,35,35,133
85559,29,29,149
81203,20,37,179
44771,69,69,65
113274,212736,5106370,8
117471,1800,1800,27
173049,40,65,789
44769,650,798,9
44773,193,194,44
117472,999,1515,47
127836,278,1212,2618
115354,665,700,187
39524,383,383,5
115353,88,112,23
52078,15000,38071,380
115355,200,490,66
117452,475,500,603
199996,577,592,1830
38376,200,6766,28
81921,2299,2299,354
108308,501,505,162
192858,230,234,16926
111557,137,500,149121
27857,143,143,396
52178,850,7595,1346
179296,969,969,6
198307,3599,5500000,152
82451,19,192,897
14227,2399,2400,4139
58261,306,308,140
198186,2099,5500,2268
54450,59999,59999,66
83763,12100,12110,51
130175,294,400,724
191500,12396,18888,425
128764,2800,2800,127
153251,450000,450000,16
97620,88,208,343
191460,200,273,24330
128835,1010,1010,173
35949,90,19164,586
44599,8,8,174
23575,415,415,57
168311,115,220,1374
186981,20000,27706,14
183953,289,300,1595
118428,25,778,50
138290,300000,300000,14
39691,499,500,153
132184,80,499,1058
8766,2,200,1487
30155,237,485,69
159868,820,820,113
138728,68,150068,5825
165017,120,145,187
163051,995,1000,49
34763,50,1086,440
34411,100,199,71
172904,499,500,254
133577,88,399,307
3663,50,65,203
171301,515,525,510
34762,308,308,49
15408,2498,3499,1365
192865,1229,1230,7650
2318,117,200,34794
43086,300,683,127
83097,15,67,621
197735,211100,211100,299
76061,8380,10994,11119
193246,2640,3445,12129
35950,133,2087,628
163076,208,208,762
90551,300,300,30
31901,563,700,216
31905,500,953,130
163060,1000,1000,61
180992,199800,199900,5
172358,99,137,2044
193960,144,283,1883
144305,1821,1875,26
22793,490,646,10913
18251,2000,499999,6
192992,40000,40000,559
163105,1500,1700,66
192671,185,185,416
32717,84148,84570,26
137556,4099,4099,100
158868,950,950,5
87647,242,297,26
200771,40000,50000,103
192663,700,800,23
193557,15035,39900,146
76895,2555,5579,37
161373,1400,1400,343
192975,45,112,1632
76654,3332,5800,32
160554,1598,1600,48
163052,395,400,235
156872,7308,7308,107
44618,1700,1800,111
103797,4934,4934,114
158850,1500,2000,8
2840,200,230,42274
42431,510,510,42
159873,1000,2100,51
45200,25,750,134
77542,1800,12746,92
159878,2650,2700,47
45198,75,200,183
163018,1793,15000,67
178114,150,150,140
172231,20,94,623769
160989,1500,1700,56
173874,130,130,121
3671,3800,5001,70
193210,15,20,999117
20813,161,261,22
82449,80,90,73
6293,100,145,19
186704,1000,1000,183
173171,1300,1545,1056
151567,7,41,73660
173170,262,299,761
173173,290,500,1544
173172,300,800,1469
130246,71094,71100,40
187700,1995,2025,12311
4377,189,209,172
128840,300,300,73
87560,1000,2993,80
155814,72,2572,174
178551,84843,84843,12
128545,2499,10000,27
41146,6900,7425,44
153708,3097,3097,215
19258,1180,1185,44
44617,600,2000,39
143750,64362,75000,131
128847,157,157,37
32198,199,199,142
20842,180,180,27
158801,49900,49900,6
166804,10059,10267,1534
158773,130,188,128
23333,1510,1510,19
17020,9400,9400,131
158821,140,140,64
158813,128,129,55
201400,200,202,60660
198212,11100,15000,743
201402,299,452,11429
192624,70,72,1206
192720,2900,3200,43
192628,65,250,247
173048,4500,4995,86
23827,3098,3098,47
192610,100,116,4118
44778,11223,300000,4
29799,259,298,65
193935,49989,51598,292
21830,2325283,2900000,5
118900,55625,316788,11
111676,62,85,901
128014,50000,675320,6
87580,223,10000,114
179372,5000,5155,47
192096,60,98,543098
87577,253,10000,109
192095,75,90,58091
171278,2978,5585,1375
191385,900,1040,1116
179986,200,200,380
179370,7500,7500,87
193930,897,897,8744
130245,66000,67590,35
190450,11787,15000,16049
31941,24999,24999,25
40166,6453,6453,42
52294,10098,14290,44
71818,37573,37573,37
40017,5000,5000,16
71851,37325,37702,52
19943,199500,10000000,250
17404,420,425,66
187707,6895,49998,1139
12203,4,6,22918
46849,49999,50000,1087
2450,220,500,16330
785,199,325,36893
176874,168,190,189
4625,679,7799,2142
163208,200,250,47
176809,4000,9000,162
130215,345,392,71
38905,80,620,20
153705,260,273,1980
191348,569,2058,460
67230,380,380,89
25451,50,100,193
5498,143,8000,20635
155907,10000,10000,50
194869,43079,43079,30
200811,25000,25000,250
158759,1900,80000,5
13754,450,500,147
194868,5557,5557,44
23116,164,165,128
89674,1100,1416,22
44268,71270,71770,16
162110,7500014,7500014,1
44270,48600,49600,27
62007,737999,738499,6
192885,1085,1087,21361
5996,1125,1350,178
9317,1900,1900,27
191369,5039,8810,381
34822,180000,180000,5
23768,81,99,3474
19270,1506,1908,84
136568,5000,6500,15
44500,160050,180051,13
30477,300000,300000,16
27934,1000,2500,37
19260,1996,2400,42
27658,73,90,461
161348,2500,2500,19
182121,85,100,35
8244,65543,65545,308
52325,1344,1430,23027
32850,175050,175050,16
83006,1950,2388,85
200074,1200,1399,25093
110645,1297,1300,40
22526,50,70,126
74708,297,299,235
52743,400,500,18
19232,498,944,78
4461,2370,2398,813
19263,4500,4526,66
40093,90,129975,439
201417,1500,1700,284
15869,125,181,115
162557,75,75,17
200476,44,44,135
31672,195,200,231
87226,1000,1050,816
154167,749,750,725
116276,99,18525,510
140189,298,298,86
38928,100,117,128
27662,219,223,592
62670,1030,50000,26
174281,295,300,162
15871,5061,56361,49
43463,289,413,520
13851,86,1183,208
42641,80,88,609
162517,975,1200,266
35951,133,140,84
152496,25,25,312
111455,13,13,453
197783,144,144,27339
4378,74,74,5
109223,94,974,736
158466,300000,300000,1
28399,26,26,170
6290,19,67,335
180168,90,100,247
34764,80,90,288
34722,35,2016,2660
28420,100,100,52
111522,32,32,129
141214,300000,300000,1
35565,250,487,1509
12216,100,100,118
76095,232,999,1396
3771,5,2036,131
43268,83,84,65
81175,2000,4511,12
44941,107,299,130
173040,53,55,400
4384,105,5000,220
6050,385,400,429
187796,5000,9999,316
81404,12,12,139
140187,950,25000,183
168500,8998,19999,1172
168796,24866,24866,4
198621,350000,379800,318
176807,175,175,55
72092,309,310,230014
181468,7514,8029,8622
94288,97,400,1860456
194970,53,84,385876
31910,195,700,140
201047,99,130,463
198203,12700,12700,510
198202,3697,5700,1110
200634,120000,120000,63
4387,88,88,34
160502,29,38,5405
2457,1200,1200,81
2665,1,40,7385
197790,1845,1894,9017
193450,117355,118540,5
166664,8543,8543,95
186522,3300,9000,449
137289,59999,75000,78
11406,6090,57500,21
29565,1000,3000,18
118704,2247,2249,641
194761,5901,5901,6231
13458,1223,1224,1323
193567,10000,11933,796
111674,96,1500,11790
172043,1587,1799,622
136562,299,299,8
139503,285000,285000,323
132231,22,22,700
21990,35,40,913
133980,300000,300000,1
1708,41,59,112
194685,239,239,255
171274,276,264999,727
118630,600,600,251
5525,50,100,144
179309,146,147,76
190881,299999,299999,2
194689,400,400,799
30458,200,214,56
3728,100,100,79
4538,200,1249981,102
111450,22,22,595
12213,30,34,629
17119,1500,299900,2389
172903,810,811,127
172048,10,13,905
163147,1746,1746,47
160400,105,207,2601
13935,200,200,181
174351,250,250,172
8952,7,8,1481
34599,184,193,140
95481,10,5000,389
4791,130,260,47
173042,75,77,515
37091,33,1900,37
45087,398,1000,8373
197771,49,64,93518
112449,12,15,1030
130202,3663,3663,4
122345,163,163,345
111439,79,79,474
62657,57700,64500,130
152494,89,92,631
172921,184,200039,305
6450,16,40,556
22790,91,999,14012
21151,162,499,496
33445,100,155,171
136375,1000,1045,18
191506,200,200,1226
158747,108,108,60
23381,834,838,12
116268,170,18525,314
34752,413,413,275
11584,18,19,60
111445,432,432,402
4541,80,105,462
187911,180079,180079,30
174284,6541,6543,109
133688,200,200,348
178227,50,50,52
193893,100,100,9325
37567,40,48,387
16766,72,72,224
76075,100,110,1653
136606,12995,50000,46
154886,110,112,392
116981,5,5,1073
152559,85,1999,825
40081,79,150,107
112277,900,1000,29
52328,1078,1900,27214
76699,500,1355,45
76879,1800,5432,29
112301,1052,1400,65
112290,764,1000,18
116119,166,578,65
112281,5880,6540,27
112157,95,245,1303
199952,500,501,328
147868,13531,18965,6
200038,9989,18501,1317
108350,13000,13000,117
60406,99,99,207
53072,37,1900,7536
163138,1196,1196,87
31904,88899,88900,12
163153,1193,1194,55
163140,1383,1384,129
179285,11049,11049,17
4655,20000,20000,37
183955,890,995,3499
90146,98,2802,2823
24368,900,1499,1604
198292,1979,6000000,138
122347,75,100,125
36781,1862,2362,398
79304,39999,39999,7
24401,300,2000,4902
67510,100,200,95
191516,11535,29901,386
44571,4870,4985,551
176871,121,121,39
57071,3382463,3382463,1
45981,20000,35020,4
193953,9000,9400,163
5431,999999,999999,6
25435,12,12,198
32228,70,305,5365
44575,8801,10001,49
44570,7519,8695,242
25813,3500,3700,23
124110,19,500,3736
29576,10011,10011,3
32897,9,1000,82580
200011,74500,96085,130
199938,5498,8499,118
200009,53999,57093,134
21887,255,500,7887
176811,55,2945,942
2319,395,1500,21653
200768,950,954,200
39684,150,1149,6039
39907,370,375,10
192552,5579,5579,3479
2673,522,900,739
6150,190000,190000,9
18230,40000,42500,6
93705,458,485,46
13506,3000,5000000,224
4596,324891,324892,8
76543,157,162,26
76526,100,100,281
187827,9750,9750,284
76513,100,199,43
13457,3419,3599,1457
76568,188,188,48
76634,5000,10000,76
160053,1250,3595,381
76563,200,400,87
76572,299999,300000,5
9224,6885,6885,1019
76539,250,275,40
172019,19800,69900,172
152508,70,260,45145
191337,3000,4800,11971
13461,2100,2100,1192
9197,4591,4593,1167
52098,977,5077,21
41439,285,300,16
39980,133,133,16
5469,15,1209,4011
76600,34090,34090,54
52128,250,275,23
76502,100,198,648
39905,555,610,296
79306,48500,50000,14
67348,39998,39998,44
45775,400002,400002,3
67335,14008,14008,1932
67319,13797,13797,10
68047,8305,8305,57
176861,300,1450,65
76694,1913,9899,27
58263,47,99,128
107663,3900,4000,6
3821,3198,7400,9421
21844,400,412,4022
24272,44774,44799,886
52089,100,100,100
3385,1,45,1966
184342,2000090,2000090,1
191948,440,440,879
76552,300,451,168
188684,2500,3000,21
39666,1515,4044,277
76553,100,451,35
173036,59,1899,72468
39983,100,1016,36
39978,440,440,26
139278,67300,75000,94
39976,199,199,12
83157,224,224,834
171352,88,217,710
76527,100,125,17
171276,6969,7295,4064
39981,198,270,51
200787,1300,1300,176
39909,99,150,50
153714,251,251,861
172437,3077,3295,14569
144307,1596,7308,20
76693,389,738,26
52091,175,225,68
52101,465,5352,36
52095,400,910,13
173122,1000,1595,420
39991,2271,2271,33
41446,2358,2482,42
76697,499,1162,38
38778,160,160,52
173079,7235,8765,30
194789,28482,34508,646
173085,4581,25022,35
173086,4257,4481,29
193213,99,150,54274
76514,100,100,23
38848,1299,1499,855
194825,345,411,3850
34753,291,291,113
195543,1045,1099,28
2682,3,84,320
114015,20,333,114
163192,397,399,79
18045,49,49,20
1181,200,1000,39
858,46,90,1946
116979,12,12,1116
197855,299,299,350
136653,100,100,141
165016,3400,10016,278
194692,162,162,635
154888,995,995,76
163134,300000,300000,1
13934,1065,1065,75
128761,450,2659,93
33457,124,280,365
28421,199,2931490,144
5042,75,688,1333
111449,74,264000,238
961,1500,4136,14
62662,200,999,598
194724,587,587,18
162556,700,700,53
33081,228,228,12
34861,93,93,280
85504,499,499,43
16166,5000,5000,13
58277,10500,10500,196
6811,150000,150000,41
21217,150,500,1377
192838,43,96,33515
154885,20,20,1377
27660,799,799,431
28461,471,473,25
27859,218,29899,120
19305,32,34,70
173859,90,109,1692
63303,146,307,109
128837,500,500,43
194048,68,90,4311
114017,97,99,47
23559,125,199,105
27858,5,100,972
18287,299999,300000,26
60389,99,100,38
141527,98,98,106
138285,2000,5000,24
41509,167,168,500
38889,37714,37715,28
77545,1200,1919,13
39563,4999,10000,17
6289,1,6,6653
172410,110,166,20
9335,18,18,130
22785,60,134,27341
9334,120,120,79
57060,7558,15158,13
62654,1300,3400000,319
9333,349,349,93
8839,1089,7623,2302
19933,573,624,34
19268,850,900,73
22525,45,97,310
29460,4048,5099,278
3931,338,350,72
163910,15033,15033,4
44208,2500,300000,5
168583,385,950,44298
109076,300,330,32937
170554,357,2970,37888
160399,40,79,11164
152812,16800,17000,473
37663,45091,45091,202
28102,900,1499,723
153630,9000,12348,29
153626,3300,4158,40
153621,4809,8820,46
153605,1507,2000,20
111595,70,300,2572
171315,329,993,24085
36924,330,7500,1219
136547,42500,44400,26
124440,214,1025,18631
41266,4545,4545,158
171291,900,900,35880
171275,300,500,1153
74249,4,19,1461733
8153,29500,66100,2937
155605,75,90,196
197772,100,139,1119
33459,50,100,401
197791,48,50,14947
195462,1850,1950,93
4365,15,100,357
34760,32,35,171
81400,50,60,143
171428,4525,4594,37985
34767,490,490,178
116271,535,1998,333
27667,30,40,169
10307,2627,2627,27
44325,400,1450,52
193956,99,9000,1445
2686,5,20000,1342
7228,9029,9029,45
28118,4900,5400,243
62672,300000,300000,1
10592,1499,39999,228
171196,800,800,544
158377,1048,1048,43
86074,400,498,253
178545,300000,900000,2
21031,35642,35642,20
86073,499,599,56
155910,5000,5000,589
34125,35,49,86
58269,99,100,102
191503,777,800,286
76097,95,215,837
195459,1500,1900,81
180331,649986,649987,6
4539,25,80,523
27854,15,26,462
24061,934,935,61
34768,500,500,37
179001,350029,350029,1
194683,108,110,16302
184682,25082,25082,80
163695,570,570,39
4607,117,1000,31
62674,1295,1295,63
195463,499,499,399
153622,8820,8820,56
29412,2769,2769,45
156525,300,600,366
76083,375,400,1405
198403,198,224,7809
191949,103,495,23678
139345,1253805,1253805,24
55053,912,913,154
5472,1,10,1161
197850,488,491,320
33053,10,3248408,38
179277,791,50022,3
141333,169,10000,43
2674,498,674,859
87228,800,1299,73
111438,15,17,718
158327,8712,9900,56
34757,200,200,15
76086,800,5999,286
131746,120,1594,202
5066,2610,2610,7
191509,1700,1800,534
43464,125,170,44
128648,9834,13250,598
128724,149940,149940,13
19275,7586,12500,78
8831,1560,3375,938
79010,49,2034,9616
13463,370,5571,4253
13467,378,5500,6638
187648,4330,18810,4341
8956,759,5341,106
12363,15008,20960,3107
188683,42000,42000,7
172092,200,1600,102082
200028,59993,59998,832
79289,67841,68841,21
79295,848559,849059,15
185737,1400,1700,163
34756,790,1000,180
76084,1000,5999,802
185482,1800,2200,5
46376,792,23525,519
19440,450,450,4
74919,300,300,276
188669,3500,3500,1172
28104,975,1999,915
23529,388,1054,145
21114,1541,1795,101
46377,880,5974,341
168649,880,1677,323079
188685,4000,4899,22
17747,440,446,13
178247,100023,100023,40
76098,98,147,599
3775,8215,8215,14
124113,44,73,104841
40079,1159,1159,85
13452,4275,4275,558
6826,300,300,25
60375,499,499,1596
159876,2500,5000,34
25425,1000,9700,122
128734,200000,200000,4
173875,3700,4000,10
74647,1000,1099,463
161347,300000,300000,15
88487,19000,24400,90
18255,367,934,111
42942,291,1000,46
9187,7095,7099,243
128848,2500,2500,85
80594,1099,1122,76
60377,499,499,563
194821,1176,2300,809
188670,300,375,2636
158204,5600,19595,1666
178221,250037,250037,4
21033,3208,3208,25
44329,299,11525,195
8827,1500,8498,864
188672,3500,3500,36
173075,4440,5700,25
112274,1297,1323,57
151540,42499,42500,189
178178,270,24870,61
139271,48034,55000,150
141898,62766,63400,211
139442,47295,65000,116
139435,41446,42309,113
44287,84999,85000,9
39342,199,200,20808
109133,136,1225,8106
12215,1700,1700,261
173130,885,900000,1138
118711,412,500,1465
69237,50,2300,3700
128011,2515623,2515623,6
20678,6493,6493,216
20676,899,899,8
20542,50000,55201,8
7286,260,1120,1836
20404,39,97,62303
20541,997,998,196
110635,284,485,86
67509,62,63,229
153629,9800,9800,42
20527,1845,1846,119
20677,6000,6000,213
12799,99,5549,7174
168652,18800,62092,1072
153607,1755,1949,23
200046,122499,145093,236
60858,3399,8000,93
124103,524,1500,50036
198189,2464,2860,2622
163580,5000000,5000000,2
201468,9550,9550,42
13889,1000,1000,139
45789,2037,6500,120
52177,369,7550,5813
103789,1999,1999,16
11370,1348,1565,2712
36794,1600,1600,62
112291,1012,1054,76
151584,6400,6400,30
198503,15051,15000000,58
192843,40,200,18997
112296,1000,1101,99
196582,2998,2998,384
4361,190,190,119
4757,98,198,31
200040,10911,11284,2079
188682,205,205,113
4814,59,80,54
111589,70,500,8366
8154,99,1360,15480
12643,75,84,69
20867,64,64,18
40360,96800,96800,42
20845,2001,2001,12
20843,300,300,8
20848,300,400,22
200033,8393,16633,1795
142336,8,95,19835
3176,159,20002,37
137287,62000,70312,180
27681,500,1100,7584
194967,65,69,102124
194730,49,68,265233
180411,330991,2915506,2
12800,132,1536,5509
25418,356,5024,428
1701,127,150063,4
4097,1200,3800,292
200779,2500,2500,39
29580,300,500,11
6305,200000000,200000000,1
67511,175,175,32
7100,209,209,15
6304,2000000,2000000,2
30476,22500,147500,31
38873,10069,13293,264
32715,48556,48556,16
15419,5000,8699,695
185968,4000078,4000078,12
52228,1050,1520,46
43102,5800,7000,2631
28362,4905,4905,141
27935,25020,32120,6
29559,1500,2000,32
32718,99549,100049,25
58865,397,399,20
74720,275,288,2518
60838,1400,1400,20160
74723,324,398,1651
159466,208,208,118
23353,266,266,66
109584,30000,42445,155
36906,100,5577,6819
116406,20000,20000,14
156526,19498,19499,39
52744,229,236,19
192899,2190,2193,11624
38810,100,180,241
184390,79999,80000,86
198506,50000,50000,18
18335,428,500,1156
198494,250050,250050,6
81198,1475,750750,46
140587,950,985,1308
172418,294,327,97
77529,15044,44444,35
2742,5800,6555,13
24449,5595,9195,2037
200848,2197,2198,79
183738,284,306,1799
177715,45,140,532
126936,7599,7599,273
158795,300000,300000,2
22451,55481,90040,1239
41427,7500,30000,116
157842,39,39,192
112288,588,900,39
90043,2301,2301,4
193955,999,999,20638
60579,90000,90000,9
132216,5620,19920,5
172359,185,188,323
27425,74,2500,2368
52781,16596,16596,18
124671,12894,17000,943
198165,12567,32965,946
5075,384,5900,1104
11754,40,700,2305
192703,2100,2200,13
172367,118,371,1210
31903,600,988,205
79238,50088,50088,2
187825,15000,15000,82
38871,88399,88498,125
177660,155,165,4429
153627,3229,3774,24
163844,290,290,24
177716,110,110,401
172360,133,167,2181
198238,37000,37000,408
76576,5000,11557,8
168191,398,900,4710
200032,8389,8389,3963
153715,268,1000,543
4784,245,285,259
88492,20220847,20220847,6
153707,2075,474100,283
172361,950,33355,581
76644,747,799,25
197755,26,100,164260
25443,19900,19900,23
195359,99,166,60
195360,18000,27500,94
172370,100,395,93
79292,286900,326900,6
192658,247,732,6398
173109,300,375,3376
173103,15105,17733,31
173077,17100,17999,146
173101,33250,37732,28
173163,2950,3800,401
173091,19000,30000,26
173160,3000,8510,367
173073,14132,14875,131
173162,4800,7099,158
173094,20000,20000,96
112095,44444,44444,5
33866,4465,4465,134
169130,519,525,1107
3299,56,60,201
44953,690,690,15
144306,1000,1694,38
38898,1098,1120,31
144329,1400,1500,106
71881,293928,293928,156
200020,99849,99849,1377
40109,1709,1710,119
40212,399,1810,201
176088,10032,10032,4
8396,3999,3999,20
168412,21922,21940,429
5118,22500,48750,8
56033,79,80,167
52185,400,500,160583
40125,1095,10000,34
779,380,395,25
38884,4095,4095,40
44947,840,840,67
85569,90,2335,197
199956,500,522,905
52293,10099,12599,18
59595,12500,12599,32
22825,1000,2199,436
40213,20470000,20470000,23
31677,39928,39928,44
12364,175,8594,3608
31676,17599,13980000,56
22833,58499,58499,1145
76681,2235,9217,62
27429,89,90,2683
42931,53,54,115
8393,24350,24350,8
169149,7500,7557,28
153617,3400,3444,51
118576,499,500,439
3167,197,199,129
200027,123200,174300,167
198317,9000,9000,5462
118280,60,64,98
54834,25053,25053,18
200788,1350,1355,153
152541,33,100,632107
196540,5969,9900000,77
192974,34,500,4268
197765,304,304,3957
192936,14495,650000,87
52250,3299,19996,75
52212,15093,29046,100
60393,99,295,34
52214,6400,74842,83
115815,39700,80287,32
178787,11894,11895,6231
5121,105094,203094,3
20544,77476,77476,16
176089,490,1190,32
5135,98,100,45
52203,9998,59499,89
52206,11999,44364,120
18286,490,490,38
189151,701,1600,9852
52216,14428,44498,124
190388,522,5000,10196
192943,40000,41900,41
38350,150000,150000,4
11418,200,300000,33
193468,47500,47500,3
52213,1498,1723,45
169952,733359,733359,86
25440,500,18016,21
11393,149,152,266
163843,7000,7000,21
201419,9964,9964,200
184345,39771,39771,4
87559,1590,1700,71
60392,1748,1900,78
31908,1500000,4950000,8
38997,1056,1057,71
173123,300,699,356
200582,1900,4891,801
160398,10,59,6244
176873,6000,6522,39
176877,9500,12412,27
192554,1500,3777,654
189153,600,3800,2344
158817,2500,2541,2
197769,1034,1503,244
154129,500,1492,516
192959,35000,6965000,76
22850,440,2050,126
38857,1798,1799,32
198313,900030,975030,12
180623,7774,7784,4
176856,7500,7500,9
89639,88,100,616
5634,3400,4999,822
113263,97,545,21332
102218,28900,40000,1851
155615,36,36,196
41166,27500,8000000,190
193959,493,494,258
40127,3000,3000,30
31893,599,880,182
158848,1500,1750,50
136708,9999,10000,290
194767,4131,4243,7932
107469,24,24,120
199947,500,515,417
199943,505,4622,372
107393,300,300,9
59231,3900,4000,23
15993,300,300,186
40072,2107,2107,108
198208,1100,2500,412
58094,600,1354,860
6373,199,205,206
24105,15,75,94
59229,300000,300000,1
142406,799,799,249
1712,216,216,22
9315,200,200,61
127840,40,90,352
186726,84,84,70
62658,505,505,62
32413,500,1349,1144
12209,1000,1000,38
132753,220,249,375
109156,645,289999,1182
29394,300000,300000,1
4374,300,1808833,34
12212,20,300000,649
13455,600,3297000,265
76089,100,499,1275
34765,297,299,110
13928,600,700,186
42994,400,1600,54
198161,500,500,22612
169675,280000,291000,23
74648,1999,1999,312
98116,980,980,33
113275,299999,299999,2
87764,2322,2748,155
59228,6015,6020,64
59232,9000,9595,29
196440,4299,4900,127
29450,294,1032,127
88532,149900,150000,64
45621,225548,225548,6
76085,725,23525,435
194822,2099,2500,17058
80591,692,865,59
198207,200,287000,275
8949,350,730,484
23848,35,35,55
2070,598,710,140
163137,2169,2169,70
178552,4300,4300,199
5526,1300,21711,112
20452,2599,5099,134
161383,133,133,339
44749,5595,5595,101
197767,699,999,15970
124441,347,1085,36201
62239,210,210,29
37252,248,249,17
163224,545,1549,1517
159792,176,276,36
163075,500,517,331
156624,11102,210002,6
45978,13074,8500000,126
36927,2000,2200,262
55982,204,5000,78
108347,9600,9600,44
31895,68890,69900,20
191513,10501,14574,457
4392,32461,79099,42
52142,4033,4033,9
40000,400,1100,17
76888,9903,9904,107
58144,865,875,222
22854,6499,9999,918
58148,1655,2499,573
3825,5999,5999,102
58143,588,700,141
58487,4550,5704,541
58093,1495,1495,164
32211,1077,1077,273
193237,19999,21394,6218
168795,10000,10000,7
168646,314,400,2812
53066,50,166,2123
45912,7000,7000,102
163388,4646,4646,44
43466,1360,1500,150
55057,24,484,32
198296,2400,5000,365
6308,4,35,1596
28464,449999,500000,109
28459,8260,8261,15
132218,900,900,11
188948,1000,1000,72
67385,200,500000000,61
191950,2586,2873,517
38823,1261,1775000,136
38834,3967,3968,39
153701,259,261,1078
153704,253,290,1694
30809,200,319,11200
62669,499,1000,276
62661,400,90228,284
20074,5000,5000,573
158839,35,35,238
29292,711,745,43
153510,12000,12146,920
199945,2299,5000,1042
23380,40000,44000,26
44269,10718,17222,12
44292,3000,4650,13
44261,20000,20048,19
44272,30000,48565,11
158927,1510,15000,58
13927,900,987,108
44288,60031,60032,8
74655,2000,2299,240
198422,410,473,131434
22844,2000,5800,10091
34748,601,889,331
173074,22705,23900,20
12224,2200,2200,391
10646,10000,15000,56
173090,18905,19900,49
173089,23014,25500,39
200025,615,720,586
173102,7980,8400,27
192941,7000,10000,706
31887,500,975,175
38432,2999,10099,905
44756,198,199,21
39343,150,2000,41158
198497,10995,11000,165
45196,400,700,137
193227,11280,11280,704
190530,20093,30092,632
200034,2496,9900,842
113574,200,200,66
38886,27706,27707,17
40150,9592,10093,122
158861,132,132,80
31896,746,900,127
5633,4758,5658,462
187702,16,53,18066
31913,19019,19519,8
191515,4200,6650,1851
114008,499,125021,14
38842,836,837,24
194008,518,524,490
158860,100,122,57
200618,77600,77600,58
136826,43000,70000,174
155618,44,60,493
25429,2504,2504,46
200633,75000,77764,234
173124,490,1000,844
76692,31695,50012,42
76696,2000,2000,26
187888,39900,40899,281
187887,36167,36600,154
136552,1500019,1500019,3
38820,6228,6228,55
39222,325,325,7
4558,300,500,73
163094,15000,15000,36
38847,500,543,16
60395,50,69,18
159850,855,855,22
57058,10029,10029,4
56203,80000,119500,7
34055,66,97,374321
155631,45,110,1335
79305,441499,441749,20
25427,66600,100000,19
130248,71299,78082,114
39218,61,61,31
76897,3062,3062,16
108305,4300,4300,483
101661,14037,15093,133
194768,8520,8596,34546
101630,9300,9999,460
31911,750,900,43
113585,1519,500000,379
4231,697,699,1649
139437,44747,45168,242
190452,1299,1299,25178
31917,87101,78000000,13
168642,490,499,50
27435,20,80,1092
76604,20030,20030,15
76538,620,6800000,84
76679,197,199,33
19264,3310,3310,77
31884,500,875,61
25454,60,95,34
79308,563060,563310,6
76580,17656,17656,9
198265,19899,20059,48
20520,33300,33466,1257
22457,15000,34999,2166
34537,11100,11132,5
187636,13559,13761,295
194733,700,900,139
168640,718,1000,1814
56196,1000,1200,11
32464,127,130,1570
79314,279102,279602,11
17011,60,11188,1223
9206,2443,2571,273
128718,51456,51457,6
38862,149,150,61
40044,7095,11297,8
79312,199564,199564,11
22849,1888,2382,81
172018,10000,13900,208
191321,1200,8000,1728
56197,800,1000,10
113530,44,44,35
76505,150,150,51
22202,89,2500,6582
22203,69900,69900,12
42408,300002,300002,2
43331,400002,400002,1
74705,2896,2898,43
24056,455,455,26
116923,62,64,87
110631,101,319,318
176876,150,175,35
154722,15,19,362668
18944,1000,1500,369
76618,887,893,49
5833,49900,50000,49
76629,10000,445070,6
76700,949,949,84
76615,7499,7499,41
71858,26735,28142,17
36928,2400,6100,316
76570,760,2242,27
71844,16200,17053,24
106867,32,35,263
168636,60000,980000,143
71869,38223,38223,90
71882,349989,349994,41
52221,2815,2816,42
76569,1550,1857,45
71860,29470,29471,17
76648,707,808,15
179003,400,400,13
52777,1602,19999,11
38854,4200,4200,22
178226,37347,37347,20
167738,45,85,28585
178127,100,100,85
43653,999,999,36
176859,55,60,186
21884,34990,50000,16154
32229,15,87,2782
13468,61997,61998,3561
32194,2746,2746,237
23439,350,547,315
110619,193,206,318
52771,4510,8445,79
172416,98,158,967
71843,113104,113104,87
186684,10075,25075,345
93351,12000,4974900,93
158789,4355,4755,16
199998,599,7299,416
168501,4597,5000000,204
136558,1374,1374,44
136557,950626,970026,25
13465,397,5500,5985
8394,6667,6667,40
52784,9905,12508,57
68784,35883,37493,46
37140,1448,2448,86
113576,287,287,27
76607,29860,514937,4
130268,2000,2000,13
130265,1999,1999,21
7074,115,151,124
71842,63353,66687,90
38995,4543,4569,28
38953,300,1007,15
11284,9800,9800,25
58274,822,825,706
152545,62,63,11167
163651,15000,15000,22
110652,1398,50099,174
163522,4995,15000,49
32212,1700,1700,205
184096,8900,12580,1469
90558,506,647,6
2744,18800,19898,10
2730,8800,9899,21
2738,8800,9898,11
2749,5800,6800,23
2735,8800,9898,14
2734,8800,9898,11
192894,198,372,6617
2728,18800,19899,11
4278,598,799,117
22840,2573,3673,699
151542,40759,49900,162
151720,2299,2299,128
43350,1074,6500,81
139436,44287,47628,130
188164,40799,44000,254
152813,3184,15000,1474
124439,1,10,148823
192728,2499,2499,13
187884,38430,38900,134
40129,19969,19969,96
52207,12560,12560,62
43127,750,2311,5101
200852,1428,1428,81
152510,310,2199,70758
71847,36652,38581,24
67438,7014,7014,311
52234,979,979,30
42225,50000,99900,674
198493,45000,55000,3519
31915,549,995,182
139310,29782,39046,227
118901,9811,9811,33
11382,74999,90000,304
25416,1098,6799,353
139270,44695,65000,109
153033,42580,42680,173
185476,450,2800,38
153710,250,251,657
139288,49000,65000,156
153711,275,700,1298
19705,23000,8500000,353
139312,33290,33797,83
87236,1250,1250,203
13422,90,1500,3070
2512,1042,1042,3030
76647,223,236,16
76510,100,100,13
185479,269999,270000,21
62272,74,75,34
104316,10000,25023,1240
71854,96205,149800,91
52117,3000,4500,40
71852,44999,149800,101
52205,5534,294800,68
89680,9788,1000000,37
163782,1500,7500000,145
71863,20082,123883,61
15872,8827,8843,135
18262,950,999,338
24060,1106,349800,29
192833,169,169,101476
141908,13543,13549,74
40152,29999,29999,45
32231,144,199,906
192901,343,966000,229
40058,8200,6750000,12
40162,39997,291000,35
76670,999,289100,37
52204,67029,294789,68
39966,702,6650000,75
76884,9997,11899,82
25744,4095,4300,4940
55984,300,300,28
19274,2454,4499,62
191512,11994,2900000,365
193379,11397,14999,4880
71836,40044,40044,40
194793,46918,67500,1078
198199,18000,35053,2911
193923,399,400,470868
33246,250000,500000,24
194575,4950,5000,203
58488,12000,41814,218
53039,10200,12000,1456
25802,6397,9900,5886
69865,69000,6500000,65
19702,13427,8500000,435
74722,493,496,28
32218,470,634,301
171348,30035,30035,2
41594,8774,19990,1584
18945,2,24,16822
4606,98,100,105
36916,1299,2500,64691
193924,51,244,1910566
3169,200,300,125
184690,14995,15095,123
159140,119,119,33
19700,19999,8500000,397
44332,251,795,860
72103,1675,2925,8267
74718,1995,2000,433
25447,299999,300000,15
52242,3499,3499,25
71879,258692,258693,212
128979,3091,7451,33
192722,2190,2190,100
199476,4777,7500,211
128713,21359,21359,11
52163,5008,11808,12
52297,100,460000,14
71849,48417,48417,112
38925,15833,15835,41
158778,119,119,55
20435,66666600,66666600,4
34754,790,5915,36
74857,1000,1000,1865
124106,8899,8900,3564
184346,16500,16501,15
40164,19981,291000,38
38868,44814,44815,41
68357,2526,2526,31
52209,690,1195,45
52750,1817,1842,305
168960,5000,1500000,13
141909,13879,19504,49
68786,31922,34660,32
38949,536,565,73
38993,2679,2679,33
38938,790,7500,26
38906,2162,2163,30
45628,740,740,23
38963,577,11500,11
200570,8887,8989,921
38771,119,120,134
38971,143,143,65
132514,17600,18599,8702
52778,11990,11990,22
38773,300,300,210
153036,39599,39698,96
40034,4609,4800,14
194785,79997,175073,680
191466,1795,2320,68026
71856,122475,128921,105
192976,27498,27498,779
132524,140000,149036,46
184347,15502,15503,20
178108,30000,37500,4
168392,41817,41817,63
172063,532,665,3419
151719,2400,2400,108
151718,2000,2442,264
200581,1323,1323,2266
5361,5001,5001,4
199982,500,503,330
197854,390,390,434
19259,7372,9987,39
76675,997,1111,62
158823,289,289,24
132185,700,700,11
192912,2494,9040,2764
79290,13690,13691,16
168654,17204,100000,779
200012,135142,137900,878
198303,895000,895000,28
193929,999,1139,5180
191326,9000,12587,569
197766,2196,2199,55683
61990,8047,8916,13
79283,33951,33951,11
109629,175,200,336
191323,13966,26000,780
194863,25076,32599,14418
201428,9900,9998,208
191501,16897,16900,1551
168417,70050,80050,969
60491,300,300,35
62270,98,98,430
136548,4995000,5000000,39
198200,39899,39899,1393
80433,1038,25000,1428
192963,22500,650000,49
139036,563,1440,3569
200053,104484,104484,295
24478,87,999999900,2300
113135,83398,85099,15
194809,69990,90000,1270
25868,169899,169899,39
20381,9500000,9500000,18
198420,2465,2465,576
4289,1,4,429281
58088,17088,19999,1713
23571,89795,118800,494
192910,501,501,1908
201725,4040,4040,1318
198508,9999,9999,314
115504,25,10900,9277
58087,12736,15037,2380
53065,5099,6399,1428
173877,135,135,39
31899,10034,25034,23
169445,10588,11249,2102
142334,1000,5000,500
115511,900,900,142
62001,199899,199900,8
153713,269,269,462
76690,648,671,18
38976,350,355,47
44456,2064,2064,209
38803,261,262,47
128559,821,824,32
52765,339,340,73
172411,200,200,46
38874,905,906,19
193559,200,5045,324
7967,2522,2651,10
38852,359,550,184
74712,304,307,335
39001,1539,1544,34
38865,3600,499999,8
38779,98,589,48
198310,398,599,107
180317,999,2700000,285
44463,5779,6219,31
200037,8459,12696,1803
22573,26,8300,12481
52758,295,6571,342
38791,197,250445,10
6043,320,1157,73
132516,7389,8880,1016
199992,500,1815,598
44455,490,490,47
168637,4799,70000,222
52746,100,1049,88
52745,125,125,59
38768,300,3999,199
50816,7545,7546,74
38804,495,495,68
76534,583,583,33
193556,9900,51590,102
38910,398,398,54
38780,400,508,157
38899,2951,2952,53
38917,1000,2042,29
192906,200,1001,1020
200030,4000,20090,153
38981,3695,3695,25
188835,400,400,128
39006,11819,450099,41
38882,927,499999,10
200778,5000,5300,62
172414,157,158,62
52766,3218,9143,274
153441,182,184,212
110638,1000,1000,25
38959,1199,1199,22
38827,96,96,22
128537,71,72,168
193249,12549,14000,11458
128551,13150,16769,23
153664,1568,2101060,72
158202,5880,5880,1013
124444,2500,2600,9196
72238,650,801,34761
38776,76,80,53
76131,2475,2519,3055
76142,4000,4300,1238
192907,680,681,1113
76139,2395,2400,2247
194010,1400,280000,1133
191469,2080,4020,54675
152615,15400,19000,493
31888,39640,50070,26
200049,172374,380593,349
76136,399,500,2777
76137,505,725,2952
76134,179,420,2502
153702,270,299,1626
24243,298,399,374
44262,10000,22016,13
44278,1896,1934,16
44280,56994,56994,10
44284,8653,8653,9
31906,700,1000,112
176860,5500,30067,18
173168,40,40,2922
151583,5000,6992,472
192859,151,200,7876
154127,409,50050,352
197852,1001,1001,509
201398,2445,2445,364
153612,3430,3500,67
176870,590,700,17
130174,295,1023,2099
36920,70,88,1216
192850,44,200,133592
198216,150,379,1690
38908,1484,1486,25
38861,808,1002,158
110642,3462,3463,54
38932,3437,6451,18
38798,239,241,80
74729,512,2500,441
172346,99,100,380
38921,25963,25965,25
128558,559,669,265
74700,78,83,73
38831,1999,4276,14
38960,300,2023,36
38777,576,1287,77
44458,1505,1505,312
74717,299,347,39
74706,4575,499998,19
38980,339,539,36
38986,855,855,73
38929,175,264,28
74725,317,10055,159
22376,35500,111098,16
38790,299,307,53
52783,5099,5499,28
128560,389,648,20
199999,504,505,299
38769,300,254999,42
74710,100,175,201
52748,2100,3704,18
38966,528,528,40
38786,360,689,30
41976,197,197,63
38781,115,116,42
38821,339,342,49
74711,442,820,23
153437,31,316,877
44470,5499,5500,32
38860,884,250441,10
201311,686,1386,1102
38964,607,607,25
38961,300,300,17
128547,4499,4654,27
38796,860,861,317
153438,950,3999,355
38833,366,366,116
153435,9,316,219
38856,1140,1140,163
199190,44848,6810000,23
198300,149899,149900,71
79011,450,2052,24592
72234,100,1975,27774
72237,74,2030,42926
44266,8088,8513,14
130219,2000,2500,64
130222,5000,7090,29
158864,127,127,46
184391,247,247,36
43000,700,777,77
200789,2451,2451,10
192709,3046,3046,10
192704,2074,2074,10
200531,1280,1485,55
23445,1399,3799,26927
71862,123524,123525,45
168641,1904,1904,226
71878,22797,22797,30
19265,2398,7534,20
43852,142,598,1663
154168,11838,12500000,46
158830,9006,10069,13
64395,10000,10000,11
130172,1540,5040,1243
191328,7722,7898,9229
128219,500,235020,3
19273,2500,51963,31
62519,38,38,35
198232,1840,8881,7067
60224,500,575,392
191476,757,758,25611
153634,10000,26152,34
132230,100000,100000,4
200807,13997,13997,19
192691,3000,3300,15
22827,5256,5528,212
3828,2796,2796,336
22834,969,973,456
112272,882,900,48
38895,4394,4396,20
74704,2270,2272,70
44466,3394,3394,21
112115,1193,1200,55
44469,514,2374,17
201313,20099,20099,377
199986,4200,10002,966
12645,13764,13764,88
38767,431,510,76
38782,199,222,262
38819,237,238,23
85568,165,2628,91
199981,560,761,1643
112093,278,285,1117
44449,377,406,71
38912,85,85,30
153480,4500,10000,200
38879,4379,4380,27
172364,93,163,81
194012,3500,10682,1521
45060,895,1281,17
38883,6722,6723,31
74726,7565,150066,47
153431,1609,4599,113
110640,3498,3499,38
38808,186,186,60
38840,8000,8000,42
38988,751,752,30
38955,120,126,87
74727,339,937,346
38888,2497,2499,56
112165,3577,3585,50
199959,523,653,409
38822,217,217,281
38807,594,594,21
168593,5484,5495,31
38814,772,299999,40
128544,9899,10499,88
38991,1000,1202,103
110639,3998,3999,42
193894,8295,9099,369
110653,2298,49998,321
38962,90,95,22
38829,246,247,318
52775,4864,8441,15
44465,850,3331,56
44815,3956,8530,26
34831,4769,9801,11
199948,500,593,755
38766,49,300,108
176810,1500,1500,5
108346,11912,3900000,219
10586,15000,15000,53
59478,70000,1499800,16
62012,769999,769999,3
151722,778,778,907
192632,90,90,40
11291,69,208,5650
194751,1665,1782,1097
192878,746,753,27041
76885,4328,4329,52
56550,10070,20080,76
168498,7800,18000,1251
151579,1598,3900000,237
76674,796,798,39
153133,2600,2600,7
132197,500000,850000,4
33569,3310,3310,6
33629,55,55,25
3171,350,350,294
25434,5400,19000,33
52194,704,6535,505
44327,283,7231,652
18285,800,800,24
2997,20,71,30801
39965,349,350,10
76519,218,346,59
154120,370,400,238
17194,75,94,44246
21023,5070,7970,655
152296,2000,10000,19
71859,29524,29524,59
23383,2000,4500,8
116170,895,895,1097
158869,150,150,28
192920,1500,31000,73
21576,20,5520,807
168828,18800,100000,7152
192933,9989,9994,40
19768,222295,949935,346
38679,10,65,4512
139417,44661,44661,190
192962,15000,33301,38
191502,400,1100000,721
54469,980,980,18
186677,100000,100000,32
192715,170,200,107
54833,40000,170000,14
39918,190,380,82
110656,2698,2700,19
38793,75,55574,159
172347,193,400,881
38968,842,865,18
128543,6994,6998,18
38794,209,209,40
82445,14900,14900,30
34207,500,5713,74
52687,372,5072,36
43987,3945,5907,30
128538,500,1179,36
38805,568,2581,23
38869,3520,3522,17
38914,936,1236,191
38838,1615,12000,60
24245,3850,50000,1384
38825,365,366,54
41401,9798,9799,14
38775,318,319,125
128539,282,284,67
153434,36,3999,123
38845,937,963,96
194015,4938,4940,4243
52779,4187,5323,17
153430,31,32,16
38850,1399,1400,14
68134,3375,3377,12
38951,1000,1204,14
74724,7637,7638,24
201316,20078,9000000,94
52774,9655,15060,31
201320,1000,3000,462
201319,22200,44400,100
74721,398,400,36
74703,1397,1398,29
38989,280,282,61
38855,12860,12860,5
38853,1713,1713,69
128542,8892,8894,64
39004,819,499999,6
43369,4499,5655,425
46098,11051,11051,14
39003,1891,1896,38
191497,6619,6622,73331
38817,10,100,1580
38846,175,1667,39
77101,5000,5820,360
193555,330090,330090,69
102351,744,744,196
38844,459,469,69
74707,95,386,1383
44457,900,1000,23
193469,5387219,5731083,14
192897,1400,1701,774
198495,7000,7000,230
22572,5000,2900000,258
19701,29900,9599999,213
19703,160000,10000000,180
191495,31395,31554,1355
192934,24900,975000,87
158212,1350,19812,144
19236,9500,39999,42
24274,188296,188296,27
62668,945,300008,306
76656,1082,1457,12
107462,500,500,9
198315,540097,540097,232
40139,2999,6198,33
161344,30009,56919,4193
52232,11646,11648,52
41380,4097,15000,44
35761,1542,1542,339
76639,1425,1500,62
127762,999401,999401,40
76886,5514,5515,23
101747,10000,10000,52
28123,8088,394100,76
29534,65614,65615,9
41333,10189,10190,19
198502,16686,19086,815
154706,4000,4999,164
53067,3824,4498,630
37156,1600,4008,106
107518,1400,1400,35
52021,300000,300000,1887
30457,585,585,10
193896,3513,3513,79
179023,75000,75000,11
153603,915,921,21
153633,500,15000,25
118631,500,500,260
159468,100,188,31
90058,401,300000,35
69839,11100,11100,3
152877,801,2681,71945
31079,3918,3918,453
22682,12500000,25000000,125
200022,10043,20002,2158
38832,560,560,85
38944,26063,26065,33
79868,74003,84504,1221
172413,175,1500,1683
38792,253,265,22
38893,6391,499999,15
59489,99800,99800,5
45197,34039,34039,6
38801,2198,2394,31
38839,93,250046,8
45056,9991,9992,22
38922,5997,5998,38
55054,14992,15400,103
38802,1521,3195,29
41611,12816,12816,65
38818,420,425,56
197856,2000,2000,1456
177661,95,150,75
38835,516,518,24
38913,12523,26181,25
201310,15099,55500,134
38948,9884,9886,31
200615,6067,8569,643
25651,9201,9201,23
38867,298,650,76
38919,7500,7500,32
44493,7459,7577,65
38918,13884,99900,13
11940,95,100,39
43107,1200,1532,2038
31912,760,900,107
198499,12225,17500,1925
193250,20584,25799,2207
39932,2250,12049,138
192977,499,600,2675
130218,500,700,1174
193895,750,1200,722
37588,9999999,9999999,2
198220,3946,10151,808
35128,199598,209595,275
11415,1000004,84000004,47
169145,398,399,101
4852,7006,7006,9
166240,999919,999919,17
5363,85000,85000,2
76685,2847,4557,55
43386,2159,2299,195
24479,18998,19000,494
169673,20273,20273,5
200838,3000,3000,182
56202,23000,24672,12
43103,744,8037,10748
112179,9876,9800000,120
139783,5000,6928,14
200575,1200,1545,1009
199346,1550,2394,30237
193242,16000,17990,1043
193934,9898,10000,9584
176087,39,39,86
193551,350,1900,17937
179985,300,300,13
25444,319,319,41
111245,100,317,80027
7191,400,500,110
132224,1500000,3250000,2
5524,543,700,1424
43521,9999,9999,4
3181,99,199,194
24406,149800,149850,2
32388,7000,7500,8788
178174,2500004,2500004,3
132191,15000,157500,2
44760,233,234,9
24189,700,900,36
52245,299,2099,56
198185,259,300,43114
198190,2499,2600,2386
52292,10501,12500,10
192917,10030,10030,97
76536,141,99800,21
23119,120,146,37
86599,39181,39181,26
163641,9995,10000,15
113273,3500,3500,3
180310,2228,2228,4
12820,6675,6678,199
41334,6400,6899,391
21546,9000,10000,2018
76522,100,246,6
23109,941,1027,15
76601,39579,279500,9
71820,115609,115609,77
76533,100,124,18
76555,100,111,24
200579,5529,15529,199
89675,119,119,46
154126,436,900,358
52722,375,9000,49004
49397,9985,9985,9
42995,944,944,42
5631,5399,5499,205
6260,1,55,165211
30512,318,318,15
129286,4658,5000000,138
25411,14000,45099,199
40155,14968,344800,78
40120,4349,4349,56
74622,25000000,25000000,2
19974,10000,10000,76
3776,4206969,4206969,61
194862,44395,44890,265
119213,7296,7296,17
537,5058,5058,9
32596,100000,115000,12
93970,150,150,157
173126,641,987000,265
199052,34999,34999,59
29740,3000,4999,7756
198211,500,1000,949
115806,173,179,109
25430,70,95,151
24035,4500,4500,49
37702,700,900,6170
108364,40865,40865,56
55985,20,25,33
100734,10399,10399,4
4357,3,30,6726
153015,943,943,42
199195,13000,13000,80
200840,25069,25069,11
90554,30000,45000,5
11414,1000,1000,9
198549,183,3598,612
32209,137,138,104
32199,1326,1396,386
32215,1381,1381,327
32203,798,798,410
46023,17742,63213,5
40202,500,19475,20
4874,89,89,137
32224,565,565,219
194725,1800,3885,130
79302,14595,17449,9
49602,2000,11097,60
140266,4500,4800,32
177843,12018,17522,40
200578,2250,2262,628
19227,190971,190972,11
140275,2600,2600,30
36810,100,170,28
169946,41805536,41805536,5
20881,63,64,55
9172,12515,12916,464
169954,1142755,1142755,109
180404,49799,9500000,84
200853,6500,6800,42
36784,9400,18899,65
200770,5500,5700,21
200851,8829,8829,12
25412,629,630,15
76621,12800,12800,56
52082,1400,1437,8
25414,89999,90000,6
62010,194999,200000,6
71840,64533,149800,47
23114,938,16700,15
23099,3242,3242,13
163155,4129,4523,101
163158,8996,8998,80
22828,1998,1999,530
192913,1210,3000,1098
106824,29,31,48
199970,65045,65045,217
23787,32500,36399,615
180882,1000000,1000000,1
192665,40042,40042,4
175962,135063,135063,1
127004,180,8900,4813
127037,50,62,2897
194792,24025,30629,663
129288,4155,5000,472
138295,5453,5536,16
62237,130404,4206969,745
136857,30091,33907,18
108349,21600,21600,70
200860,480,480,37851
43109,400,2995,29695
192926,89894,6700000,41
5432,40089,40090,16
129284,3099,3165,1955
37705,400,500,10923
45987,112530,112531,8
45862,230000,242500,9
128735,1568209,1568209,6
160330,500000,10000000,53
22375,475000,475000,7
4398,2509,2709,73
23055,6699900,6699900,3
1178,995,1000,58
3745,74397,77777700,45
46361,5095,9995,15
22373,49900,49900,444
19931,2555500,2555500,21
38266,9999999,9999999,9
155600,4400,300000,34
127839,3300,200000,97
128743,499800,499850,10
61997,90098,90099,9
172449,29898,54990,123
19276,99798,99800,9
133578,1700,1700,400
118415,2970,2970,295
193243,3846,4874,20166
115464,400097,500098,9
115470,100000,220000,44
62005,99506,100006,7
79309,29000,29500,24
193561,14950,39890,299
200029,123445,315803,857
33825,5074,6929,82
197753,253,345,26423
191360,2200,2500,644
191498,10900,11989,25391
191532,30074,30074,14
160328,2000000,2000000,5
8170,490,3095,18787
19699,30075,10000000,188
2091,341697,100000000,10
200837,5080,5080,39
19706,44998,8500000,158
67388,2000,2000,36
126934,1280,1600,196
163407,5000,5000,48
39349,267927,267927,18
38682,14,20,12452
43478,18508,18508,553
60488,2521,2521,8
198294,5998,10540,395
132220,670,671,389
52122,2500,2500,29
52148,1556,1556,4
52096,735,735,39
6038,24999,75653,77
52164,1855,1855,25
198253,8975,8975,250
191521,4864,5414,465
177025,2000,2000,65
177028,100,147,15
177026,500,706,17
188671,175,175,132
39338,582,600,11823
39341,400,400,3426
191387,5010,5499,2603
39339,1760,1760,3375
192971,98,136,4485
192972,395,415,2016
194859,7700,7720,679
198305,7900,7900,188
181246,73,73,38
62421,19999,19999,264
63388,7000,7000,169
198304,11969,12000,649
187931,43000,45197,283
198219,2099,2900,1292
187936,48998,52900,170
40035,244,2052,55
25700,1990,7500,2325
12430,97701,97701,11
162554,2519,2519,221
12431,10109,10421,13
98117,600036,600036,17
12432,50064,50064,11
110610,19,120,22142
168789,199,199,7
12433,293101,293101,14
12434,292747,292747,14
12436,12770800,12770800,4
198258,190000,200000,159
120270,10089,10089,3
192929,7076,7076,180
168755,100046,100046,1
36783,2496,3800,161
158794,89909,89909,4
5205,9301,9401,10
178107,250000,299900,22
52093,949,1068,64
52135,1247,1247,15
67252,10000002,10000002,2
49626,300000,300000,2
730,40001,40001,21
104342,32500,32500,41
105708,14218,14218,80
105717,44540,44540,40
105719,55420,55420,60
105721,150089,150089,57
105722,150090,243459,28
89679,9000,9000,8
62529,20002,20002,39
39914,1399842,1411244,7
106875,150,150,59
8391,5490,5490,12
8067,499,6969,994
24055,997,998,23
41461,3800,3800,7
12003,21809724,57408018,18
6471,298,707,1553
191504,19099,19099,151
24521,125,225,96
6317,199,782,52
194760,7500,8092,451
54634,300000,300000,2
43694,150,374,49
198218,1187,1583,518
158834,135,135,169
143853,755000,755000,12
158811,3500,6000,8
173058,1632,1632,12684
52186,990,990,37906
132229,3500,3500,5
3340,200000,200000,65
24028,6096,6097,192
52085,1000,1000,44
22837,1272,1272,293
130176,165,201,814
189543,80805,83700,3523
192656,190,190,21
13929,1800,1800,140
52121,7500,7500,164
52084,700,704,21
200825,7045,7045,15
192673,200,200,74
62526,1529,9995,48
23785,5500,5900,153
191330,1493,3099,630
198260,2239,2239,2317
198194,3659,3659,8009
162113,999999999,999999999,2
61984,1200000,1200000,3
198223,3638,3638,67
23332,10000,10000,14
192721,20000,20080,5
52249,8375,8375,28
25467,999999901,999999901,1
25466,999999901,999999901,1
40179,2096,3096,68
71850,81641,85268,80
40163,19719,19719,20
52248,1800,1801,18
52237,3040,3040,26
52231,1185,1194,51
71870,49630,52161,8
71868,18563,18563,32
43543,50002,50002,6
71875,23655,24900,14
40912,50002,50002,7
38261,20099,20099,12
192616,90099,100099,4
178131,125000,250000,10
49084,7277,7314,254
199188,8511,8511,391
139389,39000,49000,7
29567,100,190,29
29563,8000,8700,16
159756,149,149,37
3824,2200,3525,239
3829,6000,6000,61
183203,100000,299500,8
200616,16901,33301,79
83092,2262226,2268700,35
29581,2200,2300,10
200844,3800,3800,18
201165,278800,278800,4
112289,954,1177,91
151388,12990,500048,5
41602,20000,20000,51
35691,70053,70053,28
89868,2000,6500,109
77540,1032,7971,22
71817,40095,40095,45
71831,20082,20082,23
24067,119,120,45
136637,133,140,3961
192887,11500,11500,277
8959,101,4950,188
168650,12,99,19113
198162,12298,17798,10438
31886,490,900,146
192916,700,750,7412
178149,745,150099,404
37101,10,1000000,359
199058,45058,45058,172
197795,6900,6900,2858
45199,2000,2000,5
194799,22554,37650,914
191514,119995,119995,304
39685,4155450,237077725,2
32230,227,445,569
163569,35,8500,40078
76659,2698,2700,35
3177,99600,99600,18
198301,74751,79522,15
193248,22348,27550,1110
192947,49995,6940000,129
173127,1075,40032,1115
37674,233696,233696,2
200810,5000,5000,22
201046,700,1171,236
192904,2075,3900,275
199189,9040,9040,206
192911,4982,4983,499
173129,6000,6900,1068
39955,200,200,23
201409,500076,500076,128
2605,58,58,11783
197752,110,110,142150
200507,3495,3972,8350
8365,99,590,3323
158855,1348,1348,12
29539,19899,9000000,109
76688,3130,3135,61
155620,199798,199900,33
192856,365,500,13277
191322,700,6500,2150
192845,69,87,46205
108302,165,398,2078
201697,600,600,824
192852,207,220,929
5468,22500,6500000,330
194801,63995,87950,515
129158,36,79,6751
198290,4335,4335,161
44501,1000000,40500000,13
192994,63598,69098,626
113588,1029,1070,29693
197794,8198,9430,20383
198215,2500,15000,88
192973,10449,920000,104
187348,50000,50000,15
54832,300,300,21
169132,55,55,33
3403,96,97,363
188827,7734,7734,6
201698,599,599,821
191386,990,999,15222
190324,27149,30090,38631
154128,407,50008,447
124101,470,667,235241
199054,42356,46675,188
60396,69,69,58
71376,49098,49098,4
79301,78598,78599,15
71876,34895,106408,53
15415,65000,75000,303
191523,1000000,9000000,99
23426,31090,49998,1325
194680,4800,4845,1025
197736,190000,195099,464
41814,852,1500,256
196583,5645,5645,150
191399,2526,3526,1296
153566,28538,28538,13
87264,39997,39997,10
153570,28538,28538,18
16006,19172,19172,229
76506,125,130,60
119100,3841,3880,6
13456,5000,5000,558
13459,10096,26000000,20
40199,218,363,2420
106868,200,200,11
116172,1000,1000,147
109693,227,499,27820
200767,2000,2000,86
192914,7496,7500,2595
198415,6100,6886,1477
192953,44999,44999,54
21752,4388,4388,33
108978,109,1303,30
119097,3911,388737,8
94536,1500,1500,14
178175,251,254,10
52984,300,317,92603
191332,32000,43883,3172
191474,431,431,137182
116407,6800,7447,136
198255,239964,239964,177
69863,100042,300099,15
127716,2499887,2499887,2
44291,50000,766300,20
33872,900,900,22
44279,150005,150005,13
108304,6700,6769,316
108362,3099,3971,289
137557,2929,2929,83
108359,3781,3781,22
63251,4385,4385,15
184049,134999,149999,5
153700,272,320,1894
3712,460,11000,740
192660,3122,3470,12
16023,7500,7500,31
4394,1000,4800,244
77468,845,863,3141
41807,490,9000,593
200057,75015,101397,376
194569,5599,5599,1710
52233,2498,2498,53
155909,2585,4985,28
128836,2659,2659,74
198184,400,500,5962
200576,11214,11214,4651
45880,82580,85081,9
43122,1000,1125,4350
49600,30022,30022,32
198291,399896,399897,17
194812,11096,13000,386
54624,10000,10000,9
62004,240038,882540,30
11392,43,43,198
1703,231791,231791,5
36925,844,1225,133
193021,37350,240063,232
72095,4850,4850,4424
162116,999999999,999999999,1
24510,90000,90000,5
193925,3898,3898,30730
76591,120105,120106,20
112292,700,998,25
32193,3150,3214,1942
198289,11060,11060,422
52081,500,500,34
76658,5398,5449,10
54627,89000,89000,19
76687,5498,5499,22
111673,60,9000,3774
23437,698,55539,50
198268,8821,117265,67
32227,678,900,869
192970,17000,19500,365
198299,2887,28520,399
22452,483,486,6089
25649,99,240,2558
200055,159897,159900,593
192922,66505,66627,4361
79249,364,364,165
6362,10,11,589
200812,874044,875044,42
44782,90000,90000,9
200045,167200,167600,163
52229,16891,23918,6
153619,1899,3383,37
141641,3836,4421,20
176864,165,180,66
192958,66000,66667,1645
185481,169999,170000,45
185477,140000,140000,20
35788,1599,150799,2
200792,11090,11090,22
163563,4997,4997,215
52987,399,5500,18994
34843,150057,150057,11
52110,1330,2509,7
200803,5805,6305,27
76556,100,107,14
52106,1808,1808,18
76657,411,1876,38
52088,428,1562,29
74851,233,5034,118
23097,501,501,19
23113,688,688,14
52166,707,752,25
141208,1019,5750519,2
163691,395,466,52
112271,1908,2208,128
163701,30,61,44
201416,1515,1515,397
32423,600,600,1110
23945,400001,400001,1
62269,86,87,36
176858,1500000,3500000,11
151386,900000,900000,4
115012,100000,200000,6
188779,850000,900000,4
120331,358000,358000,5
198302,73999,74000,167
180353,349365,349365,1
191496,7599,8482,1034
168956,26300,26498,36
105704,4488,4488,41
179293,9500,9500,7
81197,66,66,346
168788,799,821,12
194011,29538,29538,36
191361,1900,2000,2302
177842,15000,15000,38
200052,800099,887999,131
159897,20019,20019,20
192645,980,980,2655
192935,74400,75000,390
43010,174,175,379
180329,35065,35065,1
192950,28405,30000,109
108351,78836,78836,21
200797,39950,50000,52
34220,199999,199999,19
198236,400,7500000,120
187849,30000,41197,113
194572,6900,7000,1818
192954,38599,80979,103
153618,1000,1650,39
198418,1999,2100,8867
192707,2000,2000,45
54629,93,94,96
193030,987,2500000,388
191368,39000,39696,3573
2453,97,505,22247
200801,2100,2100,80
198619,9524,4900000,131
191362,29999,35072,11028
200023,11995,11995,710
192731,345000,347505,6
60397,53,53,15
151389,9727,9777,4
141319,5064,5064,81
141318,4634,4634,79
200815,5000,5000,18
141320,4183,4183,69
151431,400000,400000,6
58866,500001,500001,4
76678,705,2685,58
198295,50000,1500000,43
169220,2100,50000,1958
193370,220,440,242096
178539,54839,54839,58
9308,9800000,9800000,40
42434,29800,29800,38
147774,10000,10000,20
7974,30,500,22191
196584,11176,17076,160
193564,200098,250000,372
108298,1100,1111,544
194870,37901,37931,78
5503,30,1800,6703
72093,90,197,50153
17197,3440,41580,559
128725,12040,13140,14
44499,390000,390000,20
22788,40000,45000,546
76653,1350,1351,38
200796,2495,2495,85
40001,3718,3718,16
35759,740,740,192
188834,478,500,38
76698,999,1000,54
40144,5267,5267,29
52223,1169,2545,25
32223,1012,1012,45
5500,600,3597,2901
40167,6897,6897,46
52086,175,175,40
24048,798,1576,36
71830,40004,40004,21
40124,15000,15000,22
158790,1599,1599,9
40102,1474,50033,24
52218,1910,2545,24
23108,250,250,71
52108,899,3428,32
71877,35040,35040,80
52227,1405,2721,6
32221,1268,1288,102
35758,2851,2900,341
199939,6000,6000,127
40122,1264,1365,23
40160,9800,9800,20
24033,990,990,29
76890,3137,3137,25
52225,1000,1649,14
76558,138,140,13
35760,1868,1868,178
32196,2399,2449,120
71880,170089,170089,18
151585,5684,5684,30
32225,4568,4599,199
52111,926,2509,8
40141,19193,19193,52
76545,200,200,15
76673,2898,2899,19
108361,23557,23557,198
71883,222200,250000,59
71841,80477,80478,28
163083,6000,6000,106
200571,37600,42000,280
192851,338,470,55506
192895,139,5500,2588
200304,100,17092,223
19261,3563,4337,27
62011,109999,110000,10
76573,19600,19600,13
193931,1200,3086,4953
193926,5500,7500,2016
153606,24124,119511,34
193945,1010,9900,5182
5530,9999998,9999998,38
44464,2500,500001,3
42456,500002,500002,1
192965,38900,6400000,38
18236,39999,40000,5
112282,745,961,52
29575,400011,400011,5
19774,2000000,2000000,12
152503,840,1329,706
200783,2580,2580,31
200619,5000000,13000000,53
14342,28350,28369,1261
201820,4100,4100,170
41098,50076,50076,1
192918,22662,23488,106
34113,11574,14999,469
173937,20040,46800,88
184051,80110,89011,5
52192,2196,3030,644
173108,1400,2900,3202
14048,88,399,57096
173110,600,1444,3137
200574,2500,3348,43
76554,299,99800,31
176391,200000,200000,40
155593,300,567,160
198174,499,499,179
65512,999999900,999999900,1
187594,684942,684942,18
194797,7900,8713,512
179273,75000,200000,20
36934,1999,9626,473
159464,318,375,119
184392,250,307,10
724,1600,2322,192
79296,250000,250000,14
62014,595000,595000,17
176392,77,190,83
173362,22200,100000,151
9210,14555,14555,181
13445,2500,2500,24
65892,422000,422000,47
112111,400001,450001,20
8173,40,91,83
128736,170185,170186,21
128744,187452,187452,6
128728,19558,20308,10
128717,89079,99782,6
128741,249999,375000,6
128716,112917,112917,8
128722,148849,437847,6
128723,10052,12460,16
76636,475,2094,53
128726,20001,20001,13
128719,250082,250082,8
4779,300000,430679,5
132225,2000,2100,9
45909,33380,44180,11
22823,1034,9999,156
192718,2200,2500,46
39916,814054,814054,4
1399,1999900,1999900,11
30509,499900,499900,2
2934,100,125,445
112181,425,500,103
193552,7995,8899,89
153134,630005,630005,5
76540,100,199,202
22835,7959,7959,26
194071,299999952,299999952,1
180405,1499,1749,16
11184,100,442,599
40098,5510,299800,22
183110,90000,100000,18
176887,147051,147051,1
180622,50075,50075,1
11186,215,216,286
11391,116,118,269
88156,249938,299938,18
41451,999999,999999,5
117457,2000,4443,27
185739,3800090,3800090,2
40171,11100,11100,25
168812,10035,24835,5
88158,99951,99951,17
88154,99938,99938,26
29449,10,1000,697
18567,299,299,582
186661,1500050,1500050,1
3391,818,1999,4144
186982,1100,25500,51
185970,50000095,50000095,8
132526,30081,45498,14
19269,2523,4075,26
6455,39602,39900,32
45622,1450000,1450000,4
42461,931225,931225,3
67486,300000,300000,1
41530,200000,200000,1
41096,5000000,5000000,1
41541,800000,800000,2
44754,700,790,12
47831,75,75,35
43116,1099,1699,3291
76532,998,1049,23
43118,1800,1800,3643
43126,300,475,3675
136633,250,750,763
109153,788,17000,874
25453,88,100,32
32217,2868,15000,750
45201,100063,100063,4
45202,8800,9900,8
56051,550,25300,4
109135,136,17800,2167
158189,26,110,21751
4460,79,150040,10
140206,300018,300018,6
36814,120,120,100
188792,400,500,29
23104,141,141,55
29562,300000,300000,4
192689,29900,29900,7
185480,10095,10095,9
137644,210621101,210621101,2
188946,14000,14000,17
63273,500,500,99
134054,240000,240000,3
63318,499901,499901,3
19938,130000,130000,6
4867,88888,190099,11
141640,5179,5179,100
94645,168900,199900,42
39219,500,500,13
4233,1599,2000,679
23782,7125,9907,595
41437,10000,12499,24
63296,38801,38801,35
155609,100,300,210
151393,9900,300000,7
201408,4036,4036,532
74833,400,499,799
158819,100000,300000,7
198279,4680,5300,160
187180,81000,90000,19
185483,12000000,12000000,2
180055,500,500,2326
178535,3500000,10000000,155
54837,100,1200,34
3826,849,884,3896
158838,30000,37510,11
11417,300,400,7
44128,11168,12860,1644
79257,100,100,24
129034,2183,2183,7212
159875,2500,5000,59
24053,1093,1296,119
79298,494449,494449,17
62520,50000,50000,137
111667,1289,1289,652
92741,619800,1000000,131
155810,12592,500051,31
88157,499951,499951,10
159900,30519,30519,24
36813,100,100,117
52131,9749,9749,15
52152,2425,2425,9
34907,59280,1000000,74
52143,4222,4225,14
116409,2000,11500,269
116405,11650,17525,505
23117,200,300,347
63271,99977,99977,31
10559,80,633,890
39942,558,775,15
39948,500,525,39
63272,6001,6001,46
76520,300,300,41
52130,12052,1000000,3
175056,7500,7500,99
52126,285,300,32
198505,17990,29890,2343
5082,100016,100016,32
52094,545,586,31
162027,9000,9000,263
62276,632,632,25
115512,10000,19804,29
200817,12898,12899,181
25421,398,398,81
29448,10055,10055,14
54628,700,701,7
28059,100,100,5
28058,100,100,18
9261,4999,4999,53
60493,2500,2500,12
27443,2500,3500,5
24232,15023,15023,4
44761,150000,150000,3
163700,100,292,34
43329,2300000,3400049,8
20419,1001,1001,2
20418,300000,300000,1
11022,1098,1099,52
79291,132920,134421,18
11387,1000,1000,6
179006,490,490,13
166288,477718,477718,4
87530,1500,3000,108
39910,450,450,43
3301,89,199,67
39569,1018,1018,7
52219,1000,1202,73
178103,80026,80026,78
1696,69,75,35
158936,3913,10000,5
41593,5499,5748,1985
153597,9589,12500,824
158770,1800,10469,4
32222,990,990,239
113992,760,760,92
52247,1395,1401,61
169143,44400,44400,6
52208,896,1630,48
40037,3785,4043,34
52222,1290,2508,32
24404,10833,10933,3
18631,4900,4900,2
173099,9004,9004,7
24405,3899,3899,24
154121,350,499,1203
154123,419,493,1112
154125,361,510,1170
68356,1440,1450,31
52193,1069,6535,696
192655,250,260,91
12810,1929,1936,6993
52125,1320,1506,20
90557,1403559,1403559,2
4470,7,106,105192
62370,88883,88884,8
52239,1711,2061,50
153703,279,295,888
40048,3693,15000,35
105701,5910,5910,54
62008,38399,38399,7
198280,5099,5099,171
13453,1200,1300,125
23978,1510,1510,18
15410,190,700,5637
76550,100,100,173
198221,13499,13499,178
34825,40000,40000,5
194566,6500,6500,2340
76616,1165,1165,20
76581,20000,20000,4
76574,34400,34700,6
76605,299999,300000,5
34824,99999,99999,2
163411,3640,3640,67
163154,4047,4047,54
89678,439,439,50
163151,2722,2722,53
112280,891,928,25
21222,1000,150098,936
112285,887,892,83
68140,3000,10079,94
112286,1404,1462,89
18294,1055,1899,224
179016,823340,823340,21
200850,250061,250061,30
24036,4085,4085,46
32206,720,720,154
58489,5193,5500,1300
52132,118259,118260,6
74856,800,8400,2410
194802,23910,49999,665
39690,4445,4749,2033
175052,7500,7500,20
151651,9800,9999,11
45980,48002,48002,2
13755,3399,4999,2330
39935,268,268,9
41460,3021,3021,9
3108,300000,50000001,7
23772,10001,10001,401
10513,25001,25001,1939
10512,100001,100001,1601
107392,88,93,33
5140,200001,250001,81
200784,19000,19000,53
23977,10008,10008,13
183209,4900,6900,7
31918,1000074,1499874,5
25432,250,300,42
192706,2229,2229,413
60390,30000,30000,14
200533,25000,100000,5
2460,3390,3700,1501
23105,251,251,14
200821,6800,6800,22
31894,864,900,236
191524,11000,11975,2006
35948,11,23,481
11939,192,192,24
182707,218308,218308,4
178017,4000,4499,12
201413,10079,10079,538
23784,2150,2730,209
188762,685021,690021,36
129287,9301,9301,27
182709,75071,75071,3
198436,4487,4498,36
6444,50000,50000,264
97546,919,7500,138
113911,500015,500015,2
158744,1400,1400,6
163104,347438605,347438605,4
113909,10000015,10000015,2
178106,90,100,41
160560,111102,111102,5
25431,244,244,9
56055,50013,50013,1
192726,20000,20000,95
95373,50000,60000,441
62275,150,150,20
22842,8043,3400000,293
22847,9900,40000,124
45879,200000,200000,5
101662,4999,12295,42
52238,1198,294800,25
71829,78677,82819,16
113139,299950,15000051,8
76524,162,346,72
113142,225000,299900,15
76548,339,99800,21
76561,175,302,42
200833,150000,150000,24
44078,10889,10998,3
41447,123,124,13
21571,89,89,115
32727,100,25000,31
5051,264,269,27
201404,43235,87000,24527
167043,9900,9900,59
117441,1200,2000,19
151444,10096,19796,5
23118,399,399,59
192835,600,873,3992
136554,27200,27235,17
192729,8500,9999,81
65893,449996,449997,110
201191,17500000,17500000,2
57067,100016,200008,2
33576,99,99,21
52114,436,493,37
39969,67964,67964,35
31889,90008,100009,13
20513,24998,25000,13
8924,80000001,80000001,1
8923,79500001,79500001,3
76610,35287,35287,26
6950,18396841,18396841,7
2930,95000001,95000001,13
16583,90000038,90000038,1
4556,55,55,33
172451,38,60,234
4404,545,9000,6678
76660,1900,1900,6
43106,900,1000,6533
44088,100009,100009,1
76668,700,5000,15
31885,349999,350000,11
41586,3019,3706,27
3179,50,300000,11
25441,150018,200018,7
27656,95003,95003,25
182120,120022,475222,7
76701,124,1499,19
39209,119,119,92
200814,2926,2926,15
200841,2000,3500,222
76560,1068,149800,50
184100,6000,6000,259
76571,8686,8686,6
184097,4408,4408,158
76529,160,256,10
76544,285,300,9
36816,124,124,27
76613,66790,66791,5
187842,1850,7000000,770
176875,100000,110000,8
69841,1600002,1600002,1
159847,8998,15000,47
32601,5000,8024,667
136566,900,900,24
52147,9120,29900,3
12644,100,240,6012
179026,89000,92776,4
158203,1350,1350,27
79310,64205,64205,12
112279,6840,6840,80
62340,15029,15029,4
25442,2500,2500,18
83065,8005,8005,15
52179,269,450,820
18237,9900,9999,27
52235,3597,7438,41
46703,100000,100000,3
191324,10064,10065,258
191325,1293,2400,660
52170,521,602,24
44765,5000,5000,1
52162,599998,599998,2
52161,3400,3400,10
52160,15100,15100,9
44764,900000,900000,7
52156,600,600,4
40115,12496,12497,17
40095,1600,2287,29
40090,2661,2801,12
40055,898,1396,6
40052,1414,15000,30
40010,3900,3900,14
200827,5995,6060,33
52102,1064,1144,32
41467,344,369,10
76579,2500,2500,14
76691,998,1000,25
191327,29900,45500,70
183599,1501,6081,4
198437,7200,7500,37
180059,7500,10001,138
44781,3094,3094,43
109155,845,491000,858
4402,6400,7900,103
153632,803,10000,17
4339,200,250,6495
132217,799,883,57
52226,1150,1155,78
6714,25,125025,19
42780,100,515,60130
181388,4500,5000,17
140568,35425,35427,12
40051,1402,10801,6
71873,39992,39992,27
13510,69085,70085,396
13512,47999,49892,235
70139,26316,148900,16
6470,113,1500,2199
108336,100,225,1764
56201,311803,311804,9
62521,9990,9999,92
109991,65,100,7212
178252,779,819,88
22866,5050,5077,1285
18225,8811,9075,5
43394,5499,5656,330
129018,43887,43887,333
44089,22000,1500000,3
18562,2700,2999,512
36811,297,297,68
108649,40088,88899,9
52083,1329,1329,21
54291,10018,50018,6
52087,596,696,42
24032,2277,2277,45
40038,1813,3898,14
32598,2500,2719,1115
32599,115000,1000000,17
158756,2297,2297,14
41337,15,15,48
40145,1549,4549,25
89676,9554,9576,15
62663,1399,1399,36
128721,299999,300000,4
66949,222290,285040,2
44156,19510,29910,17
44263,480054,480054,1
41479,5000,5000,5
200282,300000,300000,26
79293,121345,121345,19
44752,621,621,18
63025,100065,100065,6
147776,1500000,7000000,244
124661,3500,7000000,95
62017,339999,339999,2
157798,201897,247457,12
132528,40000,44999,8
168792,200,150100,8
111652,58,165,598
133553,1500000,4750000,6
32597,115030,115035,7
173080,9500,12900,15
38264,250015,250015,1
18253,5000,16000000,60
19279,5258,5359,20
49624,458740,458740,2
191507,43900,43900,864
178134,3500,3500,16
29800,7000,2600000,26
175960,70,285,12
783,292,1500,1450
85221,4225,9335,135
112284,7840,175000,52
29560,10000,155000,4
5374,33350,33350,3
52296,4999,4999,37
44289,64319,64319,19
2290,33,36,257
180377,290047,290059,10
152564,2898,2999,830
197764,1000,1260,73310
59479,71100,1499800,17
38698,1200,1200,36
194814,10576,17746,442
89326,9999,9999,30
65365,5899,6999,4658
40919,3796,3834,426
23386,138,138,22
44922,2499,2500,448
120959,2000,4622,893
128999,27800,27800,11
188795,180000,180000,10
71865,12771,12771,39
52168,251,10051,9
33042,1798,1798,393
119094,13195,13601,8
19975,105431,105431,13
38943,164095,339918,28
38998,99800,99800,25
38877,65409,65411,32
174282,15053,15053,122
187933,31884,35562,164
62523,9879,9879,7
44755,278,283,84
11394,245,271,365
52175,5000,6000,10
729,9999900,9999900,1
76599,9496,9496,5
197751,43,43,61561
3702,10000,80000,11
200820,15000,20000,223
179300,10000000,25050000,3
182714,500,600,20
120333,4969,5969,2
1475,7500,7500,275
200799,1900,1900,145
153666,5000,5000,146
200764,1444,1444,50
159791,1000,1060,180
71871,37944,37944,36
41474,20000,55261,5
71846,55480,55480,16
201813,10019,10019,86
180409,7779,7779,13
198440,27192,27192,106
162029,6999,7000,332
42459,1404,6500,112
40113,10000,10000,60
192693,3088,3088,1
79303,30091,30091,7
67444,500000,2749950,2
194811,13500,14000,231
4406,3500,6000,666
127760,300000,1582100,17
10548,4300,4606,27
19234,2200,5170,11
38518,19998,19999,71
40119,3999,4998,50
40111,6500,197500,45
24273,93294,93296,36
40177,11991,11991,81
24051,933,933,202
194790,22200,33525,555
194815,14990,19800,472
113278,2500000,4500000,3
139785,842570000,842570000,1
118592,9702,9702,3
119099,10100,10656,5
12804,9775,15098,2815
76643,3571,3798,20
76663,2372,2600,35
33575,59900,300000,133
130220,6000,6500,41
76630,7497,7499,46
76633,7499,7499,153
2799,59,9500,4245
136544,23050,23050,7
27729,464234,464234,4
29570,75000,300000,22
198240,1134,2200,239
162551,2000000,2000000,1
76623,42588,42588,5
76557,349,349,14
200765,90000,90000,20
76609,34999,34999,4
109120,10000,10000,82
134049,80001,80001,2
134053,352777,352777,2
770,8800,8800,12
134052,100000,101897,2
183208,19000,19000,3
179297,650053,650053,4
176867,22000,22000,39
76682,1908,2005,37
2515,100,100,11071
77264,1000001,1000001,4
163642,25000,25000,1
182760,6465,6465,2
173912,100044,100044,1
90556,50000,1111100,3
143588,72500,75000,73
41511,800,820,3675
43115,470,9000,1708
22861,7199,7199,454
20871,2450,2500,51
198536,7550,26382,852
59491,2552,2552,214
184340,310500,310500,1
41163,11500,12000,841
30815,7500,7500,20
139348,49570,55000,155
8172,776,777,507
23938,1595,1595,26
43334,4498,6500,130
201192,44400,44400,9
140630,66975,75000,64
190378,4935,10150,125
201221,38950,38950,8
201220,289999,290000,7
49253,100000,100000,20
24281,10000,10000,3
163548,794,794,21
79300,99098,99849,10
29536,240099,244498,7
200782,8700,8700,90
79294,1500000,4250000,4
79297,1500000,4250000,4
183963,139322,319722,4
141209,500088,500088,1
151580,6499,6499,343
4341,16,1002,10846
16204,63,200,6222
40214,40334,40334,12
21569,357200,357200,48
32409,189999,200000,12
128715,499999,500000,3
71825,70078,70079,71
127761,749900,749900,11
61998,19000,20800,24
5373,125500,125500,5
28363,29122,29122,12
61999,28011,28011,27
9357,19648713,19648713,3
83064,325,325,865
4371,325,600,309
63274,18839,18839,37
39964,999999,999999,2
39963,1000013,1000013,1
41491,1000013,1000013,1
39960,1000013,1000013,1
39999,1000018,1000018,1
40053,999999,1000000,4
40029,822590,822591,5
39940,500,500,32
39944,1000013,1000013,1
32833,500,500,91
52300,30037,42637,31
39906,1500000,4250000,2
136376,329819,329819,2
160942,5500050,5500050,4
37147,1559,1810,36
37145,3724,3724,22
128720,234587,235088,15
126935,7599,7599,79
52986,1067,5400,27381
201415,1998,2382,225
43120,1698,14400,2684
163391,5000,5000,87
27663,220,220,142
191861,10000,13000,174
191864,100000,120000,34
194795,8900,11699,291
194794,9500,12182,597
6291,1,54,2505
116812,2499900,2499900,2
187850,24500,24500,97
79311,99039,99540,9
53063,282,284,382
139890,130056,135056,110
127737,3399890,3399890,3
20816,3400,490000,1688
20817,1400,1500,319
10918,7491,7491,22
3730,43,100,1158
168189,385,524,780
29112,77626,118599,16
63291,500,1095,58
63313,69901,69901,38
2880,8,8,7923
3387,5200,5200,78
32758,121450,121450,1
194796,8800,8997,458
194800,8400,8500,344
32220,878,989,588
180058,2900,2900,7340
180057,4300,4300,4271
104126,6095,6500,172
25867,35013,41127,77
76531,233,233,22
63691,100002,100002,25
168959,20007,25007,22
52174,299897,299898,8
76628,7400,7400,17
52176,900,900,13
25893,95091,95092,29
203652,6002,6002,155
198487,85,120,128462
42701,440,3814,11
20531,2405,2405,30
192834,1425,2703,1579
76577,336882,336883,3
177840,35868,35868,25
176886,7000000,7000000,3
80588,3950,6500,109
40169,4200,4200,32
40168,1505,2106,46
40149,10402,10402,30
40147,9065,9065,67
40130,9994,9994,153
40116,19435,19437,39
5566,22500,100000,6
41335,6582,6582,11
40105,5052,5052,8
40089,5991,5991,10
40059,2158,2459,15
40039,299,1818,10
40016,1499,1499,12
40013,1999,1999,13
39998,2074,2175,47
41376,13501,17501,21
7071,500,500,12
41285,13500,15000,17
193943,66600,122200,42
40154,7151,7527,10
40153,25000,25000,40
41486,12057,12057,5
4775,101,101,84
112283,6821,6821,35
112276,7340,7340,55
33549,77,77,83
40025,1068,6083,11
40173,3995,3995,41
41382,16595,20096,12
176865,50000,50000,432
176086,154,155,184
54849,999,1200,4718
17222,75,75,185
25897,61760,61762,12
169456,2282,2432,291
90552,76201,76201,2
52138,4299,4299,6
9088,10000,10000,34
13511,40900,40998,1264
191505,5021,14921,151
54623,2001,2001,12
10546,4875,4875,38
22845,17457,39900,96
23448,13997,17500,2448
29548,9000,19051,466
61981,630,632,9491
4555,1783,200000,287
25437,2628,15066,9
56151,300000,300000,1
173908,300000,300000,1
158736,10000,80000,5
11285,300000,300000,1
62274,100,100,9
147870,245,300000,328
180624,249999,300000,44
151392,100000,300000,3
36788,300000,300000,1
107528,149,3500,79
6445,1218,1218,32
201163,300000,300000,1
33639,1000,1000,4
112180,2200,2500,85
119095,200026,200026,4
200532,900,1500,13
8171,350,1950,9509
194816,13800,14000,304
29564,300000,300000,1
32714,10000,900000,4
1222,300000,300000,22
8069,300000,300000,201
163917,219500,259750,2
11410,300000,300000,1
5329,2000,2500,23
107472,3000,300000,28
10839,300000,300000,3
180475,290000,290000,4
120274,89695,89695,8
44753,300000,300000,3
54626,300000,300000,1
176855,299999,300000,7
5122,300000,300000,1
182715,678,800,4
168797,523,523,11
172146,300000,300000,1
28061,300000,300000,1
42735,300000,300000,1
36805,300000,300000,1
130264,600,600,11
62771,300000,300000,5
183204,2989,4048,7
108360,1156,1255,386
138875,171,30040,325
163399,2909,2909,19
163157,1890,1891,41
163709,2309,2309,1
38939,38696,38698,23
62770,6089017,6089017,9
201832,3592,3699,135
41165,299999,299999,8
41106,150000,225000,2
7073,100,100,26
42411,300000,300000,1
4880,300000,300000,1
188760,9900,9900,12
46002,7323,7323,22
62524,300000,300000,1
67407,3711,300000,7
182733,1995,1995,62
57066,297,297,77
11384,100,300,73
3402,300000,300000,1
54819,300000,300000,1
62527,299999,300000,3
62435,7006,8007,27
62535,300000,300000,1
46001,37080,37080,6
188791,12500,15031,10
39570,300000,300000,5
62341,20000,20000,14
4557,200,350,8
3030,49900,50000,4010
76575,7499,167422,13
101750,50000,50000,20
13466,1034,5550,5383
15409,50000,50000,87
46368,3705,3705,1
33092,15027,15628,61
163911,300000,379178,2
188811,1900,2000,16
17034,19500,19500,33
179294,300000,300000,1
3033,2500,2500,2785
190235,10000,349125,8
20540,550020,550020,12
90553,300000,300000,5
56190,300000,300000,1
103795,1410,1410,15
25409,5000,7522,126
8836,66549,66550,594
92550,449999,449999,5
42930,2363,2363,10
180332,300000,300000,1
1702,299999,300000,30
89512,599,150299,2
33638,500,500,11
4875,300000,300000,1
5137,15000,155156,34
55976,2000,2000,3
85687,300000,300000,1
56160,19509,75935,4
188790,79999,100000,21
54620,250000,250000,21
201180,300000,300000,1
42907,300000,300000,1
188794,4327,137163,10
178123,32901,32901,6
183945,12500,156250,2
5263,1225,2226,24
39340,1000,2481,1429
43522,300000,300000,1
42749,200000,250000,2
60743,800,800,6
29579,300000,300000,1
178113,1169,250000,126
158856,17500,158750,2
2608,300000,300000,18
45745,300000,300000,1
2295,90,99,51
24231,5534,7834,50
188681,7211,250000,17
5125,7894,153947,2
132240,300000,300000,1
2516,300000,300000,5864
179004,300000,300000,3
4588,300000,300000,1
201182,300000,300000,1
62512,9918,9918,4
44757,804,805,10
178104,47,47,116
4459,300000,300000,1
21714,15000,15000,5
35314,300000,300000,1
108980,49999,50000,37
161053,99,300,3452
52157,44544,1000000,3
52139,10070,10072,8
52149,3651468,3651468,1
36782,448,5000,1216
153613,1055,10000,19
5114,1000,100000,122
55983,519,10080,5
163918,300000,300000,1
15997,300000,300000,1
3401,99,99,92
187711,50000,50000,6
62273,4499,4500,64
179005,26326,250000,5
119102,2744,2800,7
43658,51920,51920,22
38584,30000,30000,9
42909,300000,300000,1
162681,300000,300000,1
184309,300000,300000,1
39353,2500,151250,2
4813,100000,300000,3
56034,4199,4199,9
152099,500,150250,2
4787,124,125,154
97622,199,549,3251
38260,2000,2000,3
62391,2724,53251,12
18042,300000,300000,1
57062,250025,300000,5
180881,300000,300000,5
43087,1000,2000,31
27501,2116,9359,169
24516,300000,300000,1
158872,299999,300000,3
67403,7499,53750,6
44767,300000,300000,1
11403,1800,1800,8
62328,100,100,23
6298,300000,300000,1
21716,15000,15000,5
21718,15000,15000,5
127368,17500,17500,4
128550,99900,114515,34
76652,7301,7302,22
45979,218613,218613,1
56239,2000007,2000007,3
8845,4273,8999,2825
128991,500081,500081,5
128990,54079,54079,6
120329,9901,29951,2
183109,7000085,7000085,10
192657,240,244,126
62279,82517,82517,5
62278,14934,14934,1
57059,154,154,19
43422,67000,67000,2
41533,150092,333892,5
67483,285002,285002,1
41540,82050,82050,5
42961,434250,434250,1
2886,800,800,57
136549,1000000,1000000,18
195456,5750,5750,153
180307,8500,8500,4
176869,27400,27400,81
32200,328,328,93
177841,31900,31900,55
129021,62000,75000,109
56200,1500000,2400000,11
27515,7497,49000,755
151394,20000,20000,10
4391,5000,5000,3
151390,5067,5067,4
140299,5706,5706,363
34860,50000,50000,24
136571,241768212,241768212,3
153609,8684,8684,57
6316,1200,1200,78
89893,1755,1980,215
22851,2000,2100,250
32686,18564,18564,50
76587,24949,24949,6
194784,85,85,50909
197768,7884,8001,536
158781,56018,56018,5
163053,2000,2000,11
136572,107169385,107169385,2
82450,1900,2000,619
136574,1000032,25000032,5
142262,325000,325000,25
79286,102884,108300,22
163581,166450,166450,1
198043,2547,3847,13
162111,39810922,39810922,1
129285,7600,9000,102
76508,200,346,54
39979,1175,1175,17
76512,202,4298,22
76566,649,649,37
64670,10,424,7038
46003,99099,99099,10
4960,999999,999999,24
178544,999999999,999999999,4
11390,83761,83761,2
13546,200,1490000,3
192844,39,400,35464
62018,1499500,1500000,6
40084,9999901,9999901,1
18594,3300,3300,19
22797,1357629,1357629,3
35794,4500,4500,44
41802,8999,8999,704
200016,195000,240000,406
39947,500,500,46
193964,240,340,5848
76894,4209,5597,31
76651,1752,269700,26
24054,913,914,41
3466,34,34,28984
76559,251,264,15
39920,379304,379305,3
4421,59677242,59677242,1
40085,499999,499999,2
45882,607060,607060,2
193941,2499,2499,233
39686,150000000,272806846,2
162545,10000,10000,10
44777,42880050,42880050,5
44776,22568,22568,4
192837,49,594,4106
180429,559973399,999999999,5
41398,199917,199918,18
171195,16195,16195,69
20416,475314,475314,2
5784,111,112,2073
61995,8000,9000,16
153192,1999,1999,245
22848,7033,7033,463
32205,500,619,361
79299,111806,111806,16
38890,87964,87966,26
71839,28405,29900,8
44155,14114,14114,6
45883,130049,138750,12
114931,319,338,196896
198044,700,700,134
71848,28030,28032,63
163639,9700,5273730,4
163638,9495,9500,12
22838,4095,5999,1084
139346,3371335,3371335,1
127763,10455328,10455328,2
37253,779139,779139,6
136565,20309762,20309762,1
40043,30390,32329,4
20857,3029626,3029626,1
179017,680413,680413,1
40049,15000,15000,10
32226,263,263,181
133579,7900,7900,186
198614,27900,35900,2077
28060,40000,40000,70
32773,25555501,25555501,4
23988,62006,62006,2
17344,4500,200000,6
46000,50001,50001,3
188947,52500,57500,5
20420,300000,300000,3
52124,875,940,9
142101,16000073,16000073,5
71866,45285,45285,19
4367,1700,3673,536
200804,3065,3065,56
178534,12000019,12000019,20
76680,3349,3350,36
53071,68,8999,1007
76583,5050,5050,7
77544,4142,549800,18
39900,200,200,29
39911,15000,757500,2
42996,15919,15919,40
53070,95,9000,2380
21030,9817524,9817524,1
124116,4700,25000,577
61993,10000,21362,4
67280,1310696,1310696,10
140321,1977202,1977202,10
732,6969,6969,5
2893,69669,69669,11
1274,122000,122000,8
192714,1000070,1000070,1
71837,39660,39660,28
71835,160012,174025,15
128729,252297,252297,11
18254,910,911,406
38946,209985,209991,57
40217,8100,1000000,49
71832,163139,163140,30
71874,25050,77250,17
18283,300000,300000,8
71823,35000,35000,59
108309,11000,11000,49
76584,350066,350066,3
40032,9000,451968,10
153604,10000,12500,11
153610,2611,13682,62
41480,1871857,1871857,3
124436,1000,2400,148
153623,7969,8969,34
5136,1000,1003,24
13888,1425,1650,469
153625,10000,22500,33
115813,99995,99996,9
128742,187094,187594,10
56968,15505,15505,25
169115,19000,19000,1
62006,16653,16653,20
62530,2854,2854,27
35557,8500,8500,67
71827,30999,30999,32
71834,40008,40008,31
39975,2650,2789,21
56238,25000003,25000003,1
159898,4000,4000,14
41481,499299,499300,3
4580,644005,644005,1
153665,52500,54998,168
152495,216,216,1078
44958,4004,4004,137
128730,100096,100098,5
39945,100,100,27
128727,170222,170722,3
35501,52714,52714,30
112287,8900,9000,22
41445,38756,38756,6
23101,1189,150000,45
179278,2243,3300,72
169118,1500000,7000000,21
4382,1200,1500,71
200774,10000,10000,8
187823,26400,28899,11
41432,1350,1350,24
71853,78314,78315,41
200829,399806,399906,140
24039,1400,1400,5
10450,500000,500000,40
52302,10534,16734,18
71838,42637,42637,39
41452,1124925,1124925,2
13159,4500,5001,21
40771,3077,7777,145
200819,879,879,31
186725,107469,5000001,478
71826,30061,30061,45
71855,32915,32915,68
194754,47000,47000,150
153624,4400,4900,36
173056,1696,1696,17001
87232,10000,10000,204
5480,740,740,421
41495,1080,500540,4
59480,80000,80000,87
193963,252,252,4005
179289,250033,250033,5
200818,6000,6099,59
200264,300000,310300,3
192883,2300,2399,419
44076,55599,199999,3
44084,10999,132620,4
39936,300,279015,4
178548,7500029,7500029,1
71824,126104,132742,76
201205,123399,123399,3
201203,200099,200099,1
90044,420069,555501,13
133589,69998,69999,514
33093,2300,5000000,141
198210,799,2299,103
156627,80000000,80000000,1
74864,744,330000,3776
41385,40000,40000,6
19231,4999,8949,15
76620,39890,39890,49
144397,1500000,1500000,12
127845,2482,1963237,185
176883,2000,2000,5
71864,79899,79900,82
176881,2000,2000,20
76595,9999,50000,50
178177,4000000,4000000,1
9030,1150000,1150000,37
40215,19000,8650000,66
30355,329578,329578,5
52236,660,710,41
52246,13500,13524,68
52298,19541,25042,40
134048,800001,800001,7
169674,6145,80000,179
42912,100002,100002,1
28053,10000,10000,1000
76541,388,388,24
35707,769,810,14
71819,44994,44994,28
76649,1753,100000,9
136551,14099,14099,24
17708,7229,7229,4
32836,8799,49726,8
153615,9500,24582,39
158820,9999,10000,5
23987,2500,2500,6
43104,1200,9000,4603
19262,7725,7725,19
2324,44,1845,4256
184343,26803,26803,5
158844,119082,119082,1
23819,6540,6541,53
198241,7998,7998,191
200824,6700,6800,105
130177,215,277,1433
193962,2549,40000,735
39512,109,110,273
52230,12525,12526,32
194578,7094,7094,996
24065,533,175166,18
8368,199900,199900,8
15422,200008,200008,4
31868,192,196,29
200805,9460,9465,8
61991,18500,19152,19
52151,35000,35000,6
40050,1489,1489,23
39982,1895,1895,7
128997,17499,17500,6
5474,3000,3000,115
168315,29588,29588,18
158818,12588,20088,5
201219,322904,322904,8
62016,56214,57214,9
141446,1052,4007,224
173070,8138,22275,34
76632,14929,507464,4
10841,30094,30094,10
173093,18050,28748,31
18512,149999,3575000,4
130201,1500,1500,5
32948,370000,370000,10
17198,3100,3100,109
54747,100008,100008,10
52301,22500,26250,10
52289,13040,1000000,9
16170,2000,2000,55
127681,99,375,198
60336,10001,50001,13
158792,3400000,3500000,5
76655,1500000,6930000,4
163387,4900,4950,2
58260,2000,25063124,524
29111,3140401,3140401,2
29110,2067390,2067390,1
23094,461,526,16
5568,999901,999901,91
2947,999901,999901,97
76593,7499,21606,9
33856,2343201,2343201,2
3390,1999,1999,200
189571,20050,20050,2
10309,375,380,117
40132,124999,249999,3
163395,4500,4500,21
5471,45,2000,1455
128159,22500095,80439782,4
67277,98705,9375105,18
1687,150000,256604,6
52153,1000,15000,16
138196,10000000,10000000,1
128018,2499789,2499789,3
68731,50,300000,3
192623,300060,505060,7
106888,1999900,1999900,19
52299,20000,28750,10
92056,153424,153424,20
71867,27599,27599,15
41456,399,899,5
158750,50000074,50000074,4
76608,173088,173089,4
191250,1500,9500,117
76625,28000,28000,7
39986,1500000,4250000,2
18300,110341203,110341203,82
92431,25033,25033,69
52141,9998,9998,10
79287,389599,389600,4
39958,1113,1113,6
93707,43217,43217,3
127720,5999790,5999790,1
92058,6267339,6267339,2
41510,247,247,2090
92525,141038,435098,8
117473,300000,300000,1
136560,295000,297500,6
29453,50,50,30
19183,1,43,3860
60376,499,499,421
62009,669999,669999,3
32063,150000,535071,24
136546,21600,90000,46
61989,199999,200000,14
136559,100000,100000,1
128714,797875,797875,3
76537,679,730,35
76683,3135,100000,11
76562,9981,9981,101
62783,399,9000,961
39996,9749,299800,13
133981,10000001,10000001,2
45881,400000,700000,2
52295,10502,15002,7
37092,644,644,6
9186,200000,200000,2
52719,440,999,7360
153667,6111,6111,59
33867,2000,2000,31
58279,5513,5513,22
32470,252,355,191
56195,777793,777793,3
162674,1999,1999,3
128733,217513,217513,3
198224,6889,15000,494
74840,700,700,814
44750,785457,785457,2
124461,2250,6000,1430
201194,53606277,53606277,3
20847,22000000,22000000,6
179275,10000000,10000000,1
41462,1000,750500,2
22641,1245,1245,12
76640,1752,1753,8
200451,1000096,1000096,2
23939,500018,500018,18
176885,2190052,2190052,4
20866,9700,9702,24
57070,44499,44499,11
112275,3400,3559,17
163898,100000,100000,1
136563,3000000,3000000,3
160059,18,20,19621
184624,15038,15038,30
74850,299,504,1141
5134,923,244202,6
57064,15686989,15686989,1
132227,192727,192727,1
76596,9984,504992,4
76598,199899,199900,6
76612,9999,9999,7
41492,2000,2000,5
7964,797,798,111
10840,1000001,10000001,3
6370,2425,2498,1390
3240,179,179,16
173071,19000,20000,11
112299,7840,8000,12
130204,300051,300052,9
200776,32581,32581,29
52136,1199999,1200000,4
11444,156,156,97
43145,120042,120042,75
187805,3514,5000000,194
183793,645601,645601,1
19767,2999898,5999900,372
39952,1525,1525,9
76564,688,691,224
76611,7395,1000000,3
39912,469,469,41
140286,2915,2915,20
62015,89088,89088,18
62003,94999,95000,6
61996,219998,219998,4
45771,500007,500007,5
39959,1062,1062,11
127765,748800,748800,4
153620,9500,10000,11
162010,3500000,4000000,6
71828,42934,42934,12
71872,29999,29999,8
1478,4836,4836,1
76624,9990,9990,8
20812,1878574,1878574,9
25456,38000,38000,150
113108,8000,8000,18
62505,10000,10000000,17
80313,31429,200000,10
20552,10008,10008,13
76590,349999,350000,16
76734,599,1965,3952
112463,16,16,614
1686,30000,275011,14
128851,16731,16731,18
138973,4000,4000,10
44616,2500,2500,15
7099,7000001,7000001,1
24282,7000069,7000069,3
94289,4455,4455,1547
74649,15021,15021,38
52718,525,750,3342
79288,879999,880000,3
5435,5924651,5924651,1
2894,2500,2500,15
184283,110000,110000,1
17029,34578099,34578099,5
8984,999999999,999999999,5
19281,1399999,1400000,5
44277,99899,99900,9
21845,49939,49939,20
158822,2530,2530,4
87248,1250,1250,198
11386,1011,1011,4
139398,4214,4214,2
76585,299999,300000,5
76667,780,781,27
82441,218,220,1882
2745,18800,18800,3
49627,200000,200000,1
67257,150000,150000,1
127712,250000,250000,8
45760,290000,290000,1
42416,300000,300000,1
45741,300000,300000,1
87897,300000,300000,1
42960,148996,148996,1
175954,2300,2737,7
175959,10000,11250,2
136654,600,95980,279
130250,4522,4522,1018
12803,2200,8222,849
158805,2582,2582,2
52181,7069,7597,67
187211,500000,500000,1
187189,500000,500000,1
40100,2999,2999,10
9356,30047,30047,1
128739,8000075,9000075,2
41434,999,999,8
57068,55598,55598,18
44293,100051,100051,5
198233,82574,97495,891
8392,150000,150000,6
7097,500001,500001,2
42998,7082,10000,21
41484,18506,1000000,3
23384,25000,30001,22
17405,500001,500001,60
128012,500000,500000,9
127715,500004,500004,6
162677,53659,53659,2
23077,500,895,214
44066,999999,999999,2
43341,450022,450022,2
43005,2030,100000,154
36801,400018,400018,7
38430,277360,277361,16
39917,2198,2198,16
76626,63090,206595,6
68660,293996,293996,3
41488,11807,11807,7
38428,1007,1007,20
52158,297998,297999,3
68358,1700,1700,9
44157,10000010,10000010,44
55973,20000001,20000001,1
161126,6000,6000,20
128841,3000,3000,5
128842,4000,4000,5
128844,1600,2000,103
52210,1181,3594,26
76597,215042,228769,5
52155,999999,999999,2
76684,99998,99999,11
52215,3639,3640,23
76627,349999,350000,4
183597,240528,240528,23
63308,1128,5188,27
61985,5500,849583,18
61983,4583,12333,34
12217,5500,5500,56
198500,50051,50051,6
132186,392,392,10
39939,5522,5522,10
41490,999999,999999,2
39992,1846,1846,11
40094,179477,179478,3
23110,810,500405,4
76622,19990,509995,4
117475,150023,150023,4
200846,5007,5007,99
198201,20069,3000069,19
158796,2340,2340,2
41499,16148,16148,7
20433,125501,125501,1
76578,349999,350000,3
76588,231733,231734,3
76582,349999,349999,4
128500,800,880,154
194813,49998,49999,150
36758,7778,8593,56
76602,299999,300000,3
22824,2500,2500,35
42997,1506,1506,118
154131,2538,2538,20
40916,27576,27576,1
87276,27502,27502,2
41104,27576,30076,5
43418,27576,27576,6
43414,30002,30002,9
42410,45002,45002,1
41094,22502,22502,6
40902,37576,37576,1
128833,2000,2000,9
42470,57502,57502,1
37160,5663,55002,78
41537,75502,75502,4
48720,65576,65576,2
40909,50076,50076,1
44154,35000,47050,8
41547,50002,50002,1
197857,619,619,86
10308,902,902,20
179276,12000,12000,5
132182,100000,200003,2
119098,10001,10001,2
76511,2102,2102,5
63305,146,146,43
129099,14850,14850,10
19282,31671,10000088,29
41443,800,800,11
178543,100007,100007,3
144396,8280472,8280472,1
29573,4590070,4590070,16
29574,514134,514134,13
92428,150001,150001,3
49100,75001,75001,71
29577,1456327,1456327,15
13366,482076,482076,2
23769,12504,12504,5
32600,120035,120035,5
128843,3500,3500,16
5635,3423,3423,37
20514,1500001,1500001,5
23922,114431,114431,4
163150,2500,5000,146
120293,19,19,295
128846,985,985,5
27500,1315,1315,6
151774,169179,169179,16
33631,150099,150099,93
40216,9500,9500,43
76133,810,6800,1984
113276,364589,544832,2
22324,20004,449443,14
172017,100038,100038,20
80593,7153,7154,14
4481,2503,2503,3
90561,500001,500001,1
194122,4590,5099,9
133561,89,89,295
188789,72500,76250,2
67482,30076,30076,8
43827,35076,35076,8
178126,5492,5492,11
33846,25007,25007,4
7966,1129,1129,5
201188,58073,2638073,2
40921,55502,55502,2
11395,23313,23313,2
140753,5001,5001,3
200790,6980,6981,86
183205,422516,422516,4
182708,599939,599939,1
63692,9000,9000,20
63694,9000,9000,20
4877,20502,20502,12
63693,9001,9001,20
133570,118,119,251
62786,2599,2599,90
18635,10002,10002,5
159845,6000,6000,103
163152,4999,4999,26
180330,10120129,13170564,2
162663,52014775,52014775,3
10558,109,325,1344
4603,4150,200000,352
185910,62418,250050,16
11420,822999,822999,3
192695,5099,5099,6
41502,730,1000000,5
556,99999899,99999999,3
38426,945,3600,656
140628,1000,1000,2
140629,25000,25000,2
140627,1000,1000,2
128849,1019,1019,2
162011,50000,50000,2
200856,8500,8500,42
163558,25099,25099,7
39203,600014,1545864,4
192710,35064,35064,3
62451,27831,27831,2
162664,9800,9800,5
34769,2400,2400,71
37452,313313986,313313986,1
37098,3534,3534,3
178137,189859,189859,1
69772,4000,4000,5
8169,842,8800,15053
39989,1500000,8377517,2
16971,11658296,11658296,5
158836,17554,17554,1
196585,30288,30288,9
2685,282158,1500000,3
34664,1114,5037,574
40046,913104550,913104550,1
140204,999999999,999999999,5
92057,430004,430004,1
92054,1999969,1999969,1
28056,4039,4039,999
69955,100000001,100000001,1
18256,1000000,1000000,1
151121,23402,23402,56
151124,11370,11370,141
151122,12265,12265,71
76132,18500,22591,466
32468,1489,1489,144
19278,1658,1659,17
179011,642392,642392,5
33854,111111109,111111109,2
134050,99901,99901,2
134051,24901,24901,1
11404,932,932,11
180614,500053,500053,5
88162,99988,99988,15
42433,22818,500000,70
170491,15001,15001,1
132531,5000000,7250000,2
42545,7057,7057,73
178116,25926,25926,1
38431,6113819,6113819,5
8544,400,400,50
66948,45026,45026,3
20002,200016,200016,3
3726,7939,7939,110
120330,735082,735082,3
3164,300000,300000,1
17033,250008,250008,2
144408,50000,50000,3
184344,26156,26156,6
92429,10000,10000,1
4389,404,4999,110
52340,5001,5001,42
39977,14210,14210,14
43465,125,2000,10
163207,9916,9916,25
163156,9912,9912,31
62660,258,258,27
201216,30000,30000,2
136555,2196222,2196222,1
76686,1933,1933,19
93208,4999,4999,5
25899,77388,77389,9
31862,999999999,999999999,3
20545,838,838,1
3731,80000,200000,201
200839,3948,3948,26
40097,3016,3016,11
86070,9245,9245,5
81406,300,360,210
9318,187,287,119
62667,800,800,5
69864,10042,10042,1
81916,100000,100000,5
36743,100000,100000,1
81917,100000,100000,5
33547,2958,2958,4
32062,2630,2630,34
192668,80087,80087,3
4623,39975,39975,1
25420,100000,100000,1
43868,100000,100000,1
104339,1800,1800,40
104340,1823,1823,20
104341,2520,2520,40
104343,12520,12520,44
105703,5323,5323,60
105705,6889,6889,39
105706,720031,720031,20
105711,16506,16506,20
21224,1500000,1500000,4
140188,300019,300019,17
55981,100000,100000,1
18226,21564107,21564107,1
117415,3162841,3162841,2
201206,150000,150000,1
90548,9999800,9999800,1
132207,7494,7494,1
16168,5737,5737,20
182710,23276,23276,1
169296,468128257,468128257,5
198259,98882,98882,1
43467,700,700,11
92436,99901,99901,15
178546,499,499,33
140296,71409,71409,18
4554,881445,881445,4
87806,6591,6591,2
39526,13401,13401,1
52167,5000,5000,5
200781,5500,5989,46
43850,21671,54999,211
37159,61998,62248,14
42741,300200912,300200912,1
814,500,2001,433
8068,499900,499900,168
18632,300000,300000,3
42467,400002,400002,1
44264,399999,500000,13
62000,370000,370000,1
35954,66691,66691,5
11846,22201,22201,10
182775,10209762,10209762,1
182758,2174072,2174072,1
182774,525362,525362,1
182757,798956,798956,1
163914,250000,250000,1
39358,11215,11215,3
199965,5000,5000,1
3383,299,299,89
200830,1411,1411,45
20846,377393,377393,1
200855,5059,5059,1
128158,1160706,1160706,1
61994,83504,83504,14
163132,368376,368376,1
59477,198873,198873,2
92430,198984,198984,1
198283,218999,218999,5
162552,10717383,10717383,1
23106,999999999,999999999,1
40047,56456146,56456146,1
61988,181613,181613,3
192697,250027,275627,4
5429,3000003,3000003,1
200831,8938,8938,1
120269,51501,51501,2
120328,71501,71501,1
75014,1350,1400,23
128738,652708,652708,2
127734,999999999,999999999,1
39956,113,1500000,3
31679,8799,8799,636
127735,999999999,999999999,1
79307,859999,859999,2
147775,30299,30299,37
88164,299951,299951,5
32947,100035,100035,23
88163,499976,499976,3
127732,999999999,999999999,1
194035,699927,699927,4
37143,35002,35002,12
160579,10001,10001,2
43388,99902,99902,1
60268,10000000,10000000,16
42779,10000000,10000000,8
76614,9465,754732,2
152718,100000,100000,3
59496,188800,222200,10
128731,100000,100000,2
41497,100000,100000,1
23103,100000,100000,5
62019,109524,109774,4
41473,100000,100000,1
62002,100000,100000,2
44145,100000,100000,2
128732,105755,105755,11
41496,100000,100000,1
76669,100000,100000,1
44087,100000,100000,1
76523,100000,100000,1
133979,100000,100000,1
39984,100000,100000,1
41494,100000,100000,1
52154,100000,100000,1
20858,46,46,3
43236,100000,100000,1
182653,245,250,39
200580,1923,1923,1
24291,508,508,7
160483,519,519,60
7101,7400001,7400001,1
79285,1500000,13500064,3
28119,1487,1487,44
43146,321645,321645,37
29568,100,100,8
163110,2500,2500,95
111659,5502,5502,227
172503,99999,99999,1
40056,100000,100000,1
41454,100000,100000,1
44081,100000,100000,1
39961,300,50150,2
41477,100000,100000,1
162666,24750012,24750012,1
93706,100000,100000,1
195455,12019,12019,5
41450,100000,100000,1
40057,100000,100000,1
7428,200038,38000038,19
52146,100000,100000,1
98118,360,360,1
85501,100000,100000,1
23354,301,301,3
52169,100000,100000,1
52575,1999901,1999901,2
111656,514,17002,517
33555,527,527,1
44082,100000,100000,1
79313,100000,100000,1
43480,18086,18086,10
184202,500019,500019,1
200577,23,23,1
40009,100000,100000,1
94535,520,520,39
723,5001,197100001,5
5173,99999901,99999901,1
41164,12501,12501,100
182797,2551,2551,1
180340,100065,100065,1
