item_id,min_price,median,quantity
192615,59,63,105877
198550,3599,5049,1091
15992,83,9500,1109
4097,700,900,67
192621,68,68,1781
154167,1350,2200,591
3170,199,200,64
153714,251,251,446
116654,200,699,663
153712,250,252,199
178217,21,23,747
153710,250,259,339
24243,393,1000,1322
12655,400,600,66448
123918,817,865,276219
22573,33,79,80322
39211,20,20,481
199991,585,591,703
25699,224,11000,13167
201991,24498,29425,4946
161344,30042,50649,3921
190451,990,2743,89504
202071,29,41,11908
190953,15,15,1200
190450,11197,15000,13267
22574,2900,3170,6059
12202,28,53,7876
173204,123,297,103109
179315,7,7,50838
173202,5,55,1289664
192869,35000,38800,1406
33631,25,35,915
6530,1,300,3886
192955,53748,53800,1547
191380,499,581,101137
190329,3750,4109,62900
192972,150,283,1091
192934,19098,39898,287
192941,2599,2899,823
19230,14383,14383,58
193360,8400,8779,1792
201421,9652,9653,4557
191329,38000,39500,4601
163563,1470,6570,214
192929,500,2400,111
152512,899,1021,95418
171832,600,1999,22218
192957,17989,33292,185
172362,187,1374,4873
178222,24,59,1363
25451,22,24,408
200224,24000,29892,4153
183738,70,99,511
190537,19989,19989,3143
200769,479,479,319
192730,488,1100,599
194730,20,29,2986841
199971,31888,44098,81
197745,289,297,428764
138292,20,20,730
6470,52,200,2055
197748,12,21,274627
12359,189,333,168458
2453,165,598,20875
187348,50000,50000,13
201399,787,1033,25407
2771,150,250,14886
6522,3500,4799,4214
43695,100,200,29
29548,6999,7499,6928
192914,124,124,7635
192945,50041,56921,4891
36912,700,809,29490
153704,251,979900,155
25426,12,12,1099
25437,143,270,63
195543,333,333,207
172412,198,2236,842
37701,31,37,37075
178545,40,48,420
192840,237,293,1208
3820,200,4909,7123
192715,100,221,184
72094,1150,1150,30179
72120,125,220,162981
153701,251,251,131
2674,748,9800,932
33632,25,72,181
172089,80,93,211696
43852,25,50,1516
21842,368,450,1853
194008,264,90064,494
21886,5500,19975,3531
18224,18,18,550
172096,1949,2804,181466
199964,500,515,171
199952,500,500,365
199962,598,600,163
22794,1000,8833,1014
192954,35000,40000,163
174353,1,499,198469
2318,100,145,66933
19280,1418,1998,30
137293,49000,75000,109
192623,60,61,199
137267,54000,63308,90
14048,50,9800,122580
171292,175,300,4548
129032,1020,1024,112318
171287,225,4549,6963
198256,300,1475,534
137188,38375,65000,149
90146,200,9800,1239
124441,320,1220,36073
171290,94,9800,4794
197741,5,10,758555
24271,57481,57481,263
172370,159,239,144
139311,33170,34197,161
200944,600,675,222
21845,37395,37396,195
17203,9500,12501,2218
25430,24,24,259
200938,7519,7525,7464
44128,7800,9299,552
190328,358,490,387074
17010,174,3075,3240
139438,20201,43922,129
191460,205,245,38327
7076,55,9500,2560
111669,22,7900,8100
172230,21,335,895150
160298,7,8,13772
193559,200,500,617
18222,31,31,237
191361,600,731,2441
19221,9,9,9880
69237,10,50,1602
200569,1096,1700,762
191322,812,1098,1463
168792,2725,199995,31
193941,1500,1500,271
190395,149,150,78474
171428,2897,3049,34547
27860,3,4,322
186662,9600,9633,94
44941,8,24,2598
191362,14072,17715,1510
200841,1678,1679,179
72986,140,3008,2041
33452,5,5,496
82441,187,189,7104
31902,1386,4998,53
33445,6,15,413
37093,58,59,153
190327,12786,19149,31150
79010,34,47,19638
156930,115,215,39679
133588,13,14,3540
33459,25,85,456
109132,39,79,2538
74250,18,97,527610
168487,870,870,16657
39915,100,100,47
6533,38,199,2020
124109,166,4900,22328
22203,20000,59999,1269
198315,370000,370000,223
192925,34990,40000,3453
198401,9753,9753,396
200813,658,658,523
172054,7,10,38667
32428,56,9500,4615
32464,40,65,2222
4361,13,59,62
36924,312,7400,1071
171831,458,525,24883
199949,500,524,225
199943,510,514,524
151564,136,1928,211723
199948,500,519,631
193561,8000,80100,326
15416,777,2896,1724
199945,500,524,609
4363,200,200,41
180318,350,598,568
191464,949,3034,76369
192729,2500,4029,81
200476,155,200,46
73260,9,10,2237
62778,285,2915,2631
136342,20,99,1529
198175,154,168,697
193223,1710,3333,67224
108330,39,49,2158
201466,1000,1500,129
44940,8,149,2738
194562,61058,62560,338
130177,167,262,2120
193214,16,21,1488802
191365,8750,8948,2838
194758,4898,5000,1132
35624,225,500,9657
198231,170,1970,540
158378,12,17,70549
74822,7,8,1682
198415,4998,4999,3420
192967,49849,49900,2081
193222,3199,3942,3681
31892,1410,3300000,366
192673,160,160,154
194733,600,600,404
7296,900,9934,36
9233,92,95,187
197766,2100,2290,1629
194817,300,498,6799
158380,632,6999,682
3389,1375,1375,154
197782,135,137,63868
3669,14,14,196
3671,300,300,74
58269,10,468,193
4605,75,3000,238
200581,391,7000,834
43102,2869,8400,4644
153700,250,251,1782
118428,44,48,237
192670,190,190,91
192662,176,176,2250
191323,6012,9500,527
153050,20,40,178074
191399,1900,1999,1074
153051,4,90,483339
5503,20,547,5960
200842,1520,1520,64
153512,1049,1049,45
192625,70,70,1593
154722,6,16,553325
192921,24997,29058,217
77589,25,93,947
199057,167,337,943
22450,98,277,159576
154165,1,3,931082
154121,300,354,656
152577,123,194,131121
36923,100,145,5090
109133,36,500,8840
167738,39,45,14829
193926,3190,6393,1265
168649,500,500,417994
154124,350,360,233
154122,352,352,590
152576,5,87,2941450
53072,35,2500,9796
190533,70500,75000,737
198265,15000,30000,855
112155,6199,9800,92
155593,45,46,53
192918,9995,12000,70
6361,39,45,1707
13423,180,180,1675
3673,40,59,120
4544,70,1159,889
1707,2,189,831
7971,700,797,2326
133571,15,90,551
8766,2,48,348
111666,17,9500,1474
3670,597,300000,450
111672,32,50,5539
33444,5,5,442
8154,35,80,34317
21747,2053,2499,2483
2313,9,150,241
1177,197,197,80
199960,500,501,250
11754,46,800,4301
24511,14,14,402
194970,26,35,1149199
197742,23,38,219706
52191,1500,2066,443
22452,310,341,6864
11392,29,29,277
194969,18,35,803233
11393,190,195,287
11391,90,99,305
163695,900,10000,43
194967,19,29,882189
25421,75,75,352
25447,100,1800,26
192636,39,59,39346
193208,507,600,26003
71808,10400,10457,127
29453,20,25,82
192960,29440,49800,192
168313,349,550,1333
194685,578,578,1886
166664,7400,7400,208
60486,44,44,534
176869,100,188,361
192931,11800,11800,117
111245,160,397,76454
168192,380,994,701
52722,300,1070,21087
201400,200,204,79351
200022,10222,42090,1523
202070,20,44,18760
58146,175,490000,601
198215,17400,17400,429
89112,896,1201,18555
52194,555,688,519
194755,2886,2886,14929
192841,236,244,22175
193560,2810,2850,979
154882,25,48,2037
193930,548,549,20404
197762,97,119,6853
178127,88,88,138
192883,1499,4890,727
1702,130,130,61
124671,7779,8099,7506
25700,1900,9999,2839
191367,397,489,17736
23427,812,1697,7010
76061,8089,19935,12007
112321,498,500,12130
192994,56041,59870,1519
144408,50013,1300000,12
23384,1050,1050,40
56196,850,850,34
192645,192,192,59
22449,199,675,4089
62340,299500,299500,20
200843,4898,5000,37
191324,1098,2200,1823
192611,59,59,2225
192648,175,175,1888
169675,900,4500,42
168190,370,373,1111
5784,60,560,2535
12364,1321,2177,6654
132184,20,20,581
7074,44,50,112
5504,515,566,5062
81201,3099,3999,178
1520,135,137,818
81204,1000,2500,24
54631,800002,800002,9
22644,40,150,3901
192608,65,75,757
192626,66,66,2691
72235,35,65,21353
7072,28952,32500,17
172438,600,1837,5070
54447,300,300,205
199995,549,650,885
5524,420,644,1142
76682,777,1011,21
52179,444,574,500
12800,215,1200,9945
199953,503,504,326
2592,4,10,42694
198189,3960,4400,1307
201325,165087,184485,8085
17407,10,3500,18
22202,99,10064,9497
200058,411300,474900,260
71807,11800,11834,159
63128,49999,50000,1127
1080,30,5019,1617
118008,3000,4500,28
153487,102,134,411
199058,15086,57649,194
4404,1282,9800,15138
199052,15000,15000,188
191524,9400,9500,2732
172365,165,175,99
191521,5800,5834,3357
177962,225,21099,1037
4231,724,791,4293
199979,510,510,65
4236,7804,19998,3069
199194,5000,5000,66
168215,2088,2088,12623
194738,600,600,425
168216,195,199,57972
168217,800,980,97880
192871,239945,279136,1611
53050,20,30,22975
197767,380,389,53665
21213,98,10000,15904
193927,14,23,736169
151721,900,927,2286
87277,350,25000,250
172366,95,19399,4541
162029,5798,5800,329
71833,40000,40000,107
187635,599,2142,5919
33460,12,12,163
71831,30685,32300,56
172364,29,3032,3127
139783,12599,13499,14
130173,150,189,2072
42459,1128,1200,328
34722,42,2016,2615
3575,575,818,29991
177661,15,18,150
1708,4,129,663
23781,845,888,1231
108340,23,100,2979
49110,50000,50000,88
40211,174,199,533
200652,5274607,5500000,213
40919,700,1247,453
44761,10000,45000,14
111522,45,46,84
36925,1299,9099,796
8244,56809,75372,655
158188,400,491,16696
158187,66,6900,28285
3371,2,2,53408
112185,3189,5700,830
192624,70,82,584
169152,340,17557,1339
12811,7421,8000,277
47556,160,9000,2433
67511,105,107,19
24246,65,160,18166
160059,4,25,24229
169674,990,1598,208
62272,25,1134,59
23425,124,1038,99046
62273,75,180,253
86069,897,990,203
108336,33,100,1358
192631,64,64,2047
193258,25,27,333593
197753,299,299,58776
194761,4290,4890,3517
200814,2000,2000,26
183823,148,465000,699
192672,168,168,1505
178132,30000,30000,15
8170,343,414,36828
4600,43,98,60
200001,500,503,169
7081,7999,13992,2270
199983,500,504,169
15419,9200,11030,1489
199982,600,600,210
200826,1490,1498,105
11394,135,135,267
192719,2020,2020,41
58274,50,844,833
76653,525,1753,21
192683,174,174,91
194820,2099,4500,19735
22793,484,2698,5437
192646,159,159,2091
29547,8615,8800,8115
159140,119,119,30
76673,150,9900,7
201883,69300,3000099,660
200010,6500,65000,778
22787,297,4500,17340
79249,84,84,191
199966,10795,16994,317
27438,12,1000,4965
191945,5090,5893,3200
76693,333,500,57
8950,10,100,716
22575,273,655,3085
192654,175,175,72
36928,2178,9985,2218
189541,11998,11998,570
192701,2090,2090,25
76695,200,303,35
200816,2253,2253,144
116981,9,10,911
192627,64,64,1965
192614,63,63,1484
76667,270,289100,24
112282,1225,1249,25
194760,7029,7500,1096
190530,16561,18739,2238
22456,2800,3015,3012
187701,2189,4500,36606
163700,800,975,203
163698,200,334,45
52242,9999,294800,10
76886,7422,299600,105
102543,75,9800,1394
187825,9900,19348,69
3356,350,5011,6392
111444,13,13,7029
3357,500,4988,3737
192708,2035,2035,42
111450,13,13,91
174352,50,63,218
79306,42000,42000,13
40093,91,2500,544
87580,296,10000,129
187796,900,1500,743
24056,300,300,36
104105,65,5464,241
104120,930,930,269
28123,394100,394100,53
24476,200,510,1195
193958,219,9800,703
52243,3837,294800,19
180445,28126,28126,541
38909,72,1713,35
40112,7000,197400,638
184096,14000,18000,390
110646,1192,1200,36
200038,10082,11383,524
32211,741,741,291
192659,225,281,42
187831,29793,29794,426
200000,500,504,194
199999,500,500,235
175924,5097,5797,81
191368,16098,16999,6012
200039,9669,12000,468
200002,500,502,156
22829,50,98,468
79869,24392,59998,688
197780,70,83,3062
167539,4159,6500,163
29426,810,2999,3176
79868,26099,79946,262
6532,1,300,2655
42751,2480,6500,159
176811,71,10661,948
76637,200,235,83
171263,27,500,1834
3770,2,144,480
185480,6000,6500,10
152561,30,500,330
200046,68998,68998,283
198209,1061,1961,289
152559,47,1999,590
200003,859,8800,1570
45768,2910,6500,106
45789,1775,5164,136
192937,13086,13089,362
23676,25,9500,1993
2324,1,20,89420
24058,1035,349800,31
40129,23330,289999,158
34768,1056,1056,44
186522,3760,3800,643
23115,226,226,9
4540,6,6,3271
155910,2938,2938,747
198223,1598,7700,1392
52232,4999,4999,33
129158,14,34,11546
87392,4170,4364,136
87881,1800,6500,177
41380,8007,15000,32
35761,250,659,142
112179,15089,20089,161
52207,5890,421800,24
173073,6296,6396,22
18512,8000,13000,77
173076,3043,6973,128
173091,13062,18478,42
193929,889,890,6826
173092,22023,28885,51
72163,7300,7890,8022
173098,12098,15566,45
188670,94,99,2908
173099,3836,500000,71
6037,410,690,24664
158865,127,127,93
52196,90001,158689,335
44143,2909,3600,55
7079,48,75,22570
44147,970,1200,50
185479,70000,85000,87
44154,9227,23168,32
200844,900000,930000,53
198293,350,1700000,686
194123,161,169,455111
158773,127,127,21
44157,16974,18429,31
198232,199,9800,7302
158862,142,142,109
198047,100,100,47
4289,5,5,296456
192634,69,69,815
52224,10087,294800,9
83765,15479,15480,112
155615,36,36,102
24060,928,349800,30
187884,43000,48000,212
40034,3772,549800,7
169299,5900,19999,1728
52777,1980,1980,23
158863,119,119,93
194792,13379,13515,771
38884,4089,34934,35
144307,1499,9485,21
198300,97699,97766,75
162027,10670,13575,377
111557,114,615,185846
140347,119,121,182
177026,24099,24099,85
153705,250,275,1012
2836,8,11,15102
2835,4,104,149400
185481,1500,25000,44
108296,1110,9800,795
38425,2200,2249,4394
198220,4707,4955,2482
176865,1500,2000,128
192658,198,375,4946
39691,50,50,147
191377,6000,8032,668
176886,7147,10000,10
192865,170,179,10297
199981,529,529,433
74860,999,1155,1324
43007,172,500,6269
112286,1235,1337,122
130219,7950,8700,73
185482,25000,32500,47
133573,15,17,394
44497,5560,5561,35
13760,400,590,1241
130221,1200,1881,57
81409,34,34,99
193213,84,100,63797
130222,2800,3822,38
188681,1140,1399,90
191518,403,2500,2380
2678,2,2,59781
3819,1100,1430,2987
2452,125,500,31271
22710,180,1500,1500
11291,73,500,4232
10560,694,1440,574
188672,40000,300000,96
198217,147,371,1501
188795,44400,70000,28
198191,3078,3079,8577
112284,965,974,52
201404,31000,80097,17114
112302,529,9900000,59
23449,70477,72486,1762
45980,9999,115000,26
20816,590,490000,2495
20404,90,99,126476
7080,7034,7900,19385
197757,106,107,122165
23107,165,171,695
35947,8,12,334
45981,10000,11999,32
190326,1192,1270,180025
81412,13,13,223
190322,2675,4098,322413
199206,44,59,2202
22447,34,520,7830
30809,100,319,10375
34068,74,129,7140
67229,1455,9800,562
138486,1100,4459,7576
29740,3650,4999,10665
74646,340,844,404
74650,498,500,168
75016,404,404,385
191461,92,246,500208
194768,6920,6921,3434
81400,144,4220,469
188790,30000,33000,16
954,50,75,62
118006,15,900,1143
172045,13,219,3918
191515,4999,5000,2653
45883,2550,2550,10
45987,28568,29747,24
151609,2546,159471,242
7973,950,1901,394
22448,80,100,12595
194124,752,752,70674
35954,99,1000,1773
138875,10,31,1279
200574,4733,5400,46
171269,196,199,4214
4606,3,10,113
23572,89,1000,1855
141527,45,45,148
152631,7,64,11232
130174,351,600,3683
19304,34,49,2957
194786,11430,12546,625
194806,11979,13600,1073
194815,7029,19999,922
197774,100,100,2274
67509,25,25,87
194802,9899,29900,1563
60394,1099,2299,106
60395,1000,1100,30
152812,17499,17500,84
44771,400,500,29
194798,2970,19999,1254
194813,6371,13413,1006
76139,988,2430,1698
112295,1921,1960,35
194804,12969,38101,1251
76137,101,150,1331
77543,2075,2275,135
38967,1458,1458,180
192644,163,163,680
39006,2868,2878,119
15412,888,4873,1688
200020,99098,99098,576
38963,3424,3424,62
171829,539,540,34929
200054,675000,699890,931
76688,375,375,42
191330,912,2000,7068
194814,5939,16900,1151
199954,500,517,584
130181,21000,49990,468
130180,66500,73689,970
192913,50,50,4653
168188,1900,1900,168
173036,73,2500,46536
124105,1195,1300,3731
192978,49,93,3308
12223,12,9500,1988
108338,33,995,2474
193922,59,66,867276
43103,1499,9800,9796
192552,4699,4699,697
155609,39,39,133
155601,36,36,272
53070,56,3524,5433
39151,599,1958,1657
158859,110,110,502
130904,2999,3709,579
44272,38883,38885,7
133566,83,117,352
44279,48888,65551,15
61999,21511,21511,27
124110,10,9500,8301
43105,520,860,3685
191260,2200,2500,885
111589,72,520,4921
79284,15002,29402,9
111658,14,9500,1334
44280,18588,22988,18
178551,385,495,8
28059,30015,30015,6
111652,25,9500,1411
139786,19097,34990,1347
111662,33,1033,1482
44277,90000,12800000,26
129034,1984,2900,3056
201424,68,68,628
139890,89000,129797,1277
79283,18999,18999,19
174891,2190,4000,12
39339,1900,1937,2930
38583,2520,2520,14
153494,100,127,444
112183,70773,70774,139
43647,120,149,441
52758,56,70,130
172049,15,20,677
6261,5,194,4836
52764,54,90,41
154897,6,10,7895
52765,154,181,65
111671,69,72,3558
108328,65,9500,5188
44267,20485,20500,15
4364,10,250,6135
62005,85141,85641,8
156525,697,700,84
108326,44,84,5320
198621,99999,149998,118
200794,2330,2330,87
111674,60,2500,11931
192622,65,65,896
191372,150,168,717
57058,4000070,4000070,1
154891,25,85,2509
199994,500,900,396
4366,87,400,838
111675,35,63,5875
193963,35,229,4747
111670,25,500,7808
111673,37,44,3906
199997,560,566,774
25467,250001,250001,2
4394,5695,5695,178
141908,12885,12888,76
52244,2289,294800,31
192629,59,59,1605
192647,182,182,656
172041,74,2500,2578
192605,169,170,206
68198,16,16,567
192712,1975,1976,21
200801,2080,2085,88
200773,4258,4258,34
192993,3887,3900,2907
153430,19,100,125
192635,61,61,1374
153431,90,3999,227
190535,111900,112200,3773
7077,20,299,29003
153437,19,44,159
153439,75,4599,331
154705,3200,4300,1049
154706,1999,2024,582
68197,18,19,188
173168,75,76,4121
4625,800,9800,3059
193237,18800,18890,11250
154885,25,58,1655
132752,144,148,148
7068,10,7000,23059
3577,700,4950,36545
3858,292,398,19271
21929,250,300,489
2842,1500,1600,4997
151391,10000,30000,52
151393,1600,1600,7
21151,20,20000,2006
38679,10,10,1145
38767,10,15,72
193928,75,170,197074
87226,99,9732,1071
193021,17000,17500,32
108348,154,165,2028
193020,910,990,166
147869,1561,1576,38
192884,1039,1139,2591
200004,563,10395,545
52983,375,375,44997
52985,449,450,60981
124108,20,2500,14530
29448,10055,10055,19
3731,2000,2933,1872
132183,200,298,353
6888,2,20270,844
108332,85,9500,3261
38959,800,856,82
52749,200,3152,171
173171,497,499,490
154127,369,369,275
38968,50,50,58
38773,300,300,55
173172,274,345,10889
132190,1200,1800,26
44449,193,299,27
52762,175,200,96
52771,425,425,55
38830,15,19,204
38776,54,60,30
38808,36,101,198
158808,126,126,58
158866,150,150,8
200576,2600,3433,3402
38768,47,222,298
38766,16,1000,343
34599,85,85,401
191326,6500,8282,478
5075,8,8,560
201311,1500,2261,930
132199,298,298,240
191394,1548,2279,892
192705,2198,2198,38
37159,3226,4796,60
52986,985,5500,24394
16000,38,1369,2339
53038,540,550,123640
38883,5508,5510,122
52759,86,86,132
38844,40,48,85
38856,110,760,145
38835,514,515,32
109184,5,5,584
25463,4900,10732,1239
174349,85,85,197
10562,38,1400,2388
54469,695,695,14
46000,26000,26100,49
194821,344,346,777
127848,5999,494000,577
163917,269910,284905,2
90552,70050,70050,4
46003,25000,59401,31
45999,7300,7400,59
180059,2501,5575,8
140276,75,79,265
38811,94,169,69
169132,45,45,522
128714,450051,450051,4
194859,7122,7500,415
200018,80000,174900,643
201422,7400,14400,11764
200016,119511,281414,106
198218,633,1298,1941
2770,100,200,270743
5471,12,879,3371
127841,5000,5000,206
200019,69998,69998,147
194578,6377,6378,523
23333,5000,10000,16
38809,150,169,66
158869,150,150,12
38787,285,443,155
38867,16,18,73
158834,200,500,20
158745,115,115,122
198412,3428,3497,3045
38897,16,16,141
107469,30,35,115
23353,114,114,69
38863,76922,82199,30
38938,10,29,121
11630,3333,3333,193
38852,16,18,263
155608,32,32,147
155631,39,39,166
44456,19,19,25
197763,1674,3399,5465
28061,3333,3333,124
62413,100,3520,528
38928,64,67,290
158751,38,38,237
38949,17,400,163
41307,3800,399900,37
200282,50000,50000,24
38924,126398,126398,32
173074,5437,7112,235
38861,55,55,169
128849,6114,6114,51
38934,17,47,78
38962,185,195,63
138977,250,10031,206
128839,581,581,120
25428,150,173,114
174328,490,3500,3553
128848,20169,20169,20
38807,100,100,135
128833,3656,3925,192
151722,1400,9000,527
38818,94,100,91
128841,3800,3800,89
45628,99,99,70
177040,19,19,1123
128834,1016,1116,27
38825,33,36,87
108341,33,350,5381
40035,800,870,1073
11406,867,2000,42
53643,1095,1159,9025
108324,44,96,39997
199957,500,500,222
171266,25,29,2563
40036,74,1245,759
22792,899,9800,1354
154125,398,400,1121
44265,23397,26998,14
23559,46,47,401
74861,143,999,2416
142263,100,100,1065
169143,38000,38000,11
62666,124,124,60
89639,244,9500,1465
61998,9118,11000,25
44264,75000,75000,7
42780,162,301,90291
112181,545,9800,958
5478,2401,2450,215
79287,160330,177883,6
38806,100,100,43
112180,1080,9800,603
44260,39598,39598,13
44501,145000,145000,60
194694,469,469,91
44262,18887,19179,12
5329,500,10000,20
38875,2739,3560,110
159899,85,89,199
8152,360,379,97
38796,97,1300,74
59489,44000,999800,31
64394,5012,16881,756
4370,22,600,327
38812,68,76,64
38817,10,10,359
199977,580,580,225
180405,36,1652,217
192619,64,64,709
38833,57,321,190
154169,100,149,5340
38961,200,560,50
32062,1578,1778,62
169138,55,56,95
38955,709,753,56
21071,30,33,2153
62652,75,444,1349
68134,3057,4405,47
191393,119,167,2103
10505,23,132,1168
39005,500,1799,54
6458,95,100,137
109134,20,1200,9938
57071,1595298,1595298,3
38989,298,342,92
2775,2088,2948,1884
74715,60,65,85
197735,100000,138998,497
74717,436,469,73
200113,15955,24005,20024
74727,122,320,194
87806,3535,3569,60
60397,52,20052,19
87578,313,10000,138
194734,1385,1431,201
33443,48,9085,1450
27443,8500,8525,14
24478,156,475,7740
87647,97,300,35
104108,207,6500,210
15414,2698,9975,8467
27655,29,30,158
81410,22,100,71
19183,49,125,9714
173071,7581,8553,27
199189,1549,2229,192
17222,30,50,307
27657,94,96,75
168663,600,9900,4156
154707,200,200,980
200106,187,187,53
12810,1000,1444,10767
200105,63,63,146
37118,25,50,728
186017,3141,3157,4516
192717,2100,2200,775
106889,125,127,71
178224,1411,1600,97
159467,250,300,44
192961,56940,56940,2283
46023,5099,99999,16
25802,7587,19700,9830
200009,26888,60055,127
38912,47,49,139
87244,975,995,126
87234,1400,5236,1286
198239,1039,1050,239
172360,76,95,2186
193555,142403,149897,144
40086,2997,2997,11
32227,529,630,665
139312,48000,50000,107
177660,26,50,1080
21887,289,302,14385
192747,61,61,980
34831,4138,4138,8
155618,40,40,229
62677,75,75,112
192617,64,64,1748
158210,31,31,140
198255,194499,194499,60
112277,994,8000,69
112684,57,58,113
198176,10554,16055,203
23783,1515,1713,5365
112463,11,12,165
192924,12016,12520,352
35952,40,30945,661
19299,39,69,2484
58266,470,470,55
153476,289,470,242
108977,119,120,425
193029,1000,850000,1131
33053,221,250,11
107603,609,610,87
197786,139,141,62799
34751,15,17,77
106875,150,150,23
154889,48,90,961
82392,70,75,289
22842,7450,40000,169
197783,144,149,76121
199992,500,900,708
34764,97,97,444
34761,10,17,71
60576,21,22,638
34763,13,507,448
422,25,347,843
197853,400,400,1235
59029,200,711,78
58263,10,18,267
173058,1799,1800,2041
62676,49,50,620
124112,41,96400,7156
81413,13,13,1214
169332,33,50,257
75037,100,100,791
197747,10,72,233449
173037,58,3960,10458
169701,199,2000,17636
192850,46,50,28654
194966,19,24,631876
198190,3185,3385,930
198257,1050,1200,1868
15420,2500,300000,120
52982,1400,2000,4877
132193,30,30,171
168583,349,761,34592
8831,1000,4966,5321
4470,1,6,249200
171315,384,491,22300
168586,204,793,38226
168189,500,708,534
192655,199,200,158
23446,277,325,60348
170554,299,500,40613
31909,18698,31600,14
153635,9,99,101359
171285,498,498,4175
74247,50,547,384835
172921,195,200,199
8169,300,2549,14823
198236,133,1677,837
172069,15,19,1358
193030,800,980,3503
6291,1,49,17912
32576,99,146,261
191327,8000,28000,96
27437,198,9800,1980
107472,200,450,75
41812,230,9500,6444
27435,15,475,3171
113588,915,925,36369
27682,118,9500,2991
178149,569,3500000,356
27429,38,5008,3465
27422,5,7,14459
11416,149,190,20
41808,47,36400,6332
193226,23999,24950,139
27425,18,9500,1356
4538,100,4225,1013
132231,22,22,604
192685,2000,4500,76
22577,399,500,8273
81415,88,110,208
194737,600,600,544
115504,1700,6500,18946
199937,517,517,119
194695,8742,2999998,384
197848,878,880,248
190331,8057,9384,7544
5527,8,9,1818
1710,40,66,1283
22832,55,144,590
31887,500,1234,59
58257,8,8,1342
58267,110,112,70
191503,99,100,692
8932,42,1489,723
199993,500,500,245
13927,300,394,182
127714,119996,119998,18
172231,20,97,787821
172232,42,337,896006
192661,173,173,260
6370,800,855,405
52078,24900,99900,5307
60858,7500,19999,90
12210,5,10,249
38998,93584,93588,30
6289,1,101,29117
3664,13,125,1647
7972,20,1100,12105
192702,6500,12000,52
24479,11500,29999,3533
200035,1900,3586,241
110654,1000,2500,22
35314,500,1002,19
818,287,1038,6026
191523,10700,10700,260
2677,799,7500,15029
191520,5914,5000000,304
44482,80,87,240
32067,400,965,1099
197769,848,952,225
20520,24064,29671,1800
45191,95,100,107
25418,15,25,933
173361,133,133,15
29560,99956,149956,20
27676,1100,1100,447
38879,1502,4369,68
19300,2,1229,5773
25435,188,188,269
175957,219,233,17
5237,1180,1180,93
12808,13900,23788,392
191363,49,172,2143
175955,40,45,59
45195,95,95,50
193450,468647,468647,3
172068,13,13,1035
202065,196,300000,15
193387,33300,97500,8
27441,600,770,69
192703,2500,2500,24
27667,45,50,152
184392,245,7271,16
116119,50,50,51
76542,615,615,77
45190,45,45,129
124669,990,2089,142952
45189,2098,2098,155
198302,24475,24476,123
199188,150,9533,517
43104,845,9800,3164
147870,500,500,51
19026,237,250,31
198507,1400,1599,322
147868,14999,14999,50
181246,300000,300000,14
176853,55,57,95
198508,7724,8924,1326
163691,250,284,109
181247,8600,20000,22
176872,148,148,14
5066,1099,3200,53
3240,200,200,126
200030,4996,4997,3455
160989,22,202,60
176876,10149,50000,21
153703,299,310,396
172092,52,500,59075
178133,43,43,136
183950,399,9800,768
74838,210,9500,2131
178134,500,600,20
172094,11,306,286517
109136,50,1200,2444
80431,697,698,1421
197746,9,63,445764
1015,15,9500,7977
78883,16300,16400,500
45200,1001,1001,85
45194,18,20,217
158759,2395,2395,6
60378,199,5000,1161
176874,150,150,131
108339,21,350,5794
3355,700,4884,2177
163208,485,499,215
13464,335,342,41964
188762,22500,29900,66
200852,3880,4000,185
200822,1510,1610,182
172410,140,3667,31
21877,9,15,305504
142335,2,25,74668
100739,253,253,896
200779,20000,49900,129
173173,254,255,598
169220,2000,3500,2476
22572,4500,4509,323
140273,13528,8000038,11
8838,625,909,13755
140265,66657,66657,38
22576,1499,2030,1618
198299,890,7998,231
58264,219,300,842
198496,8098,8098,236
197779,69,168,23349
5048,129,551,356
22578,1299,4197,3599
154881,90,95,1122
81406,12,12,335
151566,22,69,180540
191933,100,300,747
22785,86,107,15949
128017,22550000,120062600,5
22786,190,495,24993
87230,375,10050,1702
39516,153,791,149
76087,225,13525,410
62003,43650,43650,9
22789,100,4500,11737
193236,32400,32435,487
62000,100089,116400,10
22790,285,4000,8327
173191,19,35,1557
124102,596,700,132968
22791,585,750,1403
52121,200,200,215
52081,1054,1054,17
132185,700,790,16
133590,25,32,2410
52094,105,105,52
157842,38,38,75
20872,161,161,140
20817,2039,2039,1744
20873,777,881,189
44616,172,2400,476
97512,411,811,741
44618,631,700,186
172097,275,1442,185801
2449,160,4523,8110
21546,7650,8500,1045
190313,8298,9699,119242
90555,1000,1000,7
200567,4039,4039,662
2589,4,42,235316
173937,1934,2035,60
190314,15593,18991,48851
113290,9700,9700,61
118391,26,50,538
129289,56430,62400,345
2840,150,400,130678
2679,2,6,740
3182,10500,19625,6172
38372,3330,3490,58
154120,380,589,819
23984,50,99,1279
56503,3945,4000,56
192938,45087,59100,5164
38375,78,4600,228
197756,101,118,20526
25650,75,75,249
32215,400,500,518
3860,325,360,14020
4306,19,39,71494
4338,4,100,91600
44575,1500,2000,950
133569,224,225,116
153706,474,631,1717
76685,425,249100,31
52186,999,1010,27823
194580,1499,1999,2006
52327,200,1500,25406
44570,1706,1775,1164
193211,48,85,1202552
33458,81,400,156
52329,849,2898,21604
192848,51,53,5941
197856,975,975,1578
122343,50,50,57
200572,1329,1499,1722
52240,2023,99800,85
53010,139,194,93886
44571,400,421,1019
163395,4475,4475,32
177716,29,32,300
54849,999,1090,16822
65365,2025,3750,1377
32905,9,11,2022
163150,790,790,150
72096,641,665,63110
72234,36,1966,29218
192851,167,400,100240
44573,3807,4420,813
72988,13,100,291138
44574,9366,9530,852
8839,700,7799,3033
194050,150,179,29927
193945,300,1500,557
36860,5700,6800,8705
22526,33,34,609
74249,8,14,1033414
37663,40995,40998,2294
21552,331,7531,322
133561,400,400,266
195463,2031,2031,533
67510,1587,2187,75
197743,1570,1700,121453
76553,290,290,170
58275,795,850,13
76514,207,207,108
76526,150,200,158
58260,333,2966486,668
62275,25,243,113
197744,1501,1579,76437
184308,59,1900,7924
62274,200,3035,28
76892,4079,299999,24
56046,90,100,340
171349,147,175,941
34839,2500,6795,12
160484,1100,2000,48
198492,273,299,12790
192836,491,499,2076
93705,200,350,37
152507,100,150,114092
153609,7558,7558,102
193933,10889,11397,4921
131729,72,72,927
2070,35,192,1124
76664,700,775,14
2604,1,1,81496
81202,90,90,259
3927,140,500,794
27934,100,100,121
6299,25,25,37
3745,49025,77777700,69
60398,24,24,253
27442,495000,495000,7
58277,3000,4900,210
30466,2900,4000,13
34056,44,485,33021
60396,60,4960,101
192839,38,41,14653
24508,11,12,1619
74863,95,120,10573
32198,199,840,804
81200,19,19,121
24189,200,200,210
114056,94,96,731
62268,45,46,262
25412,500,5011,71
44760,189,210,74
62269,85,85,71
38625,499,9800,520
62270,50,79,30
414,10,1074,1431
168646,230,230,1467
200051,79998,79999,125
25409,25,40,758
4586,40,40,32
199935,523,524,285
62271,22,22,169
153713,260,260,286
43571,39,50,1875
158861,179,181,40
152542,5,31,363806
13888,637,700,1354
159827,19,19,230
4784,49,50,944
12238,840,840,32
192630,68,68,215
192628,63,63,161
56033,125,227,39
62519,38,38,95
20763,47,47,36
30810,10,500,264651
56047,68,70,57
60392,170,180,122
76586,7500,7500,5
13365,4000,4000,7
52225,14959,418927,23
62518,23,23,340
153666,1901,2001,184
128994,5000,8999,99
6947,1486,1493,91
109585,925,9998,5957
128998,23262,119718,30
6950,39999901,44999901,2
129003,27390,27399,55
188789,47500,47500,4
176810,25000,35000,10
13364,1500,1859,9
175788,29,87,96251
54831,7500,9900,131
36932,275,1100,9344
35315,67013,185170,36
28119,394100,394100,48
39526,500001,7500000,120
32200,650,700,1113
187888,35559,37900,379
25901,1500,1500,10
79251,33,76,92554
192666,165,165,146
178125,200054,200054,7
192669,162,162,188
162515,12,700,18812
179003,100,150,14
178178,99,244,349
192664,180,180,18
185477,85000,85000,105
185476,42500,42500,317
192657,165,165,1417
159756,9950,14000,87
102541,75,9500,1438
38373,2245,87908,176
4405,155,1600,1243
201216,89100,90000,6
5368,100034,188434,5
163842,97,100,70
199973,2898,6200,313
118225,40,999,1773
30812,70,70,111
200531,5522,5525,37
158770,13000,15900,11
21721,10,12,1219
153031,31998,34500,105
198222,4499,4744,409
115526,1950,2074,481
139338,27994,65000,122
140567,100046,153789,20
151540,35060,35067,151
128995,5000,99999,65
25416,8000,8851,240
77545,2100,2100,21
76896,1809,299999,27
24054,849,849,12
44481,19,49,150
168427,27500,28582,409
3775,6448,6448,29
77547,4100,4500,134
28058,36362,36362,30
39513,30,100,320
151392,19900,19950,6
56477,33,1575,270
24507,20400,25000,42
38427,4420,4933,60
24510,65025,65025,7
3369,825,6515,4648
76507,334,339,26
173874,130,130,169
132218,3500,3500,33
200506,15,99,122662
3667,5,49,2076
171289,56,9500,4084
17057,15,25,437
152509,100,250,56707
25456,450,1797,780
5466,35,9500,2803
25454,50,50,118
32209,115,840,420
32199,430,453,447
32194,2298,2398,2792
128996,5000,99999,153
171830,500,999,66207
192928,37900,78400,878
25453,69,69,63
32833,123,9023,230
21559,25,500,2843
197790,1675,1787,6894
151567,14,99,125577
193391,293,295,33
198160,1049,1050,976
35128,375577,380000,80
76132,7644,9136,362
193053,45,71,13926
168589,599,1200,10186
76140,1110,7715,386
76141,595,700,376
194822,150,288,15529
110609,200,227,149362
52977,525,600,2778
34907,800,500080,77
112095,1333201,1333201,1
140630,55000,75000,52
108337,1015,9500,1312
171828,120,412,166292
152511,113,203,168811
152508,99,250,170813
152506,95,215,102662
15869,25,100,186
171351,368,385,1138
152505,109,200,144663
172415,295,21099,894
74849,405,874,11673
124104,500,1529,47284
22841,2475,99999,351
124103,478,1400,44204
15870,75,100,390
193551,289,998,30033
198212,13500,13500,424
187805,3900,3965,306
124101,400,400,501147
4305,72,83,6999
124106,4588,9980,3666
4391,1000,100000,9
192927,5025,7097,36
106870,30,30,243
52984,1000,1247,105986
36918,485,5080,2031
36906,165,481,18377
197784,138,140,88118
81203,48,50,85
36905,250,4911,5405
10559,93,999,1297
36903,555,1123,10194
168797,400,513,9
36901,149,4989,19064
110633,9898,9899,8
36908,200,5500,5285
13466,881,2487,8128
153443,6999,7600,23
192887,10589,13362,639
23782,4980,7675,935
33470,10,100,240120
31906,2375,3900,75
38868,10091,10091,71
172357,15,200,913
2450,200,500,32246
2447,377,377,64018
177659,125,8000,317
765,625,1900,26115
785,100,344,33807
43011,285,9800,885
82300,3960,4000,218
23771,174,175,83
62783,80,9500,2457
13467,359,359,11283
52178,626,6544,1094
113108,799,3000,40
53069,21,29,1298
123919,388,797,278766
191948,1500,1500,544
4608,19,20,413
124444,1100,9900,7044
41611,8994,25025,37
159,2,88,98052
128553,17400,20171,423
76618,2914,3100,14
152513,144,900,190055
52231,455,599,34
74645,495,500,107
72092,280,280,494083
175056,998,998,136
40022,239,252,15
32223,306,406,61
7911,373,1699,47991
70139,22806,148900,18
2776,1325,3550,9212
28056,3290,3290,2947
191396,98,195,3217
19268,5499,5500,59
10620,132,295,93257
191384,100,255,8145
163549,15095,500000,24
2772,380,730,12064
158855,1348,1348,6
198197,63700,76535,579
192870,20787,23400,4037
6657,3743,5220,16510
87242,625,9474,732
187703,1574,2619,14032
192610,61,61,876
192922,55567,70790,3881
52328,3200,4745,10716
32217,1186,2252,810
40142,10096,299900,127
74709,90,174,11
13755,1475,2100,2130
187700,1600,2896,15615
7974,16,1200,5405
2680,7,10,1132
160053,1300,1499,293
171833,1664,1936,55800
118681,100,500,25
18232,9499,9500,676
200575,394,2984,1078
4371,303,400,569
197737,110000,119799,23
191873,398900,398999,121
44470,500,1337,46
24338,14,14,165
37091,33,35,77
152544,66,1000,9771
17058,10,969,2026
199988,900,1049,1105
190330,803,962,22028
200836,1244,1244,301
32718,90000,96671,30
38910,2498,2600,26
5137,30,45,84
151133,38990,68900,408
195360,9000,12000,76
29425,190,999,18467
24477,4,29,6246
74653,65,1026,701
34054,99,160,494268
34052,195,1926,191179
14047,5,100,252356
117471,1632,1634,61
3358,1838,4944,3761
3818,1790,4945,4032
155600,1500,6942000,659
151565,715,995,24972
8846,975,4998,4842
13463,385,600,36185
52843,3999,59900,1149
191949,90,297,23881
112164,8445,8445,105
13465,450,749,51052
52141,5098,9998,9
44467,7197,7198,29
44463,5465,6140,32
3821,2000,11234,1888
159920,22,200,464
8845,4545,7350,7476
38966,300,323,38
71805,240000,299900,86
187699,400,1048,46158
38975,710,800,44
117441,2931,2931,17
43467,15,45,88
109119,153,200,36066
38988,2419,2520,35
158201,7499,9678,306
199998,565,565,1265
38895,4196,4200,25
184100,14909,16978,355
41400,8092,8092,126
158792,250000,3500000,5
5470,28,77,1115
76891,6950,299999,47
52757,175,179,52
35760,600,600,856
76078,519,569,463
152510,403,1973,58730
187812,12438,12438,407
29536,39985,128740,14
19938,20000,45000,7
15410,181,8550,1954
190316,10900,15049,41849
37704,323,645,2670
61986,71,322,191
74252,900,999,23687
22823,699,9999,1334
201406,45985,48730,12247
40536,20,20,998
22824,1313,5599,647
74248,179,237,58525
158828,200,299,64
38466,90,90,114
124440,166,250,41129
23381,1800,99999,11
117472,6924,6924,31
119022,481,481,29
38779,136,29999,18
124442,645,999,48615
200817,4050,4850,155
171267,35,90,2920
19225,99,100,3336
171301,39,40,216
118061,349,350,250
19306,12,415,3430
175069,372,500000,35
153631,5069,5569,42
115353,600,600,26
12214,50096,50096,12
19224,2,1759,2461
127849,2950,480000,387
19305,48,2105,2019
128158,987783,987783,3
115354,5000,7575,40
38917,2900,6757,29
19223,99,100,7610
192898,785,1499,2431
63275,103,103,251
200791,4900,4900,110
138290,6000,6000,23
60388,235,1184,265
200577,8900,8999,29
1529,222,418,2907
14343,65,137,277259
23793,1493,1500,4530
12804,7900,9725,2495
44599,45,49,231
71820,94163,149800,33
24059,3801,349800,23
44458,33,100,38
52770,325,700,99
52784,8877,11269,44
136653,105,140,120
71876,34889,149800,40
192613,1740,1747,24
153434,23,3999,111
168593,4500,44265,211
52241,1740,2140,28
13422,125,9000,1033
52247,2499,2499,64
173062,8900,8900,188
52233,1965,1968,78
23764,2023,3809,121
52237,1536,1536,22
60406,70,70,58
128558,695,10000,123
12203,3,50,22648
52239,504,704,52
60336,200,200,21
12204,24,9500,1793
25744,3900,3900,6536
194731,670,697,126
111595,125,450,5684
90046,48998,73311,63
10939,94,140,120144
191939,58,138,84876
6373,240,241,86
27677,7,250,9181
152875,185,985,106607
5997,37,228,2290
112090,1200,1200,2244
168501,2885,5000000,234
41510,179,235,6407
32600,97598,115035,5
109118,88,399,80818
32596,97535,97535,14
32597,115035,115035,8
108301,200,9500,993
32228,83,100,5724
190452,1399,1399,23902
11185,175,2336,731
22642,28000,28900,27
127847,1900,2190,516
193050,6,7,1938447
21225,35,38,324
74647,475,585,195
11186,232,3080,1235
80433,2214,9500,2181
182121,99,99,26
10561,948,999,434
197792,3247,3247,39484
71864,79899,79899,12
58145,995,1075,612
117453,122,140,127
71854,82805,149800,83
14529,6,14,623
174281,30,32,544
71872,27075,27075,9
191364,199,1000,6143
168448,6160,6164,79
13926,16996,39900,337
117439,400,476,163
109128,115,150,50583
179278,2699,2707,126
77531,322,335,90
158811,800,1000,7
192905,700,12500,899
41813,200,9500,3644
193256,8510,11583,15376
128793,50,55,59
200820,1266,1267,178
41809,300,650,2831
109222,76,125,1005
130216,180,180,62
179309,399,855,38
179310,6368,6369,23
168825,7571,17900,11050
38943,153588,399999,19
168828,16500,49875,12828
5479,99,99,344
49100,12501,12501,104
23079,120,4000,1328
191378,436,465,7480
42942,8,14,635
28100,82,100,137
41119,25,40,2810
118632,933,986,383
59229,249,266,113
16006,18239,19840,368
172053,7,469,10253
163522,2495,15000,50
92741,650000,788800,145
108329,105,9800,742
59596,275,299,71
27660,50,99,444
7075,10,8800,16663
193554,180000,191900,287
124437,26,99,2010460
191509,99,100,130
5128,2500,9000,26
1206,1299,8500,3439
155629,34,7534,1107
191506,25,25,713
192916,197,197,31028
7909,74,368,6087
36934,898,7477,220
814,45,9500,2338
52175,1900,1900,63
199958,500,568,107
5465,5,750,4576
11188,2000,2000,1398
85501,43428,43428,24
72237,26,126,61938
76734,891,893,974
199989,518,518,360
80590,500,700,79
80591,900,1000,109
191498,10398,10400,21628
23440,475,9500,236
23436,877,975,37
40081,169,174,230
155813,362,500,233
162560,280,308,36
4360,10,10,681
182709,149142,149571,2
200785,4682,4682,17
80592,30,30,126
200806,1700,1700,75
163548,793,15000,34
23437,347,3500,176
155814,70,500,280
168312,750,100000,1855
197754,39,100,327251
56850,4487,9700,3552
163019,73,74,248
172449,24893,24900,232
187887,39961,39961,215
163639,7093,12000,9
22847,5425,9000,229
161153,49,75,72
155811,390,15000,388
130183,1570,9500,781
22846,1099,40000,295
200790,1450,1500,621
162026,875,875,12
52116,1566,1566,31
163103,90,10000,91
140587,975,1000,555
192660,1431,1589,12
163098,330,337,10
159849,684,697,23
46002,4520,9097,41
52183,1545,2570,21616
45978,3999,4500,288
200848,2200,2300,48
193259,10,12,1611694
52185,449,477,106644
67252,20000,35000,2
193255,2015,2498,102601
36758,150,200,122
40771,3540,3540,738
4358,5,50,687
46001,4445,26826,46
59228,4032,4244,43
112158,25,100,6460
2934,75,137,6329
4359,194,9800,335
192720,24999,30000,238
172047,25,25,563
5829,837,5634,34
173090,7159,7768,66
159785,1075,1600,85
179295,5000,17542,20
52763,140,160,75
38904,810,5344,34
60485,21,22,1237
38978,8197,24685,30
38894,7467,35780,18
173089,500000,500000,8
31894,4749,4750,342
38885,9211,63300,22
130176,570,1800,1765
173094,19400,20000,153
154129,365,365,330
38940,23459,44651,32
154128,360,360,226
4787,168,168,261
171436,13,17,259
171438,10,38,1025
109629,141,160,949
4339,54,54,14547
22527,15,15,290
6889,395,9889,9814
76686,500,510,28
173083,20557,500000,21
173080,3500,500000,38
199936,500,501,317
173079,1282,750000,101
11184,850,39620,1533
2997,68,79,172838
10306,976,990,76
19702,99000,10000000,147
74703,4595,4597,71
173082,4500,5800,61
129100,23,23,18865
74710,48,138,115
173871,54,54,118
199944,500,2900000,391
2838,38,165,10648
173085,4063,500000,24
19704,44999,10000000,168
180060,2599,9999,224
194825,848,849,2245
173097,8122,9500,81
19705,54595,10000000,174
176856,8000000,9999900,4
115814,26896,26898,50
19701,49740,9399999,155
173101,5000,5691,26
19706,48000,10000000,102
52326,1325,1400,80260
173104,4083,500000,23
19700,99999,10000000,183
173103,3200,500000,27
192867,149,152,8023
4656,50,90,117
19699,45131,10000000,188
2996,14,89,578832
173072,7078,9026,78
192838,37,83,14770
12365,5,113,75824
19698,89000,10000000,72
173077,16016,18616,65
1210,88,200,2861
199059,195,199,180
192894,149,300,1590
173075,10582,500000,28
188834,160000,199800,43
40072,400,400,82
5051,71,9999,444
774,50,1199,3085
6317,550,9800,825
71882,349954,349959,38
173070,8000,9500,153
31916,900,7500,116
192856,149,494,12263
90551,900,900,36
58143,345,346,288
31910,606,1343,119
192852,154,174,1210
111439,35,45,4852
198491,203,700,1934
54450,32500,72530,19
961,75,111,64
2459,499,1800,40934
76663,777,1585,30
197755,28,100,155632
109076,378,398,9232
151718,2300,2367,57
56034,100,100,17
200565,1900,2344,292
192843,40,402,3361
153628,3000,3400,85
15417,799,839,22916
43465,40,49,201
9155,1000,5999,279
5095,12,12,801
153634,2000,2000,50
153605,3500,4000,50
190396,125,200,1205295
3729,28,29,271
192675,186,186,310
192895,300,2500,3849
153625,3700,3900,30
153629,1298,1498,44
193368,129,175,5291
153632,1200,1200,37
113264,17,8800,19840
173057,19,20,56890
112297,11009,65504,20
32388,5998,8099,21837
76648,350,386,34
7070,48,48,7555
172418,76,95,939
112296,579,1400,126
18286,379,380,52
21030,6000,1214700,11
2673,544,9500,2305
112301,70000,75000,19
153611,3600,9801,62
159826,420,471,457
153612,990,10000,88
189146,700,1677,4093
173035,7,7,10695
128011,2515557,2515557,5
112285,1000,1000,49
132753,20,22,237
4582,100,2200,38
200803,47550,50050,34
153613,4503,4704,43
112281,1248,1415,47
43652,196,2001,357
37140,873,2050,44
44145,1939,2200,52
37160,1224,2949,47
153617,831,1030,26
153604,1977,1998,35
176391,4000,4000,7
153614,1286,1930,40
112289,966,1177,77
112288,1372,8000,43
128550,69998,69999,33
112290,73500,75000,14
118414,4250,9999,5003
17771,150000,150000,699
31671,65,75,29974
191379,690,850,4489
6050,217,234,1105
43117,398,500,1886
33448,60,100,1187
43122,1095,1099,5963
52752,929,980,35
189571,150050,150050,9
43118,2740,2800,3382
38987,911,912,57
29565,1800,2000,37
76093,56,465000,497
38986,196,1042,61
43126,698,727,4691
198254,445,3750,993
43121,1100,1105,769
38898,499,9900,66
71859,29524,549800,30
158189,19,24,14990
163117,15000,15000,6
197775,120,259,6837
197761,20,30,1897
23424,700,1217,454909
2862,2,3,955
43125,230,257,2869
197791,21,21,33675
2863,5,25,453
197758,20,26,2469
43127,2195,2311,4743
43108,297,297,4813
192711,2150,2150,66
82960,399,729,91
197777,25,30,1766
193384,189,194,104
43124,590,615,3680
79255,975,9800,7412
192704,2073,2073,12
62782,50,990,9212
39774,700,9500,2585
113111,475,545,11790
32205,200,840,590
168446,3100,6240,380
76142,999,1961,4500
67404,255,13900,205
171264,99,25000,838
160709,70,86,3426
192746,255,300000,23
61980,90,6000,4205
23978,300000,300000,1
52720,300,5305,7201
71810,12500,12700,83
34053,200,2006,10173
168303,4,90,16627
53065,5759,5759,2112
172359,45,110,2066
108996,5,690,26139
111456,13,13,1722
40038,1474,1552,32
27666,20,22,952
187802,311,611,9409
13446,10,100,2220
159789,150,4909,50
172358,67,100,1060
163094,8425,8458,6
89683,75,1800,236
22374,379128,379128,16
159847,10000,15000,52
63122,24,55,575
159850,5094,5094,11
44752,210,211,44
153646,464,467,125
19232,989,994,44
155812,355,500,164
36909,1495,1495,104782
4380,20,800,453
191325,1386,2800,756
74656,43,999,506
9210,12286,13683,450
5467,195,9500,471
29539,14043,17230,161
3391,1634,1999,4057
10285,200,223,2941
192944,20025,23957,67
109218,75,474000,348
6371,850,1999,2923
192690,19900,29800,9
192674,177,177,170
192688,1952,1952,49
67388,999,1698,65
30816,1,5,1362
39209,50,94,553
200005,1561,1699,1084
192651,188,188,452
37097,39,39,472
5263,209,212,109
153665,450,966,103
1705,75,1299,2552
158874,300,300,58
11370,1832,1979,11386
168650,14,541,22605
38772,57,63,352
38793,14,14,315
192911,1400,2500,1358
173362,120,1000,108
163225,27,35000,407
172934,240,2207,28913
52173,2400,2400,11
194819,150,269,10750
929,10,100,7452
109125,119,150,39498
172920,39,40,217
153490,5,50,823
31908,699800,699800,6
197770,20,20,2191
187634,9995,9999,2278
74649,1090,1900,205
198240,947,2000,474
74652,474,475,152
198498,6600,6675,280
193251,2014,6546,236443
193019,600,600,74
158871,4413,12500,33
109219,220,250,1270
171273,401,475,7642
45621,1098,1098,190
4460,72,73,70
194688,660,685,501
33547,1400,1500,32
6826,35,35,155
193217,16841,17599,97961
4557,90,90,91
5498,181,8000,22012
199055,94,173,748
194868,2957,3179,207
109129,121,493,34589
109127,122,150,54878
62520,100,200,297
198294,9386,9387,466
198241,1498,4023,209
93970,128,128,115
110649,2200,2397,42
38980,71,837,57
201319,14400,33300,352
198417,4850,7588,3362
38953,95,349,78
97161,600,650,50
194852,2716,2745,14930
198253,8777,8777,277
11404,7000,7500,174
193031,600,1060,1212
38947,89922,89923,63
49397,20099,42283,13
6297,455,455,148
56200,489900,490000,9
109992,346,9500,1598
18594,4200,13672,106
193944,999,9800,241
38870,708,1142,16
158867,300,380,56
115803,180,189,140
115811,55515,65425,32
76619,500,500,13
76625,99999,99999,9
3173,20,659,5840
76635,295,295,17
18223,100,10000093,185
193210,21,70,939289
200532,500,500,14
76678,250,99999,14
76679,2179,99999,18
76687,520,99999,33
76690,295,5223,12
191502,299,493000,1014
193410,225,225,50
192835,600,600,2018
110631,75,319,281
110618,369,9899,970
173360,100,225,101
191357,3000,4895,868
39341,730,9500,1379
176859,79,120,133
200787,990,990,209
178113,81,85,158
42253,100,576,10697
191861,140,140,164
192718,2398,2399,29
176879,17550,500037,9
158848,109,110,130
13754,135,140,17938
15564,20,79,271
77544,1890,2200,32
201428,11600,11700,91
43010,550,9500,790
39666,2000,2000,216
71865,10400,10400,17
200835,1100,1100,148
32468,200,2500,507
183945,2500,6590,5
192656,175,175,18
109144,12,469,29474
42930,124400,124400,44
68049,1851,1851,215
39562,30,48,59
160710,7,7,6891
137643,149900,149900,4
68779,4544,28562,222
192706,2229,2229,73
192707,1990,1990,15
200026,518,2000,424
179985,170,270,19
172055,7,909,31972
172052,7,10,19728
29739,384,450,11648
194968,23,44,729641
52988,550,648,173211
173877,481,500,11
183207,6000,6000,2
36783,1491,9825,2192
184201,46,46,219
176855,289,289,21
52102,223,423,16
202712,25,25,388
198233,20083,23483,222
41381,774,775,42
12809,4570,9300,1231
198260,5422,5490,471
193215,35,44,1308187
33874,750,750,3989
38794,69,70,61
162551,800000,800000,3
8836,39500,144400,769
38933,29,35,377
54449,370,27567,98
31866,1462,1462,24
122345,225,375,575
154989,6000,10070,997
152638,5400,7400,1412
3220,17,17,1162
39317,366,366,28
44739,350,350,221
36919,5549,6439,1414
115012,452,500,9
104314,19,6420,350
18562,2626,6583,5329
128650,4,20,1769
38874,2740,12600,22
109148,815,847,567
12435,75,115582,56
29533,99896,99898,50
141898,48000,58924,114
16202,110,399,2395
40118,4000,299900,222
177025,100038,200038,105
40111,7599,197400,532
112272,4116,4116,54
16204,57,118,5014
31901,599,998,240
171203,19600,99999,282
200021,8114,9593,747
10940,35,75,146675
40113,9795,197400,404
192868,179,194,10244
74724,7508,8408,99
14344,40,117,558399
87883,1114,6500,119
190378,4890,4900,670
43501,100,9500,1088
189148,1597,5449,3841
200305,5098,99128,88
13759,532,9800,493
23055,6499600,6499700,3
153673,10000,22461,274
180624,20099,100099,59
109142,14,68,69403
199970,45000,137500,120
154164,5,9,165704
82328,50,50,421
2924,22,89,3094
152640,4799,5643,1679
153603,8910,8910,69
153669,30,32,10196
160328,1999990,1999993,23
142117,100,425,2569
160330,1899999,10000000,74
38780,528,528,43
63348,1432,1432,99
153607,1287,1400,22
38781,62,69,415
153610,7920,7920,72
15872,2050,8858,121
3383,75,95,133
15408,3390,9800,1296
13462,80,94,1218
8951,75,399,465
8949,175,200,297
16203,108,300,28506
162022,3700,4089,199
85506,30,550,4759
189151,706,4998,7532
52718,100,8800,1001
197760,29,30,2147
22445,135,318,126148
153622,4000,4000,49
172408,411,21099,1115
153626,4300,4300,61
200614,775,1000,386
4461,1746,2000,1413
32201,380,380,671
156526,8199,8200,80
201318,500,501,318
52719,663,5500,2158
112293,1360,1460,17
112287,1900,1900,62
12208,12,43,8131
190388,215,700,9942
12207,34,39,9795
112292,8820,175000,20
153618,5497,5997,31
172937,400,9800,9257
7078,49,1389,81704
153615,1000,1600,23
1468,1,55,39521
76134,899,1299,2471
174890,956,956,50
12361,379,6969,2615
76136,281,281,1885
153616,1287,1557,35
7966,100,400,878
44958,2000,2262,464
12216,100,100,223
181468,6540,8053,4157
158212,511,511,68
173102,14077,16291,25
152557,38,450000,352
142406,1970,2084,758
109140,198,208,9430
116271,443,443,377
38804,295,295,64
199968,14200,14297,286
38828,83,582,41
191373,225,225,1477
191319,3100,3500,3509
128726,19398,19398,13
38853,1133,1133,33
198216,200,9800,1865
1712,2451,2475,80
189150,100,1195,7873
200788,1348,1348,254
2251,44,82,2907
173086,15540,18620,99
45862,55598,59998,24
173084,6590,7000,40
171840,6,95,72198
38557,305,9500,5807
173081,3655,4250,50
173067,6565,6569,269
173088,62528,75924,26
41389,6399,6496,40
52291,13528,100000,53
52301,35000,45000,9
194791,4000,19999,1451
133579,19950,22500,153
187827,4585,4694,17
187829,44999,45000,68
133680,500,5500,9967
187850,10100,10500,56
191338,41299,51469,1028
132524,110098,110099,43
178225,1615,1700,146
36812,170,30000,647
152496,50,1280,107
191336,1200,1850,2128
12218,30,34,356
138727,88,12500,4212
191333,3088,3440,80
27669,38,9500,3765
45879,50005,69950,28
199963,600,695,143
130215,225,250,174
109220,203,225,1056
81197,100,110,110
52760,3325,4000,79
116428,465,500,196
139398,125059,191559,7
52781,7694,8495,76
81196,125,625,75
183954,1245,1250,792
116276,44,48,576
39212,25,25,116
198258,208747,219736,227
93351,4568,5274,356
124107,18,1908,13218
199934,530,534,164
138488,1100,6000,11171
62521,200,9900,19
4234,425,1500,27369
138729,40,600,12689
94288,83,261,1025835
200024,520,750,1748
87232,1980,2080,59
38927,30016,55716,13
45056,10035,10042,314
68785,17800,18665,23
111457,1470,14070,446
38877,37500,45998,73
38923,249983,527388,27
111458,1516,1516,5289
38919,17790,21594,51
44466,3294,3294,37
36813,99,99,228
36814,100,100,144
201409,420088,420088,164
174283,19,19,768
161128,68,5569,143
193224,7383,7457,48973
28284,200,2000,440
199190,22000,39204,31
197771,46,60,47252
23737,77,1900,1076
200819,10000,24000,548
132982,79999,88831,40
38873,12000,19967,73
43987,5074,9175,33
44493,6423,6538,84
141910,14993,419899,163
46098,10000,10395,14
38871,249596,249597,115
38896,9078,14709,56
52774,14627,14627,35
38944,9392,9392,29
38831,1995,1995,30
110653,2297,6551,266
38921,6739,6739,16
38837,788,792,617
52782,6235,6235,47
38893,6351,6353,55
38834,8943,8944,9
191375,122,247,111
38880,10505,14667,83
38939,88345,88348,42
38932,3435,3435,24
110652,2095,6542,268
38823,6110,1007018,8
46026,53505,100582,7
191360,2200,2430,397
38948,8780,12995,30
52122,2401,2417,33
117437,776,776,36
110624,400,414,58
76671,3126,3291,6
95481,318,5000,418
36794,1100,1273,160
95482,226,500,587
4874,75,95,165
29799,49,50,53
168635,3600,3800,586
25432,124,124,60
23103,668,681,38
23118,180,200,68
23094,550,670,39
23108,189,200,71
23098,125,143,196
192855,158,189,13321
129287,10069,10069,36
724,2000,2000,204
18945,5,11,99151
58089,699,725,235
194568,1481,9800,369
38785,22,94,149
117454,5000,10019,59
23530,95067,95067,5
201401,1998,46800,7122
39563,100,360,17
10558,95,999,5547
44770,32279,100079,40
7307,88,90,182
199195,18592,18971,1086
124461,2159,3524,9240
2687,2,2,206
39683,7500,35583,500
21072,25,25,469
22871,700,1330,1082
198237,195,478,1225
43551,1500,2668,159
38869,2889,2893,27
191398,2300,4500,710
107518,288,289,35
76676,400,289100,21
17011,396,9500,3696
52117,2374,2500,38
76661,2598,289100,31
76662,4400,99800,104
76698,760,900,29
200832,509,509,302
3665,14,3861,695
44755,30,34,20
76895,4950,6259,71
98118,300019,300019,10
43329,10000,10000,2
98116,1000,25000,4
21844,415,626,2070
1179,4,100,1697
3171,98,100,363
8948,6,55,249
163707,375,375,154
157844,35,35,186
779,11200,20000,33
30820,50,59,28
192721,20000,250000,6
90047,1099,1099,12
41464,571,613,6
130905,2170,4354,2175
6358,325,5999,4835
71862,29983,29983,21
132212,21,21,245
64396,80004,85004,216
64395,7994,8000,137
142336,4,27,12485
115502,2762,9800,11212
198291,150093,150094,28
183955,1199,1240,5335
76133,199,399,973
132237,80,80,115
89893,100,100,418
25893,95081,95083,21
62669,364,430,164
43466,100,255,392
29452,68,68,263
201420,299,3280,26042
133589,25,44,2915
124121,2,5,22365
62662,300,300,212
76879,1500,299900,24
62651,1200,1300,105
62661,451,472,461
42546,14,14,1195
106888,100,100,119
62657,300,300,27
27668,30,97,1760
17197,999,41500,639
17198,1102,1204,146
12799,350,555,14605
152545,95,999,10619
53067,600,850,1265
62523,75061,100061,20
63127,2497,10000,1348
62522,565,565,41
29449,90,100,127
176881,500069,500069,36
198283,10000,10000,19
63306,1345,1345,55
127846,169,170,534
187849,20049,23283,134
151444,4900,5000,14
132204,21,21,826
6359,300,5999,1476
27855,3,5,151
25411,50,50,176
97619,375,375,4895
102542,76,9500,1387
25719,1706,8000,2729
179279,9900,9900,61
179277,40065,47065,86
49884,2019,2125,47
11415,297,139997,83
20679,1300,1342,64
193389,359,500050,265
200057,54400,54495,425
11403,200,200,105
201045,700,830,108
201046,800,800,990
29451,125,77797,746
41395,5927,5928,16
28399,20,34,649
72093,74,90,67619
102218,25000,60000,1289
128315,359800,490145,420
180430,13,13,202
20876,50,74,178
20874,74,80,99
13444,18,100,3203
139437,23765,43634,210
137239,30971,65000,105
83064,190,195,2492
168193,650,699,1998
20875,61,61,103
139315,31277,35898,101
76655,3244478,8122239,2
27858,5,6,247
46376,880,950,683
200786,1985,1989,121
58092,739,20025,1227
199942,500,527,134
199940,525,527,144
76075,153,5568,437
199950,500,515,567
174041,2999,4000,109
199947,512,533,394
201405,28000,38304,39740
199956,500,500,546
130182,833,1500,637
76605,99900,99900,3
200573,4498,7912,1318
76700,890,99800,202
201315,500,501,269
130179,1710,2700,844
36930,74989,99999,52
36926,114,1200,658
76699,593,593,82
76539,150,175,69
89679,10000,10000,9
33461,35,71,820
4278,67000,67500,98
76654,425,1753,35
178219,974,974,38
74641,499,1450,336
5526,25,25,119
152541,38,100,665889
201820,13042,13042,219
23756,350,943,340
158830,200000,200000,7
89678,136,136,77
171841,13,13,25266
41339,1500,3085,208
192553,450,1499,2602
142266,15,20,13608
159788,1125,1250,76
52193,555,8308,571
173049,25,25,211
176393,50056,50056,1
62277,300,687,664
191358,2300,4200,20997
4623,11949,11949,30
191331,1036,10004,2484
191340,3200,3800,1858
176088,55000,300000,19
153702,263,265,1636
87238,350,8342,1339
176087,17500,17500,95
76643,399,399,26
134051,86970,93470,2
76645,725,994,12
76638,395,400,74
76691,425,425,10
76672,3172,6500000,89
168640,498,1200,2190
39469,969,1757,9414
43115,1280,1389,3201
98111,499900,499900,68
172346,25,25,193
132516,7075,8505,1946
90057,8411,8411,89
110638,1062,2500,32
108327,200,200,839
38881,19673,19673,55
38902,2025,4347,85
82445,4000,4400,21
24273,25079,95586,39
128304,198,201,141950
82444,2374,54946,106
193230,10094,10300,6620
193218,35233,35250,70729
194803,10789,39999,1683
194566,4797,4798,687
194122,50028,58078,55
6453,108,113,431
76587,50015,50016,5
62421,75,75,330
76573,8900,8900,16
76616,1600,1651,5
194756,44998,76497,834
130192,100,144,219
72104,32498,39998,7965
194810,4500,19930,1495
43521,2599,9997,5
37467,10000,33300,22
177062,990,993,49249
172414,102,118,128
130175,500,500,174
76626,30086,30086,54
109160,250,300,190
110682,5277,5277,92
108300,138,9500,1065
114016,248,248,35
124640,1734,1956,21466
175970,83,99,34133
173059,80,99,43149
9312,100,688,166
191337,1018,3000,3210
124111,11,999,7028
4604,20,20,116
53068,144,5073,7178
109124,132,444,21567
21576,28,800,226
81198,163,163,33
111676,34,47,2963
83092,2257000,2257000,71
67385,500,500000000,55
200805,12060,12065,14
198202,4299,5700,1416
198201,7067,7067,167
200800,665,700,643
191350,10006,12000,2815
201467,1800,2500,66
23100,69,75,113
198165,11149,11149,797
194805,9900,49900,658
109126,99,150,44712
30475,100,100,150
38887,46029,46030,25
38999,7691,7692,70
39000,3524,9559,34
163908,277700,277700,1
191332,33464,45440,3185
18236,39998,39998,20
109223,102,1032,5105
128014,1149387,1149387,4
133570,68,70,309
42431,1328,1500,541
42429,525,1000,997
130268,9499,9499,68
43694,335,335,7
200765,18500,18500,21
193932,12499,13519,713
130178,3120,3150,228
130264,4049,4049,110
44601,77,92,281
34843,20000,20000,10
60399,100,100,47
156624,130002,140002,4
90561,20000,99900,42
162666,24750012,24750012,1
22645,15,20,109
132233,22,22,617
191511,24410,53012,293
200580,7904,8500,50
13443,299,372,272
190536,30099,30400,356
2799,8,999,3082
141333,158,358,108
168624,26998,26998,95
173051,9999,9999,93
40360,25000,26098,26
172057,10,10,7489
55053,299,929,200
200007,2503,59089,159
12433,99999,99999,2
168412,22000,28500,566
192095,83,94,108802
171439,70,144,1466
153478,7550,9902,221
128543,2250,2500,95
189149,2000,9000,377
192907,824,825,923
184342,3502395,3502395,2
23116,89,93,71
12215,650,700,426
38935,82159,90260,31
24067,954,954,13
192971,47,50,4551
119100,8426,8426,5
128999,29920,145481,25
40214,39999,39999,71
21752,99,299,1766
133576,130,130,3254
184624,1999,4951,86
153033,28500,30084,76
173130,650,900000,1166
199951,500,500,347
114001,1899,2999,9
146406,29474,29474,42
128997,20000,20000,22
129284,2425,2425,1794
133688,50,148,235
191397,299,1200,549
129000,47330,47330,59
33639,500,500,5
200633,63000,63000,51
56049,200,200,14
108306,1409,11000,719
179369,1477,1500,42
179368,600,600,34
35948,26,96,522
81920,140,284,913
8172,887,887,8567
191341,3799,3999,43547
38803,96,102,115
178104,46,46,14
38849,251,269,85
176862,39,39,95
176871,121,121,56
181713,198,198,22
176861,200,200,47
136637,149,170,3965
176852,133,233,37
178114,149,149,118
194857,3154,3493,696
127834,214,1776,2538
32851,150040,150040,30
136633,290,9799,465
29580,200,200,42
43116,1399,1736,4920
42434,122,125,1070
13456,1593,5000,491
40077,447,450,1222
13452,4850,6326,1107
23441,300,2550,174
22833,56574,56574,1058
22844,5484,50000,10126
22838,3060,3400,1754
31885,79591,79591,25
4585,25,271,317
44327,799,1900,663
127838,2227,6992,1040
11325,179,1100,235
166270,1850,1883,1232
22834,499,969,572
44332,894,1052,800
79286,31381,34770,13
33866,1500,2932,216
79290,12120,12120,23
79310,57204,57204,23
19974,3024,3024,50
168417,45000,50500,1634
194574,1400,1460,1934
38836,405,1088,26
200815,10000,14900,40
11407,194,195,74
6529,67,68,23778
55978,20,20,61
200056,416611,450000,341
55975,3500,5010,37
45198,32,62,124
27678,19,100,24020
178550,35,38,1239
198535,1098,1899,538
787,20,27,95
74841,78,1399,43260
2319,250,2085,36604
22866,4155,4255,1286
22853,3800,9999,5601
13511,35997,39999,1543
180457,4736,4990,820
9197,1519,3800,1863
2321,2,2,111131
85504,400,400,47
83156,100,110,218
198497,7522,7522,70
40152,29999,299999,130
2683,20,25,474
3727,100,100,57
134860,278,297301,370
128159,19999895,19999895,3
34756,325,325,19
40042,600,3500,512
45979,140000,190000,34
151386,18700,18888,9
5114,2,20,69
173170,253,256,1086
76570,490,2020,174
2304,72,500,1696
173109,259,406,2455
52219,1099,1499,300
187704,7,7,40170
163841,20000,20000,41
88532,50,65,69
74707,19,224,1712
60389,54,54,35
192691,24000,24000,56
11584,18,30,147
4407,540,5100,187
128984,4990,10041,18
2798,116,500,112
158205,89,100,4923
158771,31,31,146
193438,2188,2188,19
10546,3500,3500,67
115815,40222,40429,44
5113,88,88,32
191474,483,484,202131
29571,1562,1631,24
87530,2669,2669,66
58091,96,147,739
193923,298,298,306903
22376,209996,209996,14
60393,98,99,25
56502,99,157,112
24232,485000,485000,9
199984,500,504,186
58278,4268,4500,71
56234,15040,15040,4
132230,5000,25000,18
200634,102901,102901,370
176873,4000,4000,9
55983,800,800,55
71822,40095,40095,26
192885,949,450000,3383
62391,1522,1522,56
46361,1360,1999,76
21153,142,9800,767
194681,120,125,577
188658,393,412,236431
189143,509,809,23253
155598,34,34,104
5833,2501,2501,37
198188,1799,3398,7973
3180,59,61,101
177028,350,350,52
190312,8515,14079,19299
11590,244,990,60
200048,114997,114997,257
9061,2431,2499,331
2675,25,9500,9793
133591,63,100,7811
176392,70,70,16
134053,130000,130000,2
176866,40,40,263
194735,600,600,109
194732,749,800,154
134050,23200,23200,4
104316,9499,25000,3691
127761,745098,745098,14
176807,150,150,27
76890,1837,30000,50
76897,7000,9376,67
76893,2543,49900,38
33234,59,5575,791
9334,24,24,42
192652,165,165,98
42428,985,1588,861
76888,5700,299900,56
76887,599900,599900,3
42430,1816,7531,581
8151,287,299,323
128983,295,495,27
9336,99,905,26
76894,5762,14077,40
33449,128,128,828
128985,2995,9599,21
76884,5735,8999,234
200831,100000038,100000038,33
4594,144,9999,361
9335,34,34,84
193227,12629,13088,2294
168639,718,827,484
168641,1000,1993,427
165016,1597,1612,624
168642,3000,3000,376
29460,14188,60000,120
83006,2393,3300,135
87559,1500,4936,259
83007,2495,3302,108
3301,84,84,91
36797,15017,19017,6
17747,1139,1139,19
56160,11995,11995,4
17344,150000,150000,10
38261,19899,20099,24
24282,10000,10000,5
30458,145,145,21
17196,50,2000,447
74839,422,9500,6623
38976,94,97,30
74654,74,74,172
41602,22231,22811,63
74651,525,549,203
142264,600,600,283
187707,7070,9900,1039
193962,500,500,1463
201219,459912,16255306,6
133607,49,195,36241
13758,50,119,926
194807,11995,19913,975
152543,200,995,12098
109123,1004,1004,4496
152546,348,389,15806
109141,43,55,10966
168302,49,265,17903
173032,7,45,16827
9314,449,550,108
173033,9,13,17785
68196,99901,1299951,2
6452,42,2500,325
173034,180,2500,18404
12190,100,100,74
9154,90,999,1108
12037,3,200,6574
13454,500,697,108
35758,452,452,399
201192,1999,2369,4
64392,11483,20404,1281
172048,13,13,1489
6303,30,200,12566
6362,4,49,11392
117442,89,89,111
60577,44,65,91
19271,2598,5000,178
155610,41,42,140
200059,89899,89899,322
172904,1400,1999,378
6260,1,2,47782
173041,20,20,207
173040,90,90,225
199959,500,750,192
2672,16,48,5554
24051,750,750,119
137191,23147,32347,220
137288,64000,71722,122
139358,30097,51162,211
139442,35998,56358,76
63304,299,299,177
139310,34990,35499,310
137250,30000,65000,120
137287,57000,67390,157
147776,900,13715,2100
136825,61000,70000,156
74859,237,250,3438
139278,61500,75000,93
19222,20,98,2758
113992,500,500,134
35501,52714,52714,33
139288,43999,58690,149
175054,264,300000,95
129018,28528,34082,358
139435,32998,44292,125
139289,48500,65000,115
199053,875,1192,100
77532,371,373,43
136826,33000,70000,155
139270,38975,65000,95
67507,1319,1522,35
25427,30000,300000,34
165692,3200,3200,313
33546,38,50,48
21536,1597,4400,258
36809,80,99,18
158204,6099,6199,1165
151608,1899,1899,402
4377,70,225,3033
36816,58288,74196,48
36817,500075,500075,13
197764,789,798,10072
5134,3900,3900,7
62675,800,900,215
129022,49000,65000,120
193957,195,9800,595
114004,30000,30000,13
174322,5000,8750,18
139348,51000,65000,100
197789,99,100,33901
44963,1584,7425,45
158743,5481,5481,3
58480,44900,44900,4490
11942,200,13600,12
68055,8999,10000,8
192977,44,49,11851
192926,40058,40059,48
10308,800,929,138
109156,985,1025,518
52976,600,3371,27988
74844,48,559,7485
79538,3905,4171,190
194812,5247,5300,290
53049,34,70,402
31677,16178,17976,52
21884,29677,47565,16139
191504,1999,2500,461
41511,803,820,5183
23784,1919,2703,894
74848,174,750,5037
168790,80000,13000000,21
74837,250,398,2590
194692,137,144,417
4389,799,9500,545
33042,990,999,1213
192727,2284,2284,80
19236,15000,29900,14
24033,851,859,7
197787,100,156,55513
77467,1319,1419,1696
8827,869,44418,5295
172046,13,13,755
162116,999999999,999999999,3
5042,102,103,201
158203,1570,1572,78
27661,177,499,270
193924,32,150,951383
27857,37,573,842
28102,79,130,829
198487,100,100,166654
198314,1495,1495,678
40124,12317,293800,161
40139,35257,35257,29
40179,1996,294000,128
113585,885,3300,458
40087,175,175,107
42701,564,564,26
200509,50,400,53911
5631,2203,2225,116
18294,3000,3000,142
13457,432,433,1310
9451,345,375,83
3385,13,90,916
3531,25,202,2458
76504,420,520,85
3827,78,103,3036
6714,2000,2000,418
75038,100,392,207
858,4,40,4228
76092,70,466000,303
76565,325,325,33
52236,528,609,19
10938,45,168,24563
76569,153,153,43
111664,26,9500,4092
192671,190,195,280
39567,20,20,239
128312,400000,400000,8
111441,75,90,196
182653,7,7,183
112300,1900,4200,63
7082,4500,9997,12893
12184,10,2640,22545
21885,15000,29900,6061
68741,3981,3983,8
74919,700,700,119
76566,30248,1046767,43
168185,445,900,142952
30817,4,10,608989
4304,357,888,30603
154898,6,469,9931
187936,41892,41892,111
109155,450,575,512
22457,16499,29948,4420
36782,656,9500,3413
62664,91,92,841
3685,4,350,4004
34749,95,98,456
35623,2675,3700,5290
3864,600,1001,4724
41801,99,9500,2152
28101,1372,1385,320
189543,60499,67000,3999
40109,1045,1045,230
4337,50,3557,8349
52555,765,770,2842
5785,75,9500,2008
79253,497,800,42402
128720,60000,82895,13
4291,7,7,43684
61979,500,500,10761
61978,999,7500,14242
128735,1300097,1300097,8
28118,3599,394100,36
153606,89988,89988,56
42432,30,5400,706
39342,174,3074,11538
200044,525,540,337
153619,14733,25038,14
783,225,675,3408
79011,35,3000,22523
8150,39,75,36452
39338,1450,1499,3695
39340,1748,2291,1678
32196,1229,1333,3959
21570,7589,12089,205
74921,2085,2790,661
33236,100,4491,1126
39568,60,63,82
40199,200,361,5527
201408,4581,4585,2406
200793,1715,1949,341
39203,150041,200041,3
158186,2,2,37980
39201,200011,200011,6
40195,272,418,22399
59480,50099,74999,202
22446,111,847,74595
64670,13,178,7529
51950,2700,2894,5421
199219,2700,3669,621
118472,2400,4500,3198
33462,62,65,66
56205,59,59,157
152579,499,3160,25172
27681,220,300,5394
43394,5121,5487,323
18233,566,566,33
187934,43000,46500,155
40070,300,1499,608
32220,351,351,737
39501,95019,95019,39
194724,39,194,203
74857,244,347,5770
191376,174,200,572
109122,18046,89998,73
74864,169,240,5533
168793,7410,8910,9
87579,257,10000,123
198296,1110,3464,401
8165,1075,11000,2096
71883,240906,240906,51
6887,300,1900,1429
81922,4393,4462,555
128648,4000,12500,666
71376,40049,40049,2
43478,9800,18943,397
30511,2000,2000,8
52721,190,245,1993
33254,99,4399,1275
43012,187,2099,4173
33246,40,2445,1263
31886,300,1556,143
62014,100000,350000,9
127037,99,106,3350
168795,9998,9998,9
27515,4900,11000,363
147777,5900,45000,2184
160092,95,247,422
20514,199996,2044896,2
32225,3500,3500,433
108920,125,148,99
127368,65427,79103,4
128835,747,747,128
192728,5000,5500,25
110645,1096,23779,96
187712,72,149,111
110647,1364,1378,32
111455,13,13,739
162111,50922753,50922753,2
110639,1799,1799,26
110640,969,2500,20
82451,13,154,685
193939,36885,36889,4393
110642,1176,2500,27
82450,4900,7400,999
130250,3554,3798,374
57192,199,200,909
4375,346,773,4094
35950,840,916,958
191386,798,798,12727
52093,285,300,33
52091,250,250,48
52163,700,700,12
22831,3050,8500,590
5469,20,900,6416
168498,5800,19274,882
38914,18,18,91
52172,1600,1600,12
28103,250,459,2727
63388,1400,2500,172
191499,14498,21462,190
52142,200,200,7
200049,104497,399900,508
52101,100,200,23
52126,99,990,76
52168,400,400,21
52087,397,469,82
113262,19,633,20788
52115,285,12800000,96
2723,50,75,2839
4541,6,67,741
183953,298,299,1015
175886,8,8,8671
34747,300,500,276
20432,999999999,999999999,2
5115,3000,5070,35
36808,780057,780057,8
56195,10067,796617,2
62328,200,500,41
76611,10404,10404,21
39222,97,99,75
39525,20000,20000,6
129019,62000,65000,100
193252,890,1227,30855
39354,1,1,377563
2841,185,199,16255
153633,4400,4400,52
92056,285958,285958,20
23768,175,197,1062
153624,65000,65000,97
37588,9999999,9999999,1
191471,3138,3253,118425
42702,12800,557400,8
23111,98,182,45
1074,89,100,136
193893,75,75,155
35949,5,397,721
165017,125,155,423
36913,1715,1750,17449
52294,16699,13000000,58
108352,273,9500,1429
108345,161,9800,703
25425,4800,4800,94
8959,50,98,279
133567,350,357,79
192942,29942,62800,741
3010,5643,5645,39
173110,373,500,3352
34832,74,79,6336
58142,57,59,438
11444,2003,2003,22
136558,4999,25000,124
133557,13,13,1027
199978,1211,2911,7136
25652,55078,55079,33
192686,5000,11400,16
199955,400,518,338
132517,40000,40000,30
198282,1044,1100000,626
191943,55,100,763
193567,16999,20458,212
190531,9900,14299,6322
136557,2000,50000,71
63530,12652,12652,69
21224,200,1900,310
74853,15000,19499,4503
197772,97,100,2604
163052,22,22,107
118902,231,231,38
18262,550,750,505
197849,98,127,947
36811,80,100,155
36805,300000,300000,1
52096,400,400,19
160398,11,288,7176
21223,240,240,434
190315,1004,1399,97312
112280,3000,19751,13
153608,987,1297,63
153621,4000,4000,71
4384,25,900,1332
153623,2000,2718,54
153627,3400,3400,59
74833,220,9500,1263
162117,30001,30001,50
168796,2000,20000,13
201188,899921,899921,3
83764,12900,13000,68
79308,228730,228730,7
200795,753,753,255
62658,1573,1573,239
23120,1881,1881,87
198292,986,6000000,160
52112,376,400,22
198289,955,1055,759
52138,3899,3899,12
35563,66,66,7382
194827,127367,127398,183
2608,29500,30000,20
126935,9500,19900,99
163906,99900,99900,1
31868,700,900,34
190324,29099,34999,13863
201203,89998,89998,7
155607,720,720,28
3712,699,9500,1367
192963,39095,39999,133
190320,1489,1507,170073
198183,366,367,546
41807,455,9800,715
195359,9500,9500,64
7191,1020,1619,3823
198198,25797,25797,224
35562,289,7500,13407
120257,700,11533,956
44330,500,1099,187
24245,3065,3067,765
190394,284,352,525003
52120,490,490,8
194816,5641,19999,1227
173095,9469,9761,28
127681,113,9500,858
187702,14,20,14749
20870,199,585,116
194799,13380,13515,911
193942,200,400,516
110610,20,55,10294
23095,128,562,79
38866,521,522,28
188683,25000,27500,9
188685,22499,22499,10
28362,2950,2955,937
31911,1100,7498,145
194808,9999,28899,910
173124,1040,1200,1202
4392,6500,6500,219
76540,115,120,363
81408,101,111,55
132514,18000,18499,5643
133575,19,22,1199
198281,1200,2500,209
173065,1211,1211,72
200052,738999,739999,81
200780,1153,1153,167
200582,4507,4513,130
2289,3,4,224
192935,50025,50027,2018
44722,8888,11100,55
43350,376,6500,165
2287,7,103,552
65893,288000,288000,99
12217,17819,17999,178
18227,1500,1500,16
1711,2,2,265
40155,10002,299900,135
3576,199,200,11500
182122,243,243,159
21595,50,50,53
192620,61,61,187
194012,2569,8971,768
192726,2187,2187,19
147774,1660,14400,508
57193,75,375,261
151257,95,500,4790
151256,100,244,2193
198413,3250,3250,5213
155620,2500,3000,23
81194,75,183,653
39004,88,225,65
14341,42,66,10166
200570,5161,5161,494
194015,2999,2999,1135
201206,98106,99097,5
191470,3253,3358,16998
158817,380032,380032,3
4406,3400,4000,272
109625,100,299,4264
109627,45,1427,2063
58090,53,55,460
90058,100,400,26
109628,90,9800,785
127840,100,100,145
197721,1969,3200000,292
158789,2000,2000,13
158801,24551,280062,22
108323,67,9500,4503
29567,4500,9000,32
81403,16,17,88
169139,100000,150000,5
201205,97000,99000,7
203652,6099,9800,650
172368,246,10000,5640
192966,35000,40000,89
36910,5900,8197,3962
44274,45994,86595,8
44282,15235,15235,14
172361,141,3365,3306
71720,23069,48639,53
172363,32,3050,3437
171291,400,700,39420
12431,2568,2568,48
152639,1750,2122,1002
174350,23,24,313
198431,752,9800,352
158775,1099,3285,163
44271,485000,485000,10
76561,100,106,15
44281,117340,117340,7
44289,28449,43675,20
44292,8888888,8888888,8
44293,399998,399998,2
19275,27999,28000,15
172063,590,590,8698
76576,2800,5050,70
106825,140,143,51
141446,100,100,285
168960,7474,7474,162
38964,200,290,72
37156,2328,5000,67
34841,8491,8576,13
6662,1930,2499,2488
198317,8415,8415,1558
23786,148307,149805,526
30476,7400,7400,28
198614,18900,20000,3257
115812,17675,20891,45
54442,480,1080,521
43109,550,9800,15512
193937,47499,59500,2134
4232,784,10000,6690
3829,4885,6664,63
81411,19,45,75
154886,697,715,1581
37567,40,40,383
62791,45,7000,11484
166344,23,500,733
120150,94,180,438
130172,2800,2875,228
44619,900,900,69
184343,19999,19999,10
6290,35,44,480
5566,299900,299900,4
82449,988,999,319
19258,4400,4800,71
60743,110066,150066,9
39361,13914,13914,15
39356,4044,5444,12
7067,871,8820,1743
17202,2489,10000,37219
107462,178,509,20
2871,133,700,1031
723,34,9500,3378
198501,1979,2255,317
141215,4500,5000,201
200061,1994,2529,24096
32410,116175,116175,23
153630,1501,2001,60
76554,199,99800,26
197857,9700,9900,199
31915,1500,1515,128
198309,11499,11500,111
32601,20000,36077,711
20859,33,33,907
21593,50,60,59
21592,99,600,104
21589,80,80,178
20861,30,30,700
21561,10,10,80
4402,22000,22000,4
20862,34,34,487
192899,1099,1200,11752
20864,34,34,577
151580,4214,4225,157
108342,33,100,2272
33454,156,156,101
39909,486,550,77
39910,325,325,57
39947,244,259,37
39967,375,375,42
32413,199,476,1257
190321,14757,15008,20539
141641,3337,3440,31
39968,200,300,39
58086,2099,2099,179
41436,101,101,17
20882,50,89,146
41437,2500,2500,13
33447,79,123,780
41479,450,450,6
109599,7599,42000,115
199941,525,526,150
41492,200,200,11
111447,13,13,9657
76502,150,375,749
35799,199,1400,79
193216,19900,45199,4907
76634,1500,1500,9
9224,3499,4899,1015
62649,5432,11266,4593
127836,67,355,2350
52164,1347,1448,16
20878,92,93,184
180057,500,1514,1246
124115,289,8900,8584
67438,2075,2275,419
20879,73,73,203
38771,15,15,193
27854,85,125,339
16040,50082,50082,81
42999,325,325,121
191466,1420,1700,92307
7912,7,9,42962
23939,299,299,166
144329,1800,9500,484
24521,100,100,50
19768,249999,907357,495
24519,250,250,200
201222,75,75,159
33451,82,83,409
32725,10000,10000,3
193936,41300,44399,1062
30814,100,200,114
30815,17500,300000,40
104341,800,12284,70
32728,2000,2000,58
21882,25,100,9747
187842,500,300000,796
23329,500,500,10
194693,300,300,238
169673,10000,97500,24
188947,12500,15000,6
107528,40,47,164
176875,38569,42069,3
179297,643553,643553,4
20709,50,100,94
116149,990,999,489
28104,716,1999,1046
23529,1100,7500000,108
46377,692,5999,1161
4607,56,100,66
76098,60,69,596
4424,100,100,92
15993,200,522,155
161347,5000,5000,33
13455,1440,1440,124
118576,572,572,60
4426,20,123,213
185968,352200,352200,9
200808,545,545,251
57191,254,2036,706
13928,175,254,218
128840,101,101,481
201047,170,500000,17
59231,875,875,59
1205,14,4000,999
168506,700,700,322
41167,900,26333,128
74648,975,1350,213
82343,84,84,53
9187,3700,3745,75
62673,1567,10099,714
80594,249,249,66
198403,85,85,74
132234,270,270,79
60377,199,499,561
111454,13,13,210
44329,539,9025,234
154887,425,499,810
58094,1025,1075,857
8956,400,550,159
191352,200,699,646
122742,10,5800098,233
62680,600,699,388
27658,27,540,77
12212,47,50,80
24105,21,121,74
23331,222300,299900,31
187180,29250,37500,145
4757,1200,1200,28
6890,19,20,145
200025,548,1000,352
191465,965,1278,153093
10548,3500,3800,31
43488,41,209,528
19269,3897,3898,48
19261,21091,28450,24
130903,45009,45009,725
19234,4999,5430,22
3470,82,9500,1145
160712,7,7,8012
12224,155,394,523
169130,49,49,1810
38777,24,24,245
7096,135,137,71
191472,3637,3702,51797
21991,30,1018,1884
21990,70,75,468
23332,200,200,51
6450,4,6,343
24053,375,673,106
169145,225,225,154
6451,25,504,1243
8545,18,650,3337
169149,3044,3044,33
194826,2995,2995,2830
22459,286,653,65
159791,569,300000,44
100734,50000,75051,4
37147,2425,2951,25
120269,180000,245500,3
120274,50900,59900,7
120330,662508,662508,3
6372,299,1829,4225
171268,25,77,3211
2455,15,144,692
200623,2431,2500,36
174284,329,329,198
105701,4520,4520,67
6149,50,200,1761
141208,10019,10019,59
152495,65,90,1327
111446,125,150,397
172504,2000012,2000012,1
158756,2297,2297,5
140301,10019,10019,63
76081,98,98,1596
33092,12036,12096,145
199476,1498,20000,194
137238,13500,54778,149
180411,50000,50000,6
52250,3915,3916,18
71875,19267,20281,22
158765,90069,300069,8
200041,500,720,579
52235,8099,294800,31
40013,4000,4000,23
2295,300,350,50
40016,1295,1295,11
52217,1500,148196,20
40146,32000,299999,67
52166,122,122,11
40150,13999,14000,91
40177,2500,6356,56
40180,3815,3815,79
52161,2100,2100,6
52160,5400,5500,6
166343,50,84,920
201469,120,120,514
40115,7758,7758,6
74847,800,985,30398
40106,988,988,18
52980,35800,37494,142
171274,600,465000,715
40095,500,500,26
40090,1502,1581,14
40055,637,249800,16
40052,2100,2100,13
33052,180,200,647
40026,296,296,13
58268,121,270,61
87764,2850,3500,173
40000,3499,3500,16
7228,2714,2714,10
76085,710,5999,620
83097,20,45,156
23334,100,500000,7
87872,249,249,233
198208,1100,1100,113
172008,3392,10000,355
44314,100,129,71
39671,499,1195,217
18255,360,360,164
127837,2275,2375,532
152550,1631,1647,344
4374,290,290,17
46378,880,899,260
41483,232,232,5
41467,202,202,11
41441,500,500,8
3928,4,104,3092
192940,39996,39996,43
118,50,100,533
158860,121,121,49
175241,85,86,123
62779,30,9500,5277
152876,675,3900,24674
85570,2551,3051,64
85568,250,2745,83
55054,2047,99947,314
23528,685,63318,247
38901,1593,1944,48
38797,15,15,157
12607,194,99999,775
7098,25,25,57
62238,231,231,53
76701,775,9900,22
153444,3950,3950,85
154899,7,7,11939
199980,3500,3592,1696
118592,723117,737874,13
195459,180,181,100
119102,19208,19800,6
24291,150,275,372
44089,8999,20000,6
46849,40000,40000,680
128500,100,910,5226
128540,45,2121,805
128537,97,100,50
82443,286,289,142
194049,1900,491000,297
191950,2573,2573,1073
199996,520,720,1215
199990,500,500,447
35951,179,374,325
193931,1398,1398,19487
193940,51494,54797,3514
17404,80,81,20
124118,44,100,9918
124119,50,100,25869
109693,149,333,54061
4235,8134,19970,3689
124117,30,150,15251
124438,1,801,147688
128768,98,2525,1409
18645,1760,2999,21
147775,5099,7399,117
13458,503,513,1186
124439,1,100,114296
21031,48900,48900,70
179014,12000,50000,15
4602,60,810,550
4539,4,77,731
5996,4550,4550,20
197850,419,419,252
18640,1295,9999,429
42225,27500,99988,633
3662,65,92,433
19774,199926,2805826,4
43001,193,193,144
171196,540,540,27
173759,720,1710,18
76083,760,2998,331
173859,225,625,1047
194010,1228,490000,1023
136561,100,10000,37
10592,1000,1000,129
86074,45,496,176
158381,60,100,1742
163784,135,135,246
200768,1000,1000,286
44325,1200,13525,180
76097,1750,494000,444
1180,8,8,101
76080,255,2525,1114
128837,47,61,146
171352,999,1200,1267
154888,200,200,270
184682,5000,5000,7
58256,68,75,499
187911,50000,82179,46
63303,90,2914,368
34767,5948,5948,36
200680,295,295,55
17119,499999,500000,28
34125,120,225,110
62674,1575,1575,55
29412,500000,500000,1
18045,4487,4487,13
1181,79,80,46
86073,595,597,28
13934,221,240,47
27859,360,400,95
114017,15,100,527
21217,19,19,671
36922,5500,9968,6484
76135,112,1500,1789
194048,200,200,37
2725,4900,4900,5
76130,149,1500,2828
2728,4900,4900,3
76552,190,195,122
2730,4900,4900,21
158757,42506,6731259,4
2732,900,900,4
97624,177,9800,786
76606,4469,4469,17
76509,150,295,190
37921,175,2500,8656
194009,320,485000,949
2740,900,900,2
2744,2900,2900,3
2745,2900,2900,3
32212,5696,5696,124
41485,1024,1024,7
39934,960,960,54
2748,4900,4900,5
32222,1186,1499,950
41432,199,400,34
40128,11061,11061,130
2749,900,900,3
24030,2907,3060,61
52216,14422,14422,8
2750,1900,1900,3
41397,550,550,16
130248,70697,70698,54
32897,14,55,55775
39908,240,329,35
2751,900,900,6
173129,600,700,877
40160,9800,9800,22
41444,257,278,3
40167,6897,299998,323
52206,10000,421800,31
151584,7500,7500,37
41434,1955,1955,7
71880,237388,237388,64
90557,1199998,1199999,5
41398,10000,10200,23
130246,70397,70400,50
39343,282,344,88968
154126,355,373,484
52086,684,684,21
173126,1000,1000,1298
52111,2965,2965,19
76692,10000,10086,78
111656,150,9800,559
40157,9034,289900,141
168636,4803,50003,413
79314,197400,198500,12
71881,245000,249999,86
33782,599,600,144
32206,309,309,602
71863,10000,12750000,16
76567,250,250,35
76568,186,209,137
36931,1800,7000,3835
192912,1485,1842,234
58487,6838,6840,601
168959,85933,85938,112
194752,2150,2150,2279
13445,2799,2800,59
38682,16,20,109776
3177,200000,200000,13
69864,100038,250038,9
36907,200,723,19389
76088,398,5999,464
171278,3015,3023,1828
33568,294,3000,32801
44290,37300,37345,14
4342,13,157,2649
173039,40,40,240
53066,80,9500,9682
127991,120,999,3002
188761,2400,9999,463
189542,14999,14999,6455
198495,1950,3188,669
200810,5000,5000,19
130245,88999,89900,82
109143,20,100,8997
9308,186,1037,5968
27671,95,9500,2601
32203,298,298,584
113574,285,299,59
36904,184,1169,20909
127759,2924,3900,8576
113263,83,355,8924
33457,269,284,424
27651,25,25,247
128733,1646926,1646926,5
153479,750,875,70
159787,1299,4909,45
108302,200,2000,2522
52114,194,208,37
52152,2500,2500,5
180732,18,18,11704
136562,1199,1199,16
139503,75,75,873
172051,89,89,1279
111445,66,2500,213
198164,332,349,385
163192,200,200,81
116979,36,37,10162
162556,50000,60000,140
33081,1534,5588,10
136606,250,300,110
3728,50,74,64
104348,290,293,127
186975,350,517,71
116268,132,232,1715
34760,63,104,24
6049,217,234,1060
197855,2131,2350,783
178227,1710,1800,67
122347,92,576,243
111437,79,125,169
111449,425,600,596
33048,5,34,379
168662,798,837,6142
16166,60015,500000,3
5472,3,104,716
4599,6,12363,627
163082,200,999,1405
152494,834,834,249
198161,350,398,18607
163134,4999,4999,6
35953,11,76,386
8953,5,59,542
46766,1695,1795,270
194689,539,539,187
160554,1070,1075,137
143681,50,55,513
6811,400,400,22
60853,45,45,122
128761,855,1038,120
34753,25000,25000,92
191371,17000,3400000,384
2682,100,199,97
21215,54,54,618
128727,148516,149017,11
174351,200,299,188
138285,99,500000,32
8952,9,197,273
28421,215,363,209
3823,800,490000,1687
34752,439,441,1028
161348,500000,500000,11
41509,158,158,529
191513,13980,13990,174
6455,30000,300000,12
199060,9954,10704,50
199056,3569,3570,67
4399,32,32,6264
112182,1423,2291,1180
45197,9990,300000,8
152877,1098,1098,39940
200770,500000,2500000,53
20868,794,995,230
180347,500000,500000,3
198192,7692,9927,451
191334,7500,11500,20929
191468,2238,2442,151240
9262,95,300,1274
200579,4097,4097,583
169449,200,200,304
139036,762,99900,3757
44286,117613,121250,22
92525,139621,139621,12
44268,46500,47000,16
35285,732,99999,296
3167,2,20,77
3931,500,18500,60
182713,10000,10000,7
31884,2200,2300,57
39527,100000,100000,31
6712,224,524,68
74850,650,700,2977
4776,12,12,56
133913,5000000,5000000,3
162517,7200,7286,721
128723,28536,28537,10
38900,3326,3328,40
79294,77474,88745,8
4387,275,300,280
128731,99797,99798,16
38798,79,79,26
38954,633,974,241
38805,80,81,38
79297,85000,6542500,4
38774,76,81,38
128740,196000,196000,15
20424,398,1993,2233
38911,1349,1660,37
56036,1696,1700,52
46703,5000,5000,5
40045,8425,8425,4
87577,274,10000,102
37603,389,395,128
128724,99940,99970,26
128739,1000000,1500000,14
38851,59044,79474,25
124113,66,985,57620
163223,749,4499,857
33571,250027,250027,1
127843,125,491000,603
132239,20000,20000,21
108297,365,365,1257
33549,5000,150000,46
3169,100,205,54
118711,494,494,1007
111452,26,27,426
35627,1400,2300,5377
168447,6260,6265,153
191532,50000,50025,88
57060,4058,4058,20
199969,11896,12000,142
133980,500000,500000,1
136375,1000,500000,21
171370,249,500,1790
43268,225,777,225
5525,70,136,440
190881,300000,300000,11
43004,100,100,231
1251,8,210,977
42641,368,368,575
30155,148,148,282
12213,7,7,249
172903,900,1000,977
163147,8350,8350,110
141214,500000,500000,6
13935,121,121,75
163076,22,288,672
111434,9000,9000,31
32716,77699,200000,108
172902,8836,10396,46
163051,964,983,104
158466,500000,500000,24
133681,10000,19975,73
174348,41,113,719
28420,72,1067,24
76095,58,66,736
111453,115,115,234
34411,50000,500000,6
132510,578,648,1027
162557,9900,9900,16
4791,231,370,60
173042,1095,4000000,196
81175,168,170,34
152497,500,750,415
81404,359,366,97
140187,10000,10000,193
10310,1288,1288,82
133577,199,2539,371
159825,325,870,548
130202,9541,9541,41
171350,1249,1275,800
34762,99,140,258
154883,600,9500,506
40068,1221,1321,150
128847,21,25,130
46765,13300,13400,7
35565,95,95,132
152813,10095,165000,743
181388,1500,2500,91
173060,45,49,5501
80313,1500,1599,11
38819,583,586,27
38783,96,100,38
177843,10199,11861,49
76689,689,747,18
76683,548,548,17
200034,1400,2800,329
76677,825,1919,55
172146,6999,7500,4
52147,9164,9164,5
41486,47400,47400,16
141320,3699,4358,18
44331,699,703,125
6048,85,85,1402
9179,1740,1744,208
76094,50,81,939
163077,99,125,224
173761,191,781,95
178216,1000,100000,17
76572,69599,189599,8
133564,500,789,1444
158813,3550,3650,121
158790,14500,30000,8
53063,95,9500,2040
53039,10500,12000,2989
158864,127,127,47
192947,30000,30000,47
71817,39800,39800,45
108350,9849,11580,132
108305,893,1511,1354
159867,93,96,314
128722,500086,500086,15
109139,95,100,12197
163701,350,381,42
142102,46005,46469,14
38862,200,200,77
198505,14094,15000,1995
198313,245028,245029,17
22525,75,92,383
158740,131,131,70
132531,7500000,10000000,7
18234,500,500,10
120293,423,1200,60
1274,110000,110000,7
732,42069,42069,10
21557,25,30,544
108354,520,520,1478
769,35,2500,6090
46379,109,305,589
79292,106998,106999,9
11371,12099,19955,1885
23448,12777,20000,2456
20008,1300,79999,306
14530,97,750,1838
18254,494,494,218
40056,13000000,13000000,2
41456,799,799,4
41454,13000000,13000000,2
41453,88100,88100,10
41451,1000000,13000000,5
40017,5000,5000,37
40039,195,249,25
38790,133,133,58
38792,936,939,60
35625,2500,3949,567
108353,193,333,1070
58261,100,133,1334
13851,10000,10000,49
31672,167,167,216
6052,50,50,1175
8957,150,3000,880
23785,2500,9800,727
62670,274,274,146
108361,18636,18636,249
172044,45,49,990
168314,199,300,151
136377,28,30,743
2595,25,25,338
59230,160,168,159
4419,44,44,97
4425,112,114,270
58259,54,55,366
58262,20,125,294
173192,25,26,497
172042,1580,3000,2672
171441,181,299,204
9313,198,703,805
179992,555,563,330
160705,30,32,944
34721,19,20,379
138728,70,80,997
4537,10,137,811
172040,350,390,1987
87246,498,10107,1069
180168,99,99,59
10918,7087,7087,67
76090,250,9900,750
5477,164,165,285
2888,500,27500,206
2458,795,795,39
197759,22,33,340
140351,300,300,429
23736,145,6100,747
4378,150,200,399
127835,283,490000,744
4536,205,500000,1723
15871,207,688,63
172062,1300,1500,643
81924,278,284,791
140189,300,315,151
76674,1441,289100,31
168310,478,500,276
27662,262,333,256
23575,21,21,116
3663,29,30,58
27498,472,472,165
76594,7584,7584,7
62251,69626,500000,17
1645,94,94,7756
168311,500,500,722
186981,500,500,38
67230,115,115,365
9317,10599,13311,193
76620,25000,69684,10
197858,1500,1708,337
200853,9800,10064,30
52773,3620,4233,61
172367,916,3000,93
22845,1525,14899,491
179271,200,279,13
43366,6443,25000,103
30355,7500,7500,40
158744,6999,7799,7
9332,2377,2377,78
2593,136,136,584
193959,692,12578,527
3239,5,5,880
8364,75,75,174
83095,84,153,70
160518,1999,1999,17
31673,100,250000,321
189154,389799,1500000,139
184090,2000,9500,713
153668,2900,3000,99
34750,200,260,516
18633,1086,1086,463
89329,500,500,30
171437,92,98,1848
195466,300,390,397
13931,29,62,228
153636,293,1995,23471
133942,35,40,74
136567,126,179,37
25679,50,10066,43
22836,100,1172,402
2456,500,500,239
34850,1001,50015,43
133563,115,157,1823
58265,141,155,1690
63246,100,100,121
1017,2,2,932
37094,500,500,61
74644,99,750,156
118007,45,930,5825
76089,263,264,508
182737,300,370,440
21114,200,300,36
136563,5117924,5117924,1
44315,165,5918,96
172061,398,500,1568
18641,80,700,514
27499,528,528,130
152560,500,500,1058
197851,200,2500,684
172347,96,22500,3113
11939,50,50,40
11941,100,150,50
168822,1998,2475,27682
24403,100,100,5
200074,2290,3050,26347
23426,32189,49798,3392
44287,166762,166862,14
38558,880,9500,1787
44275,98997,98997,11
61984,8000,8500,429
39349,2999918,2999918,26
44288,38888,42487,7
15409,49970,49970,25
43015,5000,5000,181
43464,59,59,128
20513,20096,20096,22
13756,27498,27498,22
37101,175,1000000,355
44291,19553,26854,19
44270,22500,28900,7
194788,13761,14100,879
168637,4900,7475,281
5427,700003,700003,3
151585,4739,5939,57
172019,5000,5000,126
192554,473,2999,612
159464,109,525,151
74718,133,1519,893
193556,9900,13000000,77
52743,400,341200,45
49084,3000,3953,230
115470,30875,30875,4
36781,1050,1270,161
112294,1016,1036,21
155605,400,544,116
52756,34,39,90
192663,300,345,23
32715,42308,42521,79
3179,100,100,23
90553,10000,10000,59
31912,1250,1950,56
54628,22046,22046,5
29564,291242,291242,6
71857,20428,21503,14
12644,70,70,15453
158754,7500,7500,5
139339,14495,65000,181
25897,61756,499900,11
71869,32500,35000,56
37703,115,600,21674
200837,5080,5080,40
188794,380,400,82
23571,199899,199899,1841
188671,175,175,122
3486,200,200,1571
117568,117,120,108
71834,39989,39989,53
112298,15054,15054,27
111601,360,380,2739
194567,1300,1498,2643
45932,250,250,105
194579,1261,1999,2208
153707,999,149800,129
168789,100,100,5
173875,1900,1900,4
62790,15,15,1800
20532,999,6237,18
20527,511,511,33
2684,250,250,334
194794,3761,19999,1972
201721,2700,2700,1142
41802,399,9800,2613
3730,69,9500,4185
1701,400,499,42
198213,1049,1100,53
198210,2500,2500,32
158747,108,108,13
64397,550036,566636,45
128738,270092,270092,11
163781,1666,1700,851
193938,37810,40000,989
41805,499,9800,808
162663,44400,44400,3
139375,7799,7800,150
191500,10499,10931,967
37705,488,600,28356
76581,2500,2500,8
67277,10000,10000,140
132526,28000,43895,24
33575,100,200,76
136564,4499,4499,24
34766,750,750,79
32720,40000,47025,1987
81414,20,76,390
8153,28000,62495,4223
94536,3688,4500,27
119101,1151680,1151680,2
189155,170000,449900,240
189153,1556,3759,1435
15415,52323,99905,3419
20676,6300,6300,68
72095,4798,12900,9618
36916,1499,2300,54379
30821,100,400,222
27516,4500,19999,305
152549,300,999,22320
52180,7070,7337,2745
14342,19000,29798,397
198397,300,449,11054
18253,2650,3638,218
200777,738,738,263
199976,1250,2450,887
45201,68285,68285,3
4611,2323,8039,960
3857,5,20,226261
109584,12564,12828,168
112271,873,1868,159
4542,55,988,788
112278,4036,4036,76
71851,36583,149600,67
71842,54317,57176,80
153440,80,200,260
2460,3243,3447,1240
44146,1501,1594,38
132232,11100,29500,23
134052,40001,40001,3
5082,70000,599900,159
168645,2,599,11257
71838,25022,25022,6
38376,6400,13554,48
52761,4500,11795,34
134048,90001,90001,3
115805,349,400,1182
172043,888,895,1063
191328,8595,8596,4360
128721,299999,6649999,2
62276,100,100,224
194690,100,320,630
37700,119,760,5323
31670,216,9500,2666
71873,39992,39992,119
151719,2662,7472,2337
61981,230,533,23345
25867,42222,99996,280
128741,196022,220022,15
71806,16000,39999,427
19281,25900,49498,17
72103,1799,1800,40780
23447,3075,3990,8340
128552,14435,20296,85
62008,23530,25407,13
62013,25000,35800,29
23445,1499,3599,27734
118565,12050,69900,197
5468,4444,11990,523
56517,200,13639,206
192969,70,170,1574
3030,316,300016,1196
39681,1663,2920,2078
200571,1794,2761,171
197776,59,149,13305
24036,3448,3793,34
52090,1326,1500,61
52119,502,502,59
41333,6000,15000,39
200789,2451,2451,104
127844,2535,480000,384
192687,32500,35049,15
151387,5520,9000,14
194850,5129,6700,828
1477,2,2,169
67403,499,700,25
60390,1000,1000,7
38800,643,3737,14
5117,2982,3508,74
108325,44,350,3943
11417,12400,12400,6
6043,2886,55541,104
11420,100000,100000,4
52768,112,413,63
193935,44099,44500,529
41810,256,9800,585
44066,100000,100000,3
29568,180018,180018,8
52745,100,300,32
7101,250000,250000,50
17405,200001,200001,63
55974,30,871,78
63273,300,300,168
105706,12740,12999,45
124116,8400,9994,5291
21226,499,500,84
17304,297,300,171
153438,25,1029,532
90043,1198,1198,23
17194,23,500,3313
43851,10,37,226
177715,99,139,164
105708,22532,22532,65
41594,12755,19928,1244
124661,3000,7000000,133
21177,13820,13820,615
12820,4949,4949,266
25708,3699,9900,12123
137274,44470,51162,197
129028,41000,44083,180
83157,43,44,401
104104,3711,6500,163
43328,9797,150005,6
139352,62500,71722,129
196540,3300,3300,342
198278,2516,2516,167
137269,40472,58690,144
129020,47000,48000,131
67405,500,15038,19
87888,1137,1276,173
129029,35799,43664,117
139362,33925,46480,160
22528,59,59,2822
129017,72500,78527,121
104126,4059,6500,159
104138,194,6500,201
159471,98,98,70
38778,97,97,70
109624,23,9500,4076
6444,5200,5200,98
67335,7499,8998,1716
62279,89910,89910,6
62278,135019,135019,4
81055,586,586,1156
22451,49498,59998,1274
41593,4299,19900,1555
81401,200,747,75
27636,670,670,13
7965,240,240,57
38925,13081,193383,155
32902,100,100,282
86026,1050,1911,174
165755,99,999,339
2581,15,100,24818
4593,2100,3000,441
109217,300,1617,1375
81405,359,500000,306
116266,500,2400,1055
173038,30,30,579
86432,250,1000,234
57099,230,489000,473
2596,1,1,20201
158379,98,100,2556
62655,175,198,86
194691,90,90,19285
111442,23,27,481
133565,100,100,24
111436,65,65,268
67415,75,629,904
105704,165818,165818,24
140631,225,225,46
733,500000,6750000,2
111433,20,20,105
5206,400,4606,192
163054,878,878,144
25444,91,91,61
63396,269,3890,198
81923,250,460,734
162569,5000,5000,30
111603,4,9,2375
163109,999,250499,10
52751,79,2095,23
122348,1375,1400,89
198174,1395,9800,165
169300,599,599,139
171271,100,9674,686
43491,41,120,152
29559,3973,4973,31
38841,32,40,93
63310,29250,29250,61
193378,9999,16651,591
193953,45000,49500,212
194754,2000,4300,3501
13468,54444,89900,3557
41595,14900,22500,1074
36784,10900,29900,447
34748,264,1240064,319
194784,85,99,59987
42931,36,36,135
3769,500000,500000,1
163843,19903,22703,23
192861,230,358,87960
5379,171000,171000,3
128844,1862,1931,243
44144,5049,9525,26
159879,5743897,5743897,5
87228,3900,3900,73
19767,999900,3499900,72
41334,6850,6850,298
163844,289,289,20
17031,9900,11000,135
58144,899,1389,98
59493,329850,999800,20
193564,109900,240000,722
191516,8700,8700,796
97623,200,200,4488
199987,2000,2460,804
198214,521,722,173
198162,7251,274087,363
193249,21799,24999,2098
172413,50,5299,793
101630,9500,9500,370
39357,4022,4022,6
198229,13999,13999,432
72985,199,200,2094
198199,19999,21900,946
39353,5500,5795,9
193946,77729,89987,837
39358,226725,226725,8
12645,10817,10821,135
39350,1350371,1350371,23
133578,2003,6750,375
25894,50025,50025,16
163224,150,489,1472
193243,10999,12450,6407
200053,77720,88820,514
191505,3782,6323,217
179993,500000,500000,14
62671,975,1250,934
200029,127500,127949,551
88491,2999,3122,84
76628,14698,14800,91
89888,1199,1269,272
43490,39,101,310
130201,2424,2424,86
163105,20011,20011,5
133574,123,125,244
128987,72800,72894,14
76079,150,200,819
198200,21489,21899,3820
194723,72,75,426
3386,425,499,175
33825,7000,7000,36
10507,650,650,364
109226,179,179,335
109152,220,4499,261
172091,222,1000,210
130258,1980,8000000,92
62656,18,20,72
156627,999900,999900,32
22826,930,1033,379
17307,297,312,2361
104344,8217,13974,122
197778,129,130,8044
57194,1199,1200,259
87648,457,457,33
74643,50,50,649
35720,398,399,66
136556,225,225,22
13930,25,25,66
153663,10000,10000,70
43853,276,1000,487
5740,131,301,4382
197781,125,189,35533
27664,112,2312,43
62659,94,736,39
108439,2500,7002,2656
153662,596,6694,94
159869,10000,500000,93
44328,396,400,49
43854,144,144,280
173043,800,2000,160
179018,444,50000,41
2681,900,900,743
68687,250,250,4
11414,10000,5050000,4
81919,3088,3229,748
2454,125,145,372
9144,2670,10000,31859
122344,100,100,49
62665,500000,500000,1
27503,90,82488,223
3388,75,5500000,197
171272,27,27,236
194684,108,109,1457
34440,115,115,1217
197785,98,99,140773
74846,770,800,2927
108980,800,900,54
132530,274573,452421,24
187648,2005,10251,1270
19282,2000,2500,22
18285,750,780,23
41488,5688,5688,12
39948,190,300,47
168651,22089,24873,907
171276,7426,7999,2527
168652,16517,16688,1331
41440,300,1737,25
128743,149199,149999,25
81407,494,1680,103
128744,153098,153098,19
168489,19343,19999,852
128734,380000,380000,13
168499,11014,11999,358
152641,1588,1990,1549
128725,10499,10500,19
169451,1098,4690,63
90556,20000,26233,10
33576,85,100,19
30510,185,185,19
171270,7136,7138,806
11018,95,4900,475
129288,2144,9800,376
33856,100001,100001,1
6304,1234250,1234250,3
193552,8800,10000,332
140188,150000,150000,84
184310,850000,850000,2
7071,600,9800,548
71998,29,2429,37566
108333,111,9500,874
192956,8000,8000,26
24061,929,929,11
31893,674,940,62
114008,97,98,11
69863,2594,2595,11
38973,2666,3139,848
62011,46390,67924,11
169135,1000,1100,632
79101,393,559,27083
163149,167,175,122
197847,880,880,295
173760,375,12500,198
89328,200,200,15
133562,30,30,52
178552,1749,1928,128
198356,499,545,280
9260,734,2487,446
88493,2199,2329,20
76077,309,2199,617
133940,200,383,518
117470,4300,4400,51
44749,900,900,40
159792,392,498,58
75026,275,385,158
2892,4500,4500,53
172233,4950,4950,977
76096,100,1213,402
191944,140,712,2827
168794,1481,15740,6
112111,300001,300001,10
198441,415,415,79
82448,200,294,142
192849,124,150,11593
82344,96,133,76
128763,204,204,128
18662,488,519,661
4422,144,144,77
4479,7090,8790,4
117469,15000,15000,10
191351,1500,1720,89
197788,148,148,34059
133572,22,25,569
27502,500000,500000,1
4592,10,3000,1076
17402,3491,3491,147
132515,849,1049,33
5342,32,32,83
4457,400,400,367
41337,13,15,165
158382,200,200,103
3448,500000,500000,1
163222,4499,4499,1322
163145,4900,4900,20
34759,4486,500000,265
161346,500000,500000,1
41751,485,485,33
111431,100,200,515
19264,69499,69499,78
24268,5,26,867
34757,1000,1000,47
161383,504,506,164
17303,297,300,259
57066,7000,10000,43
34823,190000,190000,6
166804,9305,9305,460
40078,115,125,248
109120,888,1088,18
17408,8900,8900,44
9315,1500,1500,60
163143,173,173,25
128549,64999,65000,58
162559,486,490,444
195462,750,1000,90
132216,200000,200000,2
76084,3825,5999,267
178547,500000,500000,4
58085,3075,19999,509
116147,990,99999,5308
153661,483,10000,53
154166,348,387,397
58084,425,550,537
85559,32,537,99
31903,890,1399,35
31889,6550000,6550000,14
60375,199,499,1716
27665,150,475,68
83094,593,662,66
171275,685,685,4550
180412,34649,34650,11
25886,2498,2499,1309
177256,950,985,42
105723,120000,120000,22
136545,17000,17225,100
197793,139,148,41180
117473,497500,497500,27
6051,200,334,4249
109221,350,466000,346
173762,950,1000,34
66950,199988,199989,3
43000,840,848,220
28595,900,1200,41
13893,7500,8045,36
76076,70,970,2732
20452,5700,5700,95
198203,3543,3769,746
152897,100000,100000,35
80595,5413,5413,23
3666,316,316,25
59227,213,213,59
162566,2088,2088,12
159871,500000,500000,6
128838,631,631,76
17406,2370,5000,211
4595,396000,400000,13
198163,377,677,762
163058,15075,15075,45
19440,300,300,74
136852,297,50000,203
111438,25,25,49
58258,294,295,334
163692,80,80,56
154884,475,498,527
76086,651,5099,1123
18287,14915,66481,12
132192,290,290,36
131746,509,842,131
37252,2000,2000,8
1686,30000,40000,16
71866,44971,44971,8
76684,555,810,36
111667,38,9500,5222
4603,1925,3300,22483
162011,307646,307646,13
20531,99900,99900,5
41338,47,48,147
10839,999,999,4
52144,1302,1385,10
52766,168,300,96
43334,3650,6500,114
43373,484,592,355
190380,9744,13800,294
163075,196,198,412
62239,270,270,20
3012,67,70,61
194824,110,165,1520
159919,195,195,35
158327,360,360,83
13932,500,500,94
198207,500000,500000,1
13933,200077,207277,158
43369,5632,5632,300
41100,3042,6500,76
43398,4848,6500,77
20865,49,60,1167
200812,80044,90044,23
38775,51,54,51
192709,6015,6915,12
132229,4261,202161,4
149755,4898,4999,389
55055,10,815,63
193262,10,11,70815
168529,5899,9999,1259
187633,1348,2715,881
158823,316,317,30
7910,110,9944,29156
19933,700,1000,42
13460,600154,600154,2
8391,13926,13926,18
128732,94500,94500,16
8396,9599,9599,10
128737,700065,700065,15
200783,2580,2580,74
200823,8000,8000,45
19943,662198,10000000,283
200766,10000,10000,37
107517,34,41,447
185737,800,800,7
186677,100000,100000,24
2940,1082,1082,10
39933,99,100,29
39949,198,200,23
191872,12000,20096,775
39918,150,175,25
19274,98999,98999,43
39940,400,400,34
200830,1350,1400,112
158806,127,128,33
21222,22,22,1386
8067,200,1901,4882
127764,237650,1582100,18
49908,898,3360,708
74704,1599,1660,203
38802,22899,22899,24
168654,16000,59999,442
52182,1111,1456,3243
58488,11800,12075,4039
113530,30,30,177
200533,5000099,5000099,3
2320,2,2,287926
82442,235,235,70
171286,420,750000,1950
45087,96,5000,3701
94289,1556,22000,3475
77468,625,1000,2268
41603,2598,99800,191
39512,10,90,793
77542,3398,3398,57
177840,17193,19991,19
138967,32,100,2823
132200,700,1000,29
11418,90,90,20
4555,25,930,161
52100,1944,2044,26
38859,587,1000,174
189147,12598,16999,1149
197751,48,49,69961
45060,2387,2393,162
158202,6180,30000,481
172010,1366,10000,321
193385,200,242,331
192650,170,170,50
67399,1999,12502,8
88157,429951,429951,14
54832,44,44,18
24406,120000,120000,4
24405,1800,1800,21
54624,5034,19134,2
63317,30000,32900,116
25707,6500,6500,2403
113275,11875,11875,6
67348,19900,19900,58
67357,199,199,105
52021,7500,7500,2886
113273,89095,89098,7
37702,420,790,8091
36921,450,4093,1574
191388,3625,3982,32523
117415,18999,19000,15
192897,1700,9800,334
117,10,28,1259
8171,393,1525,10673
7097,400022,400022,41
17032,113499,113499,64
52020,30000,30000,2473
153510,9000,10000,1680
17012,125,9500,3151
60405,499,499,499
192880,10,11,501776
200778,4800,5400,30
52979,204,4500,25972
4400,8,40,1343
8365,84,195,3264
109145,777,4499,2186
191510,365,1041,714
128764,140,140,109
163083,202,202,38
3382,80,1800,1118
8544,125,180,452
43463,315,360,315
20074,111,6134,324
13442,836,836,32
79102,1088,1088,82
34758,301,301,3
10514,95,1500,52
192632,68,1000068,225
12643,514,514,41
39520,32,290,425
186725,100,100,71
6807,100,100,40
3241,6500,15356,33
140668,593,26493,17
127845,200,6000000,193
41601,300,99800,100
174285,97,97,101
128851,16227,16227,242
13447,199,199,47
169280,200,1137,276
9318,200,250,501
3013,100,43256,8
23386,84,94,18
40212,745,1050,1000
142334,1000,5030,97
159874,219,219,19
194683,89,89,3544
128846,183,210,99
177841,20051,44851,22
140300,500000,500000,1
4601,9,24,959
34861,72,80,265
86057,215,215,35
18588,175,187,364
81921,120,2290,321
63305,300,300,12
140266,200,6494,62
198416,4450,4799,8457
27439,6,600,3405
116392,98900,98900,113
112177,279,450,1644
193563,750,800,143
56551,54045,100183,32
7287,5000000,5000000,2
153251,450000,4500051,24
200033,11000,11179,884
76579,12454,15104,12
76518,340,340,31
186684,3076,4530,37
76563,200,1200,382
115813,19450,19498,12
76513,926,934,14
76543,132,1200,50
86599,17564,17565,64
40182,12000,294000,136
52177,434,4500,3191
40166,6053,6053,79
199985,1185,1572,343
198311,3223,3223,681
40165,1950,1980,146
201407,7597,9997,330
76535,1542,99800,19
40149,10401,10401,23
191533,1080,1080,2857
191335,42888,50090,3366
40143,12000,289900,98
198238,17000,17009,370
40133,7018,289900,114
192878,696,991,19238
40130,9992,289900,180
200006,725,22200,261
40127,1497,1497,17
40125,3042,294000,79
41335,6562,6572,12
40105,5047,5047,9
40102,1201,1264,7
40100,1999,1999,12
40098,4951,299800,21
52127,3900,3900,20
40091,599,599,8
198301,69774,69774,9
40089,5986,5986,8
40088,4947,4947,30
44757,100,300,14
40051,10947,11406,15
40048,2949,15000,54
137556,5000,5000,26
40041,1945,249800,14
40040,4277,4277,17
40119,3488,294000,84
34330,110,4400,283
188164,37829,44397,315
109131,45,150,13878
41385,34999,40000,5
41379,1620,1755,54
41378,9400,9400,8
41377,9699,9699,58
52181,4545,10000,1167
40011,1697,4597,18
40010,3890,3890,15
184344,10088,844038,2
40008,1499,1499,13
40001,3318,3318,132
39997,18773,19023,39
192846,48,85,3641
192837,40,45,2308
32249,445,556,1080
41106,1000000,1000000,1
43418,25000076,25000076,6
42473,500000,5000000,7
41094,2500002,2500002,7
80588,3593,6500,81
41537,1200002,1200002,4
85221,4999,6500,110
40909,90076,90076,8
79254,119,1005,18090
12205,26,9500,3123
77101,5632,6416,172
139417,41879,43664,118
76657,300,1114,20
40153,25000,25000,57
85569,170,425,248
41439,900,900,5
40144,11067,11067,23
39919,675,199700,27
40141,20053,289999,98
129286,3740,9800,244
29570,4719,47519,5
54448,14500,14500,401
74720,87,200,1900
197794,7498,7674,17008
76669,4190,289100,27
87276,15000002,15000002,2
42749,3000000,3000000,1
41533,990028,990028,5
52098,400,400,10
48720,7500076,7500076,2
38979,550,611,84
191522,12499,12500,602
40902,1300076,1300076,1
40171,11100,11100,26
200840,18715,18715,15
40164,19981,289900,102
41104,7000076,7000076,5
200838,2500,2500,134
40162,39991,85000,45
44947,799,800,21
42410,1500000,1500000,1
40154,5823,6129,8
137557,2156,2156,135
41547,90002,90002,8
12363,12000,15500,7444
158936,2500,2500,5
163580,4087000,4087000,2
44765,2000000,2000000,39
194858,1801,1801,26521
36743,35000,35000,22
38905,198,198,146
193245,9957,10659,382
33629,660,5000330,4
109147,600,4499,1195
44782,250000,250000,6
193896,3200,3200,1029
118898,299,299,31
58088,12298,27248,1575
19233,1140,1140,26
198305,1400,1999,494
23383,100,100,9
198045,4097,6090,72
152547,246,450,11684
76528,125,1200,41
106824,20,23,67
76505,150,1200,166
132213,666,666,22
193925,637,690,133252
141640,5315,44918,190
112291,6900,7122,69
21881,179,11000,12180
198298,999,2500,1092
52220,1539,1540,8
5633,1516,1832,492
39524,3000,7500,21
37602,212010,212010,1
189156,14500,999900,638
44465,375,38900,24
139436,45327,46252,128
25651,9000,9000,24
152615,11600,11600,542
189145,162500,165000,225
198619,45000,4900000,152
19231,1698,1698,206
90548,4500000,4500000,5
39900,299,300,97
41446,855,900,25
41482,1030,1030,23
39220,23,23,236
189152,30000,99900,204
4357,7,8,20216
88155,8990,9988,123
63296,35001,38801,42
63313,24901,24901,56
94645,99903,99903,55
38782,190,190,73
19276,150000,200000,11
63318,349901,349901,11
173093,11099,500000,9
44768,5000,8000,17
190534,22299,22522,6134
13362,700,700,7
29581,600,700,23
172503,10000028,10000028,3
163606,2000000,10000001,3
21840,93,94,9275
71818,37570,37570,40
132227,10000,10000,5
194071,164414126,164414126,3
201724,803242,803242,2
194035,525445,525445,5
88156,49938,74938,28
63271,30050,30050,49
153133,700,700,8
38801,1794,1794,45
108343,10,32,3382
88154,29938,32938,33
63272,3000,3000,89
4865,296,297,201
180309,1800,1800,9
173053,19799,19800,127
132182,80000,80007,3
43013,74,9500,3750
41460,2700,2800,9
40044,5999,6000,10
41455,5170,5500,13
191389,8650,10471,42470
41462,423,423,9
88162,89988,89988,16
88164,169951,169951,6
198493,29945,42000,1479
197752,100,124,50842
178106,400,400,32
6042,8770,32173,61
19235,28353,28853,23
195455,2060,2060,243
116923,156,158,169
182718,350,500,25
192951,19697,19700,165
196585,9045,9045,119
13546,9999,10000,4
195457,800,1900000,459
158821,155,175,38
198440,5891,5891,130
24274,170000,182492,15
37145,800,3055,92
196582,900,900,787
153480,2550,10000,198
185483,300000,350000,8
201403,7200,7585,12028
62780,100,9800,1663
43535,3556,6500,117
118901,173,173,24
39210,30,30,77
23938,7169,7169,10
197854,299,299,2107
88158,49951,54951,19
62505,99900,99999,22
194870,37760,26000000,41
63274,10039,10039,120
104127,738,2423,269
140299,2000,2000,402
140286,10099,10099,50
109626,390,9500,1912
133593,110,218,3186
90558,110000,110000,2
127850,1473,2800000,272
44754,300,300,20
178175,289,289,9
113576,286,286,47
162681,50000,50071,7
108978,109,109,89
24368,8687,8687,125
169952,1100038,1486143,89
112273,1111,1466,62
179370,500,10000,89
27663,543,615,115
112283,9683,9683,84
116810,100,100,213
176089,150,150,17
175053,375,375,71
168392,9999,10000,74
5569,1797,1800,73
39219,1819,100909,10
138382,852,860,10
169947,10000,23666170,91
163855,100,300,7
169946,95966574,95966574,30
90044,200099,200099,12
60491,229,5000115,4
45188,10000,10000,21
38584,300000,5150000,2
3176,50000,2550000,4
107461,232,232,28
184393,30128,30128,27
12735,397,397,34
35691,95351,95351,16
56052,280,298,17
3300,900,300000,327
178173,519,300000,5
188682,5714,300000,143
179006,14007,14007,14
55982,2000,3000,38
11387,1000,1000,7
4867,275000,300000,5
116811,433,433,178
188835,299,299,343
124125,185,185,39
58865,342,342,15
537,2500,5000,5
60488,10000000,10000000,11
184391,247,3816,22
39685,7725934,7725934,3
108356,160,9500,813
198230,15068,15068,11
200014,140098,159999,589
151431,88700,91900,14
168598,6999,7407,63
194871,74500,140000,64
178218,13241,20011,100
105718,290,9500,660
194014,19500,19500,66
62672,170,170,426
128546,2593,18316,29
44922,13093,18700,128
43386,3600,6500,66
184049,5000,10000,6
104099,1795,6500,122
85584,170,9500,677
191366,6434,6499,178
104122,1147,6500,229
44773,2000000,10000000,8
85585,174,515,865
5123,10000000,10000000,1
178535,96000,96000,4
21574,25,86,931
5567,2000,10000,9
52074,30000,6956700,7
5124,17,20,230
153715,294,312,733
55984,200,225,14
168812,25000,100000,9
89739,4999,15999,6
20770,9,10,26
21558,25,288,1937
81195,28,28,73
192769,998,1000,41
62435,100,100,48
4873,300,300,221
176868,45,300000,173
153647,244,30000,199
112165,5246,5246,56
3676,14,14,57
81205,19900,19900,1708
158870,49,162,15
107392,53,2500061,23
32714,101,101,46
8146,77,88,39
179986,105,105,406
11940,308,270000,29
114013,1739,1739,5
21571,450,450,11
44772,1014,2214,43
158778,119,119,63
3401,122,122,97
176870,200,200,18
192858,150,280,14217
74655,900,940,454
178252,7500,9500,16
56238,30000,40000,5
183209,3049,3249,4
112160,977,979,81
38520,4942069,4971040,2
33555,6015,1500015,5
39223,4000038,4000038,14
178228,14250,15000,22
193370,155,250,218274
52246,2014,2515,61
176809,300,4000,103
178226,9500,15000,31
7100,600,6000,50
155603,32,32,132
54629,104,10000000,5
56035,2800,4000,29
155636,44,45,84
180354,2500000,2500000,11
21562,25,300,1132
3674,100,100,12
192609,13500,16041,116
3181,166,166,112
158781,49010,49010,3
6293,1900,2000,26
57062,5,10,16
33553,5024,5024,14
3403,38,40,204
4556,3965,3965,29
158746,500,650,206
39218,20,41,61
39549,4080,4080,6
180088,74108,300000,17
178136,35,35,107
56151,10000000,10000000,1
128632,198,989,2622
55985,1000,1100,41
175960,55,538,7
19260,2564,2565,21
55981,2888,4000,40
155635,59,59,101
44759,96,96,101
4814,5000,5000,62
2515,50,50,12766
11385,50,50,20
44758,20,20,454
199204,104,174,424
4587,2400,10000000,5
56204,66,85,39
25440,180,180,11
169333,300,1500,65
1697,75,100,18
180330,16221000,16221000,1
161053,499,500,631
67319,29923,29923,78
201832,2799,2799,14335
191339,2800,3000,444
6296,5025,13000000,12
44753,10000,200000,8
5428,2500,14000,109
107640,24970,25000,87
158377,2350,2400,493
83763,9500,28315,133
201310,4400,9900,303
77541,1360,1360,134
193565,315000,315000,242
176877,275000,275000,3
198395,98,101,10843
3299,6,6,17
7073,100,113900,128
22529,300000,300000,22
62526,134,135,16
44206,200000,200000,14
198436,99,199,33
106867,32,32,323
4775,300,300,52
68731,5000,5000,28
4876,700,6308,3
169334,590,2500,25
25445,10000000,10000000,5
198437,278,50000,36
2512,450,463,3407
103789,2500,2500,11
184390,299,300,16
58093,500,972,445
162674,4999,300000,12
168788,999,999,4
3402,12500,12500,20
5135,99,100,15
21590,225,600,549
11284,499,499,9498
2519,833,833,137
62530,126,126,14
119096,70590,300000,29
6445,800,800,53
188948,400,400,38
188669,2010,2010,948
158839,54,991,82
21227,400,1500000,19
42500,124,2368,49
198196,43993,43997,2098
110621,845,850,332
38829,71,80,92
10840,2000,2000,3
113355,399,450,39808
194829,3245,3245,7515
191359,49900,50050,3766
62660,567,567,147
40058,1000,12750000,14
21569,34995,54995,108
191494,29999,29999,9156
62784,97,2044,46717
39976,163,163,13
199972,90080,91781,217
123956,12603,12603,180
136708,22500,22500,180
5506,189,189,15
192731,80017,89518,8
19441,100,205,10781
193956,17,8900,1807
5367,10001,10001,2
9356,88887,88887,18
85583,594,9800,394
2880,115,115,6402
52204,66600,100000,70
54833,5000,5000,19
74852,9097,9800,1012
4875,900,900,20
74854,1098,9800,378
133568,2200,2200,528
193895,2600,2600,251
193420,11033,500033,11
9172,4005,4005,316
22861,5614,6614,681
22828,1749,1897,178
193369,106,179,124015
68047,2500,2505,25
2930,39999982,39999982,4
22839,1419,1419,73
5634,1400,2367,621
8924,1000000,5400000,2
8923,45000001,45000001,1
52750,200,200,69
38990,1798,4596,28
52238,1094,294800,26
52753,70,180,94
127004,420,834,7749
32193,2570,3674,2629
29395,499999,499999,20
168806,40000,50000,5
153441,18,18,134
199938,7453,7453,101
60268,100000,100000,16
199054,18997,172286,157
55056,5000,5000,33
22830,1000,1007,56
128545,12190,12193,75
38786,332,531,17
197736,120050,125060,557
176882,2500,300000,31
35318,1354,1440,33
200797,5083,5084,47
112184,3593,4193,537
57070,139396,147140,2
163151,1800,1800,130
49626,250000,250000,3
191493,32995,33700,1047
194569,5848,5849,793
97622,223,250,3978
198549,3800,4384,396
158844,70022,80022,4
76602,350000,350025,4
44756,25,25,29
37098,1642,1842,95
115464,350095,350095,7
5476,950,2163,93
151389,4851,4851,11
45912,20000,20035,17
44261,47508,47508,7
192616,400022,441922,14
162010,4000001,4000001,4
162012,11000,11000,76
31944,10000,180014,9
41382,11002,11502,9
3776,4206969,4206969,63
20860,30,31,607
192902,2200,3097,828
191321,1098,1098,968
191349,1700,7500,4778
44777,50064,50064,3
140568,49998,50000,35
192845,57,247,44090
76647,100,372,14
128548,69899,69899,85
128716,144759,144759,13
40079,3049,3549,160
198186,1752,1899,2810
7392,1700,1898,1825
76533,149,1200,50
180992,200000,200000,2
41800,3500,50000,2179
34057,300,2498,123917
76521,697,1200,19
74706,83,88,27
76520,999,3000,27
113261,42,630,20571
52113,354,376,19
52129,361,383,29
41375,550,399900,101
159786,990,6225,38
191320,50097,65097,419
52128,500,1506,41
76556,104,1200,83
38906,1329,9522,11
42961,405960,406980,2
76636,300,324,44
42970,400002,400002,1
24032,1819,1837,9
76517,280,372,71
31867,610,648,37
52085,175,200,49
76547,340,340,18
23104,605,650,36
88487,1800,1847,51
29292,1996,1996,35
87885,2400,3400,149
128845,4931,4931,189
52137,652,652,19
193254,7498,7499,20365
30813,124,130,29
89868,3394,3850,393
153664,155,400,73
76530,128,1200,39
45880,10066,66666,23
74711,81,99,85
25414,2500,10000,24
45199,110000,140001,5
71828,42924,42924,13
39945,443,443,31
76610,35283,35283,26
76538,149,12800000,59
25898,30089,499900,37
71878,36268,36318,22
59594,2012,2012,31
71855,32250,32908,13
38846,10,653,53
201327,38743,38743,24
67407,155,800,11
193242,11500,14744,3319
87236,2500,5500,302
76541,149,674,20
74713,97,4997,872
114931,316,350,103952
172407,153,5299,825
128559,708,10000,19
1399,678899,678899,10
194573,870,2999,1479
201312,900,1550,525
172411,160,418,233
194570,2269,2600,371
194576,1469,9800,122
52687,314,5030,44
74716,100,124,90
187197,7510085,7510085,2
108331,408,1498,751
34207,2400,9999,68
132525,30000,112294,13
169118,499800,499800,31
74712,95,10099,440
179296,150000,150000,7
112093,144,4499,1433
32599,115000,115000,4
90407,87,4901,2408
74729,344,10099,825
153192,500,500,248
52110,1116,4271,9
115355,6619,6619,42
38769,96,15098,12
184050,500097,500097,19
5523,233,3548,1107
25890,50587,350293,4
76559,124,125,37
39970,568,1450,1189
52104,488,488,18
183951,7500,7500,484
38878,39990,39990,31
76550,106,107,11
45882,742500,742500,8
38971,98,99,30
52123,891,891,15
193470,15279,15289,2062
76644,95000,99950,6
128539,1611,99899,35
76511,333,350,17
71844,80179,100000,14
69865,100000,108226,12
191519,3380,7940,7869
23077,90,360,463
191462,248,300,232089
14227,1000,2805,2983
74723,423,423,191
38974,200,744,54
19265,44999,45000,17
184051,5099,5099,5
23112,100,274,8587
108391,2820,9800,326
74708,399,1455,1436
200507,1768,4500,968
58489,3400,6594,2081
38848,377,3099,873
199946,535,540,71
41803,1950,2390,1905
5432,12339,12339,7
158736,3790,3940,4
41376,26835,26835,5
6456,300000,300000,3
151720,4250,4500,244
19263,7500,10099,17
2457,1440,5000800,136
108335,33,398,8836
168791,10000,49800,6
13363,5000000,7186781,10
201468,2300,3006,12
44779,800,1000,26
153597,6800,8667,1146
38799,97,500,106
108309,9000,9500,273
159466,98,100,63
193952,85,85,5050
23438,1800,9000,100
23439,417,449,746
38997,674,896,30
30183,250,9500,1229
39932,549,549,176
71836,40044,40044,27
52755,321,19900,25
71837,39653,39653,28
76522,600,600,9
25895,89999,135046,8
20871,100,337,30
41495,2690,2690,4
52083,1329,1329,12
55976,500000,500000,1
179016,966110,966110,20
200045,120075,120080,369
139318,4000002,4000002,9
6298,300,150150,2
154123,375,446,1949
39002,499,798,24
193238,45085,45088,3143
193247,39200,43899,4277
192859,145,217,3760
32717,10080,20080,14
160942,5000050,5000050,4
194796,3986,19999,1484
191256,400,852,1532
193250,73999,78435,1211
200027,65095,65095,311
12434,449780,449780,9
20812,150000,150000,9
20845,14000,14500,8
76546,475,475,13
4233,1515,2820,9655
24276,79999,88999,28
8173,125,1000,167
180058,1000,2000,1145
55973,990,990,104
188811,99900,129800,25
8068,100001,100001,168
192910,1510,1710,1348
52325,3200,3998,21657
43400,3999,5164,163
158760,125,125,43
41166,7500,7500,25
41401,8700,8899,10
27674,5010,5010,6300
20877,219,519,36
76656,1688,9900,14
5125,27103,27103,2
186726,234,500000,69
163914,200000,240000,3
200798,18899,18999,47
29576,33663,33663,8
200618,720458,720458,3
76575,179999,179999,10
200028,40098,42498,386
198312,370005,388505,185
184346,82469,82470,15
184345,500000,500000,4
71840,55792,199998,42
21714,2356,2356,34
49600,15000,15000,34
34055,199,210,372667
32224,300,300,652
36917,97,420,1890
3826,676,1042,3011
139345,721747,721747,5
191395,4397,4399,6237
191508,2074,2074,73
191400,2299,4300,1079
74865,297,300,10960
76590,349999,349999,4
128980,12104,30000,85
40116,19424,19424,40
71871,78203,78203,5
76670,44099,44498,40
39996,39984,6519992,2
40057,52416,52416,3
71841,75883,75883,29
71849,106787,106787,66
178108,7500,9000,3
41443,300,300,27
13461,2091,2134,1213
76632,350000,350000,10
13506,3100,3100,104
184097,4156,4200,138
4596,99994,299996,14
193248,14237,14419,92
113912,500015,500015,4
5474,58816,58816,112
52140,7969,7969,7
118631,995,1000,256
45881,75000,75000,5
62668,598,598,421
172437,4496,4496,4197
52747,5499,9822,23
191401,4500,4500,13234
19283,8595,9600,19
179023,500,34763,27
172058,30,39,6026
2928,1000001,1000001,1
151579,2278,9900,1480
41976,194,194,72
116409,1530,1700,42
109153,951,1089,377
74832,390,9500,1285
52296,4980,4985,47
191348,900,5000,2213
108299,399,9800,658
62323,5039,5039,841
59478,80000,84000,29
74705,3396,3396,48
110632,175,205,49
40135,18073,289999,80
38930,2037,2144,16
41604,34900,999500,34
35622,3325,3700,2392
38820,4712,4712,44
38889,41514,56517,28
28463,234,304,29
38888,2487,2488,29
32218,300,300,1226
38886,44783,44783,12
52297,30000,299998,29
52203,9895,12810000,26
178786,97,100,4267
77546,1763,1763,75
76681,555,9900,18
153036,36797,37299,81
140754,37599,37599,9
144304,1299,4591,55
71856,104600,104600,138
29534,75698,75698,17
179300,247500,247500,3
41447,2250,2250,9
40053,150099,278999,5
15423,40000,40000,1
25899,77374,77376,13
200508,119900,149700,1147
76598,105435,117150,7
76607,21032,21034,4
39991,1850,1947,11
52124,359,385,16
23105,99,99,9
40025,1606,325835,4
76555,119,1200,102
38845,29,7500,208
22682,10000000,25000000,86
199961,3000,4799,238
31913,715446,150000000,4
74701,74,81,30
42433,7599,9041,65
183204,2879,2978,2
9355,100000,147500,40
178135,2000,2000,7
147210,4650,4650,2
68356,200,214,21
163643,99900,237500,4
4341,2,502,17681
23117,300,500,701
38854,4196,4196,27
38913,3925,2000000,6
28468,862,931,24
41586,923,4419,13663
52289,49972,500000,7
38890,76249,76251,26
182733,398,598,112
38899,2942,2943,47
176086,142,142,20
38903,231112,233930,39
38822,46,50,57
38864,529,530,32
201813,730,900,286
10586,1500,12500,124
38426,80,113,1754
19726,4999993,73048682,3
187933,42000,56000,214
27659,243,100069,376
62512,1072,1072,92
168956,24598,24600,22
23354,20000,50000,33
115511,4147,4211,20
60224,1415,1419,1972
19259,7810,9913,22
24027,5800,5800,39
17020,3900,3900,182
179285,217702,217702,17
179314,7,8,19100
52248,1490,1574,18
13453,3000,5999,471
198295,35000,59000,21
38789,76,77,75
770,500,500,10
18237,14831,14831,2
76621,35000,199900,7
127731,4495200,4495200,4
28363,5000,394100,36
198187,2490,2939,1713
29579,35,35,15
200764,1444,1444,150
162573,3499,3998,97
194680,990,990,274
24516,35000,35000,20
193894,16000,20000,201
163388,1179,1188,134
44617,708,2400,651
163411,1100,1180,154
197852,690,828,539
163158,4999,7400,141
5369,140001,140001,1
163157,1075,1075,33
163156,15012,15012,23
163155,1250,1663,136
163154,3912,3912,29
163138,788,788,80
163137,902,902,196
20869,175,185,57
143588,72500,75000,73
132528,11897,60132,18
97620,750,770,1307
33567,48,542,2193
198423,343,344,13384
193954,373,373,13724
159959,90,125,5918
39690,995,4487,964
74843,200,200,1709
133592,200,9500,1831
6308,8,7920,5736
3859,600,700,2990
40202,17499,19052,46
43106,2731,5025,5544
13889,2500,2500,1323
163569,5,66,465868
39334,325,399,10680
183952,4500,9800,318
115807,125,1336,49
41806,245,9500,1135
52089,100,245,81
2665,5,5,5884
34736,999,999,1495
172056,150,9500,2247
52109,9600,9600,11
163782,608,9500,553
108308,1578,11000,594
52105,879,12970000,41
52158,38810,38810,7
52099,3500,3600,14
52213,1599,294800,18
52157,44144,44144,7
52095,600,600,10
40168,1800,1800,84
52082,879,979,120
193244,20160,23499,5127
39927,690,690,89
44953,10963,10963,136
36920,111,284900,750
166240,445544,445544,86
34754,1999,2490,157
4265,7,80,215
42996,313,313,49
42995,450,450,126
160400,188,200,2348
109991,91,95,2691
2886,297,9800,1632
192857,129,157,6100
38561,2500,9800,2736
12803,22000,22000,43
8167,500,600,3456
108357,267,9800,436
108294,5550,9800,638
194846,1499,1598,45805
108365,2410,9800,174
56201,49900,49900,15
108360,979,9800,710
110617,222,226,65
3404,1000,9800,769
53064,50,75,3405
197749,38,100,109071
193961,800,1000,695
74660,2884,9800,481
43009,8088,9500,1037
56550,25030,35498,56
52188,212,499,476
109135,60,9800,2887
97621,115,115,3767
62781,198,9500,691
53062,55,1230,4216
198420,2429,9800,719
201314,1985,2000,459
11386,5011,5011,4
116407,15555,17525,61
196583,9000,9000,55
39684,114,400,2577
200681,15022,15022,193
32620,2500,3200,1019
27729,666666,666666,3
4382,399,1100,4126
39998,1222,1945,9
62370,70082,70082,20
43236,42000,42000,42
127760,292596,292597,10
56197,34000,34000,28
173056,1500,2045,16736
111663,19,9500,6397
74842,975,1000,2223
18635,2500,2500,185
108298,145,9800,642
23573,4850,6900,6681
111665,10,1000,7436
53071,44,9500,4214
33823,1556,9800,480
8343,117,123,8167
24275,30412,30413,29
136636,398,9800,225
198184,597,9800,1130
193951,119,9800,908
17056,1,100,13092
35794,9800,9800,140
25649,45,70,5867
198185,199,345,38770
172935,34,520,59820
12206,150,9500,1134
108359,2772,9800,564
160711,180,685,15223
128843,4950,5019,67
43119,862,971,3791
192970,12500,17999,546
112156,451,9500,1643
74834,678,3500,2477
200860,485,485,78694
192976,20021,20223,455
120959,960,960,678
18225,1500,1500,7
35557,21979,26566,429
190311,859,888,98845
68778,15000,299600,288
191318,1688,1966,167
187594,500000,500000,6
170165,3900,3900,139
166583,9100,9200,114
147119,34209,35211,142
170164,22500,22500,39
22837,2699,2700,116
200042,565,565,850
43107,4230,4250,386
74840,800,800,1924
198418,2100,2100,1710
191469,3089,3524,52652
192097,55,67,127494
152564,998,4998,1052
40216,9500,99999,92
193261,4,7,301267
192834,869,9800,247
74856,2200,3000,8387
22851,1723,3300000,249
192860,153,166,6051
43123,1990,9500,883
182765,5000000,5000000,6
40213,2568,8968,1044
15407,796,885,4570
194571,2968,2999,2524
39682,365,5200,1096
108344,150,9500,880
174327,244,330,6001
33824,2522,9800,582
197750,15,100,18306
38992,1299,1300,16
171288,398,9500,9537
21024,9800,650000,1397
172439,450,450,4295
194577,1568,2999,4181
72238,690,6800,58027
74845,426,9800,529
41266,3933,12500,77
7286,1119,1120,5294
52987,700,5000,19133
68780,1799,17461,101
187711,50000,50000,10
182757,622500,622500,1
57061,300,500,35
4554,790893,790893,4
120271,232050,232050,2
198247,3500,4844,325
168419,9407,9407,45
111650,100,9500,992
193964,481,481,4523
108307,2500,2500,1060
72162,498,695,1819
129285,2387,9800,322
198422,300,345,47238
197765,205,211,766
109138,30,101,10081
43120,4100,4695,2211
62785,200,9800,737
67749,500,1200,659
124120,3,15,4808
192844,32,550,28298
192096,49,60,305828
112157,461,9500,523
192853,128,154,4922
3478,199,345,797
41814,726,826,2779
198308,401,401,285
7069,1899,2590,1026
193955,745,849,10788
128715,400000,400000,19
42467,437830,437830,1
193253,1799,4097,101951
63308,990,990,269
59491,2552,2552,59
34769,8267,8267,28
167862,7500,9500,123
192866,175,850000,1739
128499,5000,9800,1551
15994,110,9500,883
198419,1749,1778,9554
180733,1050,1099,6992
6471,148,997,826
32423,264,537,1940
56516,3379,3396,4400
199344,1373,1924,12473
97546,110,9500,992
111668,89,1999,4139
192862,152,175,1707
172059,60,125,6849
192863,145,152,6272
108355,505,9800,732
108304,1308931,1308931,23
200566,890,2999,1020
193960,198,300,2785
111659,199,200,3088
74659,123,9500,893
172936,1574,1574,7197
74851,1498,9800,477
198534,1032,5500000,159
40120,4349,4351,80
160399,200,5000,8174
10286,300,700,7490
111651,170,9500,1559
193950,139,139,831
192847,34,99,6973
192973,16000,18000,664
17033,499999,499999,7
20418,300000,300000,3
20416,584972,712971,13
193228,48412,49400,2801
128314,17900,20000,451
39686,500000,150000000,3
18567,400,400,2114
176885,150000,175000,2
15997,42069,42069,182
38374,2495,599600,177
38882,4300,4300,17
126934,1981,1981,158
178546,5029,5029,23
132217,1000,2007,62
66945,1125000,1187500,2
192974,65,69,8866
20963,1397,1397,650
107393,4550,4996,16
192968,54,1099,7352
194767,3089,3090,19665
2594,4006,4006,730
76601,166713,166723,10
52298,10192,10231,44
39983,212,212,20
198082,8835,22200,632
132211,1000000,1000000,15
173121,17655,400000,48
31079,3685,3690,785
127839,2000,4999,782
41435,1092,3892,3
127762,998943,998943,12
3033,1000,1000,2724
200834,500099,500099,29
19278,999,1197,20
100735,20000,20000,5
37201,1418931,1418931,21
162555,6619,6619,30
144305,2000,4498,60
182459,2550,42069,1834
18251,1000000,1000000,3
31898,1176,1400,57
31905,1000,1296,58
52143,329999,400000,22
31882,640,6500000,202
194795,3784,14900,1243
128728,80581,81736,10
4552,300000,300000,1
198316,34999,34999,7
61983,1894,1894,172
54834,45500,45500,7
197768,4876,4876,2003
128542,7589,14499,48
32079,49999,49999,2
19272,77766,77777,16
24231,7830,7830,17
182710,100083,100083,1
38945,150,3118,20
154168,1100,2094,323
10647,29,9500,1155
34113,19900,19900,506
119098,19208,19599,5
23773,345001,345001,9
192992,45000,49900,271
2734,21000000,21000000,8
192979,19800,21306,2109
192959,37500,12965000,80
194809,69900,90000,331
168596,7400,7400,63
19273,18579,18580,8
44500,185000,185000,15
140629,100101019,100101019,1
76659,2590,289100,26
39978,437,437,19
38791,187,188,33
71809,4100,4150,15
12360,16900,17000,8657
52776,9150,9307,27
27935,32223,32223,13
40147,11566,299900,136
152099,4500,4500,8
76529,160,1200,38
52176,2400,2648,4
178126,299998,299998,7
76660,1200,1500,95
31883,3750,3780,184
194823,3370,4500,27773
153667,3000,3500,158
129021,42000,74354,114
165733,9994,9994,174
87560,1900,3244,118
112274,1078,1123,59
139271,62500,65000,62
194801,72500,99900,489
80587,5048,6500,132
170168,1017,1017,187
137249,30000,55000,137
43658,2200,10020,14
173162,2036,4000,322
60838,999,999,7425
191525,13362,24001,255
143750,69000,75000,100
112279,980,1870,87
44464,97599,97599,2
62002,450000,450000,5
192952,46732,69838,3175
61995,4800,4818,15
176858,25000,62500,12
169117,8588,8588,38
38432,3500,4500,36
199974,105759,105759,203
158795,150006,175006,6
200615,600,921,507
16168,2080,2180,30
192877,529,929,4248
42741,300000012,300000012,1
200043,579,579,149
38926,4871,4871,31
40073,304,999,1073
22324,5504,694915,15
29111,1000000,1000000,3
128979,981,10000,36
200015,31150,39800,241
32231,129,149,1211
40023,3200,249100,18
40122,1250,294000,150
41396,5034,11995,10
62663,4066,4066,36
40145,19985,19985,12
40163,7509,7509,12
169296,35523137,35523137,7
38431,18018,20019,26
52118,3003,3003,13
178534,15000019,15000019,23
55057,475,1699,48
12003,26082168,26082168,19
52303,14900,16140,77
34825,370492,370492,3
44778,250000,275000,2
116408,5000,5000,30
151122,24711,24711,17
21033,4321,4323,30
151124,22445,22445,80
140296,95384,95384,17
158857,2000,300000,3
27856,608,680,614
192965,10000,90000,9
105724,7000020,7000020,2
154990,10098,10098,81
192964,44495,46698,3752
201402,249,560,1883
56202,3500,3500,41
56203,27506,30007,17
199986,4099,4994,732
172416,85,59899,1429
44716,25076,25076,10
178123,32901,32901,3
180326,1000000,1000000,1
52208,5554,5554,24
184690,9097,12597,397
5122,2500,2500,4
180377,289995,289995,2
36929,98,9500,586
52228,5380,59999,8
52245,2500,2700,88
38960,25,33,179
1687,2500,4550,15
52746,873,873,36
52775,11498,11585,60
52767,176,367,46
172419,325,21099,1520
179293,19300,19301,6
192723,9500,32500,22
136569,14199,14322,1321
172406,120,10018,2260
178247,35000,50000,34
201317,600,675,320
115512,85047,127547,45
52215,500,610,19
192833,199,199,10583
81918,366,1568,589
151651,9612,10880,21
19284,3465,6500,41
38995,4000,4524,54
6305,200000000,200000000,3
38991,1998,1998,78
83065,25000,25000,15
56198,1000002,4000002,5
76591,60062,60062,20
141909,18000,18036,97
39961,13000000,13000000,2
192722,2165,2165,19
119213,18698,18698,17
63251,34746,34746,51
183109,2250085,2250085,11
200829,49500,49900,117
170173,18000,18000,83
168449,6260,6269,210
32229,64,5000,2127
74726,3760,3760,27
136856,73535,76207,89
44781,1597,1597,40
114836,1010,9500,1660
4813,70177,70177,10
193229,17200,45000,1625
182776,250019,250019,1
76630,18599,29900,58
52149,3651468,3651468,4
86597,9843,9843,34
30477,297000,297000,6
86070,4535,4535,55
11409,1000,1000,4
11040,1900,2000,76
46391,9900,20000,4
201398,2390,2390,390
201413,8165,8165,85
193469,2100000,2100000,11
201419,9763,9763,234
71853,42914,42914,42
180317,2500,3095,434
20863,34,34,813
71879,232531,1599900,18
44082,199909,199909,9
137289,60064,75000,63
40014,4074,4074,10
59479,63969,1499800,19
59477,25028,25028,7
44156,1382,1410,34
176887,337592,337592,3
54619,800,800,15
169446,12500,12500,10
200792,11990,11990,43
23119,99,99,49
52088,425,427,9
49624,9000001,9000001,1
29750,55726,55726,26
198044,399,744,66
93706,170,170,11
43572,470,500,2349
76534,2917,3000,19
136555,4005818,4005819,3
151388,64900,64900,5
4558,7500024,7500024,6
151390,5000,8000,16
76592,278,375,24
136551,54707,54707,23
38946,209965,209967,44
40085,696806,696806,3
136550,40000,45000,10
4340,2,7,9718
151394,40000,40000,9
44208,200000,280000,32
192933,15999,15999,30
2605,5,5,43327
127765,500097,500097,5
194797,3896,11000,1249
76641,332,332,22
151542,33534,65000,51
44815,2599,2626,30
194800,3000,19999,1593
200031,8017,8018,1018
39951,299,531,8
38371,35883,43598,35
194790,13860,29900,887
193379,10474,10975,8415
192920,19700,47000,29
34664,225,603,2420
23113,300,1818,28
179372,800,800,21
198228,17999,17999,107
52162,1520,1599,8
52748,1550,7958,29
52170,436,492,16
20848,100019,100019,18
24401,750,2500,4718
20843,110000,110000,18
20813,160,160,20
191353,500,1094,1206
162113,999999998,999999998,1
52212,20050,28952,78
52785,1085,40793,15
32850,150050,150050,15
52226,1598,1998,35
113142,899999,994999,3
39992,1900,101945,4
25521,19592,19592,14
52153,2500,13000000,6
128991,200073,200073,8
39955,296,335,11
40217,90250,92147,71
158868,20000,44900,14
38850,1278,1379,27
23576,6891,6925,36
32839,150000,150000,21
41474,16370,17232,5
5429,2971446,501485674,2
31941,15000,64989,11
98117,2295517,2295517,1
23109,5717,5949,5
23765,599999,599999,14
44936,52452,64709,5
113289,845,2441,1250
36933,501,517,159
52780,9845,9951,39
40215,73247,9000000,80
40028,7359,7746,9
76515,348,348,9
132513,19971,19971,107
28464,8894,46821,15
39950,11331,11331,17
39954,3716,3912,39
24066,734,125267,12
41493,40556,42691,11
35503,178500,178500,10
151610,50056,53456,138
38972,16482,16482,22
38965,31024,35527,31
29535,229890,229890,24
198414,3400,3499,2662
61996,250000,500000,5
32221,3241,3241,418
200036,2000,2512,431
76558,320,320,56
38518,14499,14701,87
60579,31452,31500,16
137558,1536,2336,71
102351,998,998,451
173359,7500,21250,6
142101,57449,57449,18
158872,3487,35000,5
116812,2499900,2499900,2
199939,99800,99800,332
136638,400,727,257
191501,15588,17991,972
162677,25042,25042,5
163391,3980,5000,14
9264,3434,3434,109
118630,1030,1031,194
153709,955,489100,55
6150,400000,450000,28
76639,3433,100000,19
192904,632,2755,142
76650,300,399,25
153708,1298,1298,267
192975,148,149,3132
159845,6000,300019,62
14256,10900,17500,4447
44269,98278,127605,6
192901,3400,3420,347
109137,125,199,7063
192903,1329,1329,367
56158,620008,620008,20
188779,200000,200000,15
200784,5000,5000,73
3828,1187,1471,361
192919,74761,74863,4877
192932,62296,74900,3196
192958,61095,85051,2138
76680,1929,1929,61
191507,9900,9900,224
138884,9900,9900,21
198290,2400,2500,736
10450,500000,500000,40
167861,4500,99999,1073
180409,46500,46500,7
138383,2521,2533,4
138384,7298,300072,25
139389,39900,41600,9
160502,40,100,5748
43492,239,239,249
117475,10000000,10000000,1
23097,2999,2999,10
23114,938,1317,25
25429,2040,2140,55
40533,500,619,206
76665,404,425,9
62770,11389571,11389571,9
52754,7125,13928,37
38876,2610,9900,22
38838,388,39988,17
128736,504181,700000,10
52778,8750,13465,36
128551,27895,27899,101
44453,262,9900,11
38827,1692,1789,77
79311,35045,35545,15
31918,1180804,1180804,5
38865,3300,3300,663
194855,4699,4897,9206
198304,1500,1500,890
44284,32260,32260,11
62006,5927,5927,14
8393,637764,1500000,14
8394,73841,73841,37
79309,38333,38833,24
200828,8000,300000,77
43646,390,428,432
79291,27998,27998,18
187931,40271,40271,81
151538,56500,60253,49
190538,47399,47400,3129
194785,80000,150000,472
126936,500,699,322
200809,44809,44809,10
198303,900000,999900,10
200012,118500,119000,647
192948,55492,89970,3494
198318,260000,260000,210
194793,30050,42098,1572
194751,2500,3078,899
191512,7000,11090,966
191475,797,799,8804
74636,100,200,137
21830,1785000,1785000,1
44084,4999,27379,3
191467,2154,2374,15291
194013,264900,275000,386
113135,39950000,39950000,5
25868,149966,149966,51
19227,285000,12730000,26
74661,18666,18666,285
192906,499,500,660
52192,1399,1400,224
200037,7669,11111,851
128554,1117,7500000,87
173128,3300,1400000,772
38929,86,95,93
151583,7524,9748,352
153711,1050,1098,656
171195,25051,25051,87
198297,590099,600099,30
199193,5499,5499,20
71845,31297,32820,6
38918,2048,2048,64
71861,18669,18669,9
173127,4000,6588,956
41427,17999,19895,24
200771,4300,5050,61
180055,244,810,391
182120,134999,134999,5
32836,7999,7999,44
201320,900,1200,460
76604,529754,529754,9
54830,2445,2445,17
1478,2500,1386068,4
771,46,46,104
178131,3000,134800,2
178107,85000,85000,12
34765,405,405,445
200616,6953,11153,266
39914,378997,378997,8
32226,636,636,434
76600,29967,29967,4
103786,4999,4999,51
200047,130079,130079,245
200050,799889,799889,39
22854,4997,1500000,647
71852,97800,97800,121
194016,270000,279900,94
198306,593250,593250,40
197795,6500,6500,2707
52205,2320,99800,103
62654,2100,3400000,208
89680,800,249100,54
192908,800,900,1251
9088,3999,999999,95
191514,45130,7500000,105
76549,150,12980000,54
39966,550,1000000,163
38872,30100,72234,12
38984,125,150,23
200013,120981,140453,87
77540,1298,1598,17
198211,1515,5871,69
33630,1000,6500500,2
3824,10000,19571,52
198503,9769,15000000,42
9060,10000,1026376,226
178537,6595,6595,39
198261,428511,428511,120
20384,99999,99999,210
192946,12970000,12970000,44
163642,9012,9012,40
20552,9800,99999,46
163558,65051,65051,4
194862,42099,42099,661
62004,400014,461314,29
144397,1700000,1700000,14
157798,300000,75000000,11
194856,3800,3800,1202
194864,46994,48900,6026
201416,1485,1485,203
31917,60000,12700000,12
130220,5000,5700,31
76666,800,9700,19
9030,5000,6005000,74
22850,19936,6500000,39
144306,2842,22105,83
200023,11552,11852,236
197720,9999,6500000,123
191496,10000,14000,484
198194,3975,3975,4225
198307,3000,5500000,125
38855,1271,1271,78
52300,8000,15850,24
16747,20000,300000,18
52221,2805,294800,19
182581,79299,106799,426
198620,34200,34277,42
174104,9942,9942,9
152503,3500,4700,484
180353,300090,701290,2
54835,1066710,1066710,10
158818,14900,300000,22
161314,5000,5000,13
196584,9900,9900,229
168786,500,1000,16
201316,6077,22277,217
56237,3153078,3153078,1
187836,54000,55000,68
201417,970,970,296
52108,799,799,14
31904,18347,18914,5
18283,150031,200692,11
166288,756555,756555,1
22788,14479,20000,724
44499,390000,390000,34
136597,300000,300000,14
42998,2076,2076,141
22797,299988,299988,8
18335,514,7500,363
38264,30000,30000,1
67289,30000,30000,15
194572,5999,6000,1349
28467,500,553,7
198043,3599,3599,184
44455,50,418,31
38842,599,698,30
38813,3002,3003,24
68786,30000,32747,34
110619,85,216,156
118015,7804,7804,37
38857,1045,2176,18
39916,813654,813654,5
74722,72,242,125
128547,3078,6493,24
128538,371,1933,27
52783,4725,7246,50
52779,3421,3494,259
115806,150,150,97
201313,6669,33369,168
38260,11400,11400,3
130217,175,195,304
159468,74,82,32
110628,205,366,79
18288,4470,4470,19
43480,15076,15676,640
136857,64808,206474,20
31899,153833,155200,11
79302,59399,2000064,12
79285,40812,45220,7
167043,8000,8000,56
163911,225500,272106,2
38824,281,295,29
38816,150,150,50
38847,167,479,10
38840,7996,7996,65
89737,135,409,15
44469,698,29999,11
100738,2595,2595,14
38832,556,556,138
38860,29,211,139
52769,200,3178,25
57063,50,100,12
163637,19594,19594,22
28458,29861,29861,8
153445,5099,7180,19
128561,500,1149,139
163640,11270,11270,20
67281,30000,30000,24
128989,35045,35046,47
200849,1800,1800,50
128436,24999,24999,3
52772,158,200,70
153442,350,350,99
192716,125099,125099,6
133553,29900,30000,3
67323,30000,30000,23
38814,514,514,38
110625,146,291,33
24035,824,1006,28
22825,1275,1350,78
200772,1335,26500,267
62019,67920,77620,17
52293,12500,13000,8
110656,4500,5294,27
115809,58890,200037,34
76642,1236,1314,7
76646,1925,2068,21
76649,1753,100000,15
76651,1250,1250,120
89674,350,1205,35
32852,150000,150000,8
32849,150000,150000,11
76694,100000,299800,28
76697,2065,2525,134
192876,698,699,182
18944,75,75,134
173100,13005,14305,34
16167,2368,2368,80
173160,7975,8000,885
52230,4800,4800,19
34220,200099,200099,5
71823,35000,35000,37
24065,349800,349800,9
40169,10000,10000,29
33185,101681,508171,7
34822,184690,184690,2
38908,1482,1483,27
40173,1300,1300,29
38920,3249,44548,16
23766,136800,136800,16
127737,3499800,3499800,1
44457,1000,1425,31
68660,30098,30098,9
20858,54,55,577
61990,5088,5088,21
163207,666,9900,45
30507,9899903,9899903,1
195456,11204,11204,163
32230,180,700,1035
71850,70080,70080,24
41285,10000,10000,10
52151,300031,300031,4
112115,2045,4987,40
52148,1556,6500778,2
52135,804,855,15
52106,2700,2700,10
79288,100000,325000,12
62007,50099,89849,6
71819,44990,299998,154
62010,38886,43188,12
61994,57230,57230,17
61992,45708,72398,6
62009,90749,90749,8
38936,9341,59913,25
35707,623,656,10
52744,700,700,25
140679,500019,500019,4
68140,14772,14772,59
194575,6698,6699,3702
200856,10000,10000,20
77529,15000,59991,36
41102,990000,990000,1
197722,3399,4984,3033
130247,74497,74498,28
191370,3897,5399,1533
40097,1107,1107,42
152548,400,1500,2122
200767,50907,50907,138
191864,8000,8000,3
1703,231729,231829,5
2893,6969,6969,10
47831,85,85,31
5635,329,7500,1575
163060,1019,1019,24
193943,43002,43002,142
191940,9474,9474,8204
49632,18001,18001,35
128742,196000,210000,17
32068,1296,9999,67
31679,6208,6208,848
22848,2205,2205,760
22835,3134,3134,632
20678,560,560,21
128719,350000,350000,10
67444,5000090,6033690,3
128729,379999,390000,5
39946,12000013,12000013,2
178017,2000,2000,3
188684,1600,1700,21
188791,4000,4499,20
176860,3202,3202,8
173163,8498,8498,1816
188760,2300,2300,7
142103,35503,47228,18
176864,109,148,15
188792,240000,240000,16
104342,42500,42500,51
104343,3348,3350,85
76557,324,324,17
105703,7523,7523,52
105705,4920,4920,19
105711,22535,22535,46
76531,233,1200,34
105717,22540,22540,40
105719,12520,12520,20
13510,55096,69997,173
105721,120002,120002,61
168653,19195,59999,787
76519,183,372,79
76524,132,372,71
76508,200,372,77
105722,120055,120055,28
76525,235,235,5
76545,107,107,21
76532,806,806,39
20002,318680,318680,5
40067,1300,1483,486
163110,2500,2500,105
52103,11380,11380,19
76544,171,180,7
182123,88800,95850,2
178221,89910,99900,68
169661,88802,94402,6
183733,555501,555501,5
76551,158,1200,76
89675,100,1200,87
43330,1000008,1000008,1
76560,800,800,90
76562,1600,1600,80
52211,2270,2270,95
52222,8570,154900,18
24055,349800,349800,5
110635,200,3575,32
174207,7500,10000,12
7967,2930,141644,30
76585,350000,350000,4
110626,325,338,58
74721,325,325,8
74700,150,182,31
38951,90,109,38
200855,9000,9000,20
193231,53704,54800,2071
136554,27500,27500,8
6949,4000000,4000000,1
22849,1795,1795,1005
13459,8814,8814,30
200781,5500,5989,69
200011,40096,49996,27
201191,14999900,14999900,4
9333,1114,8063,68
132207,937,937,1
128990,54072,54072,20
37092,4334,4340,40
173048,13400,13400,61
128993,210291,210291,11
10309,2100,22500,48
63307,2761,2761,130
128988,30292,40190,13
201725,1000,1000,1330
76527,149,149,16
42997,1506,1999,534
198219,939,1000,1806
21023,11836,73874,42
66946,233013,233013,1
128018,2499778,2499778,2
191369,10300,11070,278
20867,499,1670,46
200833,100000,100000,27
2325,53,9500,2696
38922,6990,6991,172
58087,12000,18348,890
10593,3500,10000,303
158838,50000,74976,4
199967,12000,15000,297
199975,49997,59299,60
13929,3600,3600,94
39001,1482,1482,15
62012,48594,93996,11
103795,8000,8000,48
3387,6500,6500,41
62772,34659,34659,23
169445,15000,19900,345
23099,428,450,14
58148,924,1024,850
23110,610,610,16
74725,494,10099,237
200578,1954,1954,641
124436,699,700,414
5500,1499,1995,94
76885,23339,178815,48
71848,115868,149800,32
158856,256969,256969,11
76537,390,419,59
52214,12500,12500,39
128541,899,899,49
24028,4898,4898,60
6041,63359,63363,20
50816,9499,9500,101
41461,3400,3500,22
41584,30000,30000,545
62001,88800,89000,9
23101,1125,199800,17
71843,95200,95374,51
163100,200019,200019,1
41490,2253951,2253951,5
128544,11850,14721,90
38810,10,10,78
76631,14900,29800,17
108349,18654,20057,94
76629,350000,350000,4
128219,164754,164754,3
3340,200098,215398,11
31895,30251,31702,8
61991,13580,13580,6
62016,250015,258915,5
52125,1366,1466,41
39911,180063,274563,9
200008,44550,70000,488
198268,18000,18089,99
74866,120,470,3153
199965,40000,40000,33
38429,18049,20054,30
175962,237079,237079,1
192896,1609,9800,4304
159875,4000,4000,39
71826,25061,25061,16
10513,999999,999999,200
177842,7736,8999,36
19975,105421,105421,6
200775,37073,37073,58
178549,2858651,2858651,2
76614,29900,154700,6
76696,10549,10850,86
76599,20016,20016,4
163918,500,500,4
31869,579,1312,12
76596,9989,9989,3
76512,412,412,15
192900,1023,1024,50
163407,12000,12000,66
192665,30043,39843,4
168232,40000,40000,12
39912,237,477,58
39939,8075,28506,9
39907,199,199,5
173161,3360,3360,2288
32409,167618,172029,2
191385,1465,1465,1286
52195,2020,3800,165
132220,205,205,526
76138,1499,2200,4417
198279,4400,4499,133
6038,24981,24982,145
5373,4752,5000,1444
180331,599975,599976,3
179001,300017,300017,1
198221,10000,24873,909
41163,11000,11998,3750
200040,9595,11795,2136
71870,150311,152671,5
158849,39933,41033,77
71860,29257,29357,9
59595,1000,1000,19
198502,12000,12000,54
76615,5999,5999,39
76633,24999,25600,119
24272,41110,41112,397
40009,1000031,1000031,3
24072,1477,1577,190
90554,500,8000,3
168638,4028,4900,268
128560,1026,11252,16
1288,590,4050,6485
28470,9971,13871,19
173123,1199,1200,1260
65892,480000,480000,5
16583,6938,6938,17
5565,690000,690000,19
115808,175,1908,46
198499,9595,9595,384
40037,7572,7572,19
163061,2500,2500,27
200017,80000,84998,67
127732,33291477,49999900,3
41502,31846,31846,5
44273,85219,85227,8
2686,107152,142348,560
44263,480006,480006,10
3825,5400,5999,647
200796,2494,1251294,32
2894,922702,922702,15
177061,365,2061,27995
45771,4999902,4999902,1
80593,17232,17559,25
19262,23326,700099,14
6316,1200,1200,72
79238,299997,299997,5
76640,3000,3000,3
3164,902943,902943,9
38303,486,1500,246
118415,696969,696969,105
112275,2530,3500,57
173122,665,1011,124
79304,99999,99999,10
74642,550,1200,257
79313,300000,300000,6
23988,2301,2301,23
140206,10057,10057,10
23987,1201,1201,17
193557,36600,36690,32
168500,9999,19999,448
115804,135,135,54
9357,500000,500000,19
3702,7500,9900,5
129001,38523,95000,14
54747,100000,100000,15
52299,10000,10002,12
87264,100000,100000,3
39935,555,555,7
52302,19999,20000,18
76608,117132,117132,5
44155,6790,7000,94
52097,999,3535,19
39942,211,242,17
39982,6448,6448,8
119097,29127,29721,5
108364,31165,31165,153
81917,3202,4802,347
11022,14999,14999,23
1178,108900,108900,34
193246,7999,12568,6758
163107,2500,2500,44
40049,14995,15000,23
61997,100086,311986,6
10646,1800,4175,202
200099,4900,5000,1507
68784,34339,34343,34
39958,11540,11540,8
39980,207,900,12
76617,16412,16412,4
71825,151766,151766,21
41470,3482,3482,3
93707,350000,350000,4
52174,393613,393613,5
24048,537,537,6
190235,10081,10081,81
187191,500000,500000,1
187211,500000,500000,1
61993,100000,1195300,3
38981,2725,27432,12
76548,299,299,23
76613,33676,33676,7
40059,2128,2128,12
76593,38921,38921,5
35759,325,325,254
39003,3188,3188,36
168592,5645,7152,63
4367,990,990,762
192950,25000,500000,35
67310,99801,100001,60
76577,300082,300082,4
163132,379368,379368,1
198536,4797,8775,1024
192842,247,870,73903
92430,133320,133320,12
169456,3033,3034,131
40094,150078,164778,4
38430,2505,2505,26
108351,50002,50002,28
56968,50000,300000,34
79293,24500,24500,22
191534,420099,430099,83
2091,1199900,77777700,11
136376,544779,544779,1
40043,35454,47078,3
12436,13071443,13071443,1
180429,999999999,999999999,1
19703,115099,10000000,194
139346,99800,99800,5
19270,1032,1232,42
173108,1449,1888,1643
5480,8550,8550,111
28459,8876,8876,3
63025,25065,50065,17
168315,19449,19499,89
194725,1268,1268,134
108649,166713,499099,9
13757,524,524,1062
63691,33300,75016650,2
127763,13167133,13167133,2
159898,4000,4000,69
159900,5000,5000,39
163053,2000,2000,35
172018,8999,8999,67
56150,14500,15000,14
52209,11715,14920,14
44087,220000,220000,15
158831,149,249,23
67506,12503,12504,7
5435,4000004,4000004,2
117457,6332,6332,43
9358,24900,24900,11
38266,3999997,18000002,9
39920,379305,379306,3
191387,3800,4400,875
41164,14669,14669,10049
178543,1000,1000,10
128015,3133736,3851042,10
128016,264264926,264264926,17
43425,50000,50000,11
184347,19899,19900,21
16023,5500,6000,48
198259,28000,28000,34
71877,25019,399999,87
71874,22550,63525,13
71847,29853,199998,114
10841,30094,30094,16
71832,135893,135893,19
74728,1945,3790,51
191497,8500,11147,24889
71824,85741,90254,23
71830,40004,40004,20
138983,4650,4650,3
93208,4500,27500,442
116172,20108,20108,25
201182,149928,149928,9
194787,11385,11951,658
16766,200,200,321
12404,12,12,351
25896,21660,22800,13
192917,21990,22500,87
41096,2487500,2493750,2
3168,5904,5904,6
192943,37598,44799,42
192936,16200,16599,94
4655,30577,30577,47
56051,279890,279890,5
200811,2500,5000,108
200839,3948,3948,71
180348,9999265,9999265,1
76609,25097,25097,4
201180,79900,79900,5
201184,34830,34917,10
201193,43956,43956,6
65503,50000001,50000001,1
108979,50087,2000087,81
76536,141,1200,48
41481,399799,399899,3
194789,17622,29900,655
5136,2000,2400,37
4398,2954,3454,70
39975,2158,2272,11
194811,7128,19990,1684
71827,30000,30000,18
40032,15599,15599,9
71858,21586,22827,17
54291,899099,899099,2
119094,212739,212739,7
71829,64083,65769,22
41480,1606154,1690688,9
71846,45189,45189,26
41445,109646,109646,20
103797,8000,8000,47
179004,300000,300000,1
156646,3751,3751,200
76506,644,149800,27
192700,3400,3460,20
4581,303983,303983,1
200850,20000,20000,15
69839,247500,247500,2
29110,500000,500000,1
22827,2946,3946,127
39936,1042,975542,5
82330,2599,2599,25
183963,3999,14871,15
69840,19800000,19800000,1
76564,950,1050,496
76510,483,704,6
43827,90076,3000076,14
13512,36279,59993,177
192668,80000,80000,20
23819,5000,5000,14
101748,10000,10000,23
71835,92223,98761,15
136566,10000,158132,5
11382,60097,129900,198
92058,14285969,14285970,3
199646,10001,25001,8
52156,5300,377650,6
136546,199898,199899,30
23787,29690,40819,450
76652,775,775,12
43087,13000000,13000000,19
38993,505,1220,28
76131,855,2499,2145
20881,75,90,70
201415,2744,2744,376
52136,1799999,1799999,4
201698,1000,1000,1820
45196,1000,1000,17
158797,2436,2436,4
62529,80002,2940002,2
53051,1527,144611,29
87248,27085,27085,105
132223,300,350,15
138196,4303139,4303139,1
198506,2050,2099,17
162664,50000,55629,4
113274,181983,181983,4
151123,20416,20416,12
92431,13321,19882,59
138295,55007,60307,3
140298,47577,48827,8
23385,30000,30000,8
76578,350066,350066,6
76580,17555,17555,3
40123,5000021,5000021,1
39984,13000000,13000000,2
30478,1000040,1000040,4
201177,249950,249950,1
201163,89900,89900,3
52218,799,800,7
108347,25003,40003,30
112299,9000,9000,57
22375,3914126,3914126,7
192923,19900,19900,95
19931,1960001,39868850,4
22373,77777700,77777700,1
7428,34345991,34345991,3
52132,612018,612118,21
76622,19989,19989,8
18230,77777700,77777700,2
20381,13680000,77777700,5
52139,12994,12994,6
194863,25397,25400,14323
41478,30264,32238,13
39952,823,823,11
40003,2617,2617,10
61985,9000,9000,63
71868,100000,100000,8
162554,3500,3500,247
39979,575,575,64
159897,4019,4019,40
39959,857,902,5
200782,7760,7760,74
20498,300000,300000,6
191476,743,822,82171
31900,333300,333300,5
58276,4750,4750,85
76627,10098,19798,7
62237,499991,4206969,683
33867,1000,1000,25
37452,874813620,874813620,1
200845,3600,3600,8
76603,199500,199500,7
7099,566295,566295,31
62525,6230898,6230898,9
61988,97000,13000000,7
49253,20705,20705,29
191495,27400,27465,5178
20677,560,560,16
49254,19999,19999,30
20526,508,508,7
27500,1978,1978,13
20541,560,560,14
18631,5200,5200,279
196440,1000,1000,148
41473,3193938,3193938,20
7964,971,972,82
192695,380040,400040,6
139175,2599,2599,65
39360,4103,4103,6
44285,101008,155608,5
62653,105,105,44
128013,807596,807596,2
76612,9997,9997,7
39905,768,768,251
43850,2526,2526,353
52167,8500,8500,8
138973,5000,5000,26
34824,3860015,3860015,1
71375,9098,9098,5
38821,998,998,7
77272,20000,20000,10
44774,280000,280000,9
44769,1500,2150,2
23380,2500,2500,14
43145,7849,7849,26
76658,4565,289098,43
168191,449,449,743
54620,20000,20000,10
31888,39900,39900,13
29577,2023011,2023011,11
119095,7502,299899,7
137644,100000,100000,1
136596,100,100,10
12430,104602,104602,2
25548,4789901,4789901,1
62514,18475,18475,12
3530,25,299,398
42994,1150,1150,31
136549,879680,879680,5
192953,40000,40000,28
41475,2876,2876,8
41466,1570,1570,3
69841,1000000,1000000,1
139785,704370500,852185249,2
76571,4500,6000,9
163898,100000,100000,1
23848,9000,109500,45
41452,765157,765157,1
12432,70064,70064,29
200619,13000000,13000000,30
57059,2002,28002,26
129099,5000,5000,171
172017,2500038,2500038,4
20857,6213838,6213838,2
183793,100001,100001,1
153566,4538,4538,22
153567,4500,4500,10
29573,6380297,6380297,10
92053,83021363,83021363,1
29574,468579,468579,17
38839,63,64,20
110634,45000,45000,10
5376,300000,300000,2
67280,1635407,1635407,21
45622,396010,396010,6
179273,122559,122559,12
180341,300065,300065,2
180327,130065,130065,1
185739,3950090,3950090,7
186661,600062,600062,7
180343,999999965,999999965,1
180340,50065,50065,1
3175,239801,239801,3
52234,957,957,10
25466,9999901,9999901,1
11410,3300,151650,2
185970,5000000,5000000,8
183110,300000,300000,16
178787,11500,12400,4300
193934,7791,7791,8487
184394,195005,200005,3
43231,1111111,1111111,48
52292,15012,299999,15
52229,6653,6654,7
76728,200001,200001,1
179307,199999,238906,16
39977,13808,13808,12
16005,42500,42500,44
192962,100000,100000,4
188827,6857,6857,6
192872,5,13,316112
198421,499,784,8959
161126,6000,6000,103
159876,5000,5000,34
52130,52531,52531,4
198193,3901,4390,924
52146,1902930,1902930,5
40050,5963,5963,30
41497,12999900,12999900,7
39917,1436,1512,54
41476,40623468,40623468,6
41499,12537,13198,10
41484,11400,11400,12
198195,70039,70044,200
198280,10000,10076,752
200304,13885,13891,76
190532,69000,69600,1801
173125,4000,4084,7
39569,8922,500038,7
27635,2900,2900,25
178548,2250029,2250029,2
163910,300033,300033,2
32773,500065,500065,4
25443,30020,30020,7
2290,75,315,210
176867,4050,4050,6
188836,18662000,19011000,5
136544,10099,279000,17
76675,595,289100,18
52227,3007,3007,10
127733,3499800,3499800,1
192692,8476361,8476361,1
138978,4500,4500,40
138979,3000,3000,10
138986,5000,5000,5
159878,4519,4519,21
188946,300000,300000,5
74719,148,1500075,7
130204,5052,5052,57
130200,5034,5034,76
201194,8000077,8000077,2
110627,92528,92528,1
38937,99,99,60
110620,77500,77500,5
138972,4000,4000,15
79305,378999,379499,21
39956,100,100,104
2516,300000,300000,5
20846,172951,172951,10
159848,610,610,7
23977,15099,15099,5
5370,2800001,2800001,1
191374,7500,8687,2141
40134,20000,20000,2
179005,300000,300000,5
39981,516,554,26
201202,111100,111100,1
21716,2403,2427,37
40029,4112756,4112756,3
23826,69845,69845,25
68358,6000,6000,8
23769,17504,17504,15
9261,16304,16304,8
158810,2356,2356,1
40903,55502,55502,4
45803,100000,100000,3
45794,100000,100000,1
28290,502,502,1
76624,7589,7589,4
82345,75076,75076,12
52340,2078,2500,140
76623,8961,29430,4
87899,75002,75002,8
41098,75076,75076,5
85698,75076,75076,9
87896,75076,75076,13
44266,80000,13000000,18
62527,100000,100000,17
108362,241094,241094,299
173908,99900,99900,17
136560,20018,60019,18
32598,100035,100035,8
118392,12750,12750,6
62524,7500,7500,5
92421,17864259,17864259,1
92051,377169227,377169227,1
92049,730282861,730282861,1
92052,95320977,95320977,1
89512,9903,9903,1
38931,647,648,44
158832,100000,100000,3
178540,75000,75000,5
184283,50000,50000,1
10648,2595888,2595888,17
79289,51998,51998,8
183203,49999,49999,1
92055,112760955,112760955,1
92663,37173977,37173977,1
180476,4200,6502100,2
29800,159668,159668,9
20518,748,748,5
117474,276892,276892,5
116405,9500,9999,1183
25441,2000,4500,5
118704,1500,1500,637
52338,5099,5099,5
108363,11903,11903,122
95373,49900,50000,45
54626,200,200,9
147669,3135,9901,21
44780,100,100,32
1082,1683,2003,164
24281,270000,270000,1
76597,50010,50010,7
127717,2999800,2999800,1
42465,24983841,24983841,3
200804,3065,3065,65
201165,297000,297000,1
46390,427203,427203,1
25442,5000,12500,6
71867,24908,24908,6
171346,200004,200004,1
180882,900033,900033,1
88163,199976,199976,3
152296,38411,38411,1
49601,5917,5917,10
155909,8335,8335,33
200055,100169,200000,506
198224,2000,4143,93
23841,2525,2525,58
62017,485000,500000,6
132509,2500,16516,100
36927,5000,5500,66
169954,999999,999999,3
79307,199998,199998,6
9186,1111111,1111111,20
112276,2500,2500,50
62015,24588,24588,18
183208,18863,300000,3
52295,35050,35050,6
29112,1300000,1300000,4
199051,25000,27499999,23
163387,300000,300000,1
38788,579,579,17
158927,100000,100000,32
3771,100,188,60
81402,16165,21287,35
90659,2000000,2000000,42
90660,5000007,5000007,50
79295,549599,549599,14
20533,2590,12590,3
3390,2400,2400,1
33562,2027,2027,1
192697,60000,68906,36
200799,19429,19429,5
175954,220000,220000,5
136553,2044,3387844,7
178542,4019,4019,4
71839,23136,23136,9
5637,1680,1680,43
101662,9988,10038,50
136568,59913,59913,1
39941,1013,1013,1
39937,1013,1013,2
117440,1481,1481,22
119324,1481,1481,25
5431,1803872,1803872,2
36810,2400,6501200,2
62451,3000,101094,3
63291,199901,199901,2
87240,3275,3275,40
3172,1650022,1650022,1
9399,999999901,999999901,1
200264,300025,300025,2
42738,500076,500076,1
128730,74600,500051,10
128717,133913,500051,5
172050,9888,11191,77
151774,296270,296270,16
199216,49714,49714,49
79296,291885,545942,8
41731,209,263,62
41165,299999,299999,4
41498,12000000,12000000,7
201221,56796,56796,18
40769,5020,8220,1391
200825,7400,7400,9
194011,49900,49950,10
61989,100000,145000,5
130218,499,500,1291
179291,9800000,9800000,2
201321,40000,40000,1
43005,1000,1000,17
200802,2019,2019,42
60578,40703,40703,12
158794,300000,300000,1
2591,2201,2201,1
153570,4438,4438,16
32470,219,219,11
68357,2267,2267,9
4428,1500,1505,5
41146,12880,12880,11
1696,310,310,1
158819,2584,2584,1
40084,9900001,9900001,1
179270,400069,400069,44
45202,10001,10001,4
200107,150000,150000,1
183205,40000,40000,2
44776,16024,16024,4
143853,699965,699965,13
75014,2975,2975,400
153015,175000,175000,12
130265,300000,6650000,2
30610,100000,100000,3
7676,248,248,52
38350,50000,50000,1
192710,75364,75364,1
24039,6022,6022,9
11419,32500,32500,4
39965,700,6500350,2
23330,10000000,10000000,1
1222,299500,299500,1
20842,2000,2000,11
9206,2785,2785,4
198504,8910,9050,119
163018,6086,15000,42
88492,10000,20159102,9
116170,500,501,71
200776,27581,27581,12
3726,10850,10850,141
153620,2251,2401,4
21718,2403,2403,19
27501,502,502,11
168019,16952,16952,1
11408,99914,99914,1
1688,99913,99913,1
79298,427893,427893,12
178518,824364,824364,1
114015,1913,1915,24
198494,233276,233276,5
190236,97607,97607,3
49602,2000,2000,35
174383,308382,308382,1
198500,100000051,100000051,1
118280,15020,15020,11
194869,8600,8603,99
52084,679,679,5
191250,8000,13978,5
201220,300000,300000,24
41489,53458,6526729,2
10290,188,50088,9044
37674,350000,350000,2
163399,2079,2079,300
163152,1508,1508,80
62341,500,500,5
31862,999999999,999999999,3
172500,553108,553108,1
179308,95000022,100000022,5
179015,100000029,100000029,1
44081,129900,129900,11
62018,13000000,13546874,6
127713,3196304,3196304,1
158822,100000030,100000030,1
172451,597,697,88
4852,550000,550000,1
20847,7233467,7233467,5
23827,15978,15978,2
22795,1249,1250,61
4395,2453,2453,5
153435,199,200,27
127730,449094011,449094011,1
92664,999999999,999999999,1
158873,10061,10061,2
44750,1188911,1188911,1
184340,957579,957579,4
184341,1021269,1021269,5
20433,190369412,190369412,1
76588,32547,32547,3
76574,141589,141589,3
79312,112500,6556250,10
42545,495,495,60
20544,38969,38969,1
76595,9997,9997,3
186982,7800,7800,22
29563,16029,16029,7
79299,76000,76000,14
60376,199,199,400
60379,199,199,100
62786,9500,9500,120
200451,5096,5096,1
194736,18000,18000,469
30512,518,518,1
1475,25000,66743,378
178137,25942,25942,1
178103,7551,7551,8
39957,672,6500336,2
34537,19999,184966,4
128713,21201,21201,3
192653,8500000,10000000,12
192724,5800,5800,1
200032,7498,7498,884
200818,4805,4805,25
24449,9001,9003,1524
56054,5200009,5200009,2
200568,13724,39999,20
955,792,792,16
104339,1600098,1600098,1
200821,7493,7493,1
179020,9929,9929,9
185910,29885,29885,295
43086,2198,2198,1
161373,1773,1773,25
198310,3593,3593,399
79301,44596,44596,12
86592,998055,1000000,10
43146,198906,198906,21
163709,5172,5172,5
128842,79992,120092,26
187823,100000,100000,3
59232,1500068,1500069,43
178536,1859,1859,5
174282,122438,122438,10
200774,11412,11412,13
33561,10000024,10000024,1
43341,670688,670688,1
162567,7500,7500,40
162570,5000,5000,71
62414,12554,1500000,26
2685,10500,200002,102
34755,2207,2207,3
166420,323391,323391,5
4877,32880,32880,8
117452,23,23,62
45909,25507,25507,5
152718,13000000,13000000,2
22460,1300,21073,3
39906,13000000,13000000,1
19279,7000000,7000000,21
33548,13000000,13000000,1
127716,2499904,2499904,3
54837,13000000,13000000,1
29454,43585,43585,1
52249,14902,13000000,6
25420,13000000,13000000,1
106868,11657,6505828,2
5133,13000000,13000000,1
43868,13000000,13000000,1
118899,9000000,9000000,3
180623,1534672,1534672,1
44608,15000007,15000007,1
132224,13000000,13000000,1
81916,15020,15020,20
81889,13000000,13000000,5
200827,37578,37578,13
44078,8999,6504499,2
63316,19999,19999,3
127712,353312,353312,3
54836,13000000,13000000,1
33093,5900,5900,20
179276,115721,115721,1
63299,6374908,6374908,1
31896,1000000,1000000,3
20866,91,91,5
43547,80000069,80000069,1
42910,80000069,80000069,2
43420,80000069,80000069,1
52169,13000000,13000000,1
43696,5000099,5000099,3
52223,13000000,13000000,1
79300,13000000,13000000,1
52210,7196,7196,4
28501,13000000,13000000,1
120270,300000,300000,1
12209,12000,12000,30
11285,50001,50001,49
39964,13000000,13000000,1
44076,13000000,13000000,1
41450,13000000,13000000,1
136547,13000000,13000000,1
52155,13000000,13000000,1
39986,13000000,13000000,1
41477,13000000,13000000,1
28461,13000000,13000000,1
52131,13000000,13000000,1
89676,279480,279480,5
136571,999999999,999999999,1
54634,300000,300000,2
54633,200001,200001,6
134054,300000,300000,2
52190,25000,25000,3
187636,14250,15000,138
112449,49,49,77
76668,13000000,13000000,1
42779,100000,100000,1
44278,29918,1200045,7
76582,350000,6675000,4
44165,13000000,13000000,2
52133,13000000,13000000,1
41494,13000000,13000000,1
52154,13000000,13000000,1
133979,13000000,13000000,1
163638,9063,9063,5
39989,13000000,13000000,1
41496,13000000,13000000,1
76523,13000000,13000000,1
37143,2425,2425,10
175965,223,223,1
180475,300000,300000,1
92432,60001,60001,8
77264,4422861,4422861,5
6457,901,901,1
4390,500,500,6
2735,23698,23698,2
2742,11188,11188,2
32686,27079,27079,50
92057,398837,398837,13
182761,7215,7215,1
184309,30000,30000,1
89326,4549,4549,2
179286,1529,1529,1
180310,936532,936532,4
155907,10005,10005,10
11384,1273,300000,48
33872,775,775,10
42993,1564,1564,10
67483,285002,285002,1
79303,272949,373974,2
41541,650000,650000,1
41540,80093,80093,3
67486,297008,297008,1
42461,926569,926569,2
44775,1038,1038,4
28452,107619,107619,15
104196,2542489,2542489,1
201697,1700,1700,878
162516,3219,3219,233
182714,202,202,1
67401,300033,15150033,2
10307,880,880,9
132225,300039,300039,1
44088,200009,200009,1
5871,300005,300005,1
163786,21000019,21000019,1
113278,62700,62700,5
110655,617064,617064,1
163104,8026,8026,10
160483,2519,2519,19
142262,6050,6051,89
127720,2999800,2999800,1
200807,7600,7600,3
5473,30011,30011,97
192689,25026,25026,1
43235,50008,50008,19
43233,50019,50019,10
17030,150008,150008,13
76583,350066,350066,2
76584,350066,350066,2
10512,100001,100001,200
5140,300001,300001,15
136654,4621,4621,40
101747,457973,457973,1
141319,4276,4276,1
141318,5176,5176,1
31676,487140,487140,20
128498,2346371,2346371,10
119099,13200001,13200001,1
22840,3070,3070,56
104340,1,500001,8
101661,16290,16290,1
163651,2000097,2000097,1
29561,14895131,14895131,1
122346,642,642,5
17036,2500009,2500009,5
193468,200,200,4
61982,5001,5001,1
17403,5600000,5600000,1
