item_id,min_price,median,quantity
189542,10500,10500,7736
200772,1599,1830,162
194806,8654,49999,733
200852,1800,1889,118
197741,7,24,2153682
172347,47,58,5166
25416,3000,4400,205
39212,30,500000,88
52078,5000,8466,62209
200795,769,769,196
194802,9400,19999,987
201404,34380,39803,2315
136606,3400,3400,87
192615,63,63,128617
5498,75,8500,4469
192625,69,70,2081
25719,494,1120,38856
163842,40,42,68
192623,60,60,288
192650,200,350,99
75014,835,955,1858
79101,295,858,44753
59596,340,340,125
173871,55,100,699
199935,525,575,114
88487,595,898,84
200819,5800,5800,122
158863,119,119,181
192624,70,70,1656
200801,2098,2600,111
44599,45,50,233
58257,7,7,660
118007,15,875,3933
17056,1,5,15251
191325,900,6038,1239
194803,7050,49999,1249
199990,636,750,5032
199950,500,500,913
199952,500,500,635
118632,500,593,436
193253,500,1304,85476
193050,7,9,1393047
199955,500,500,506
192688,2000,2000,12
199951,500,500,889
85559,51,65,193
2675,5,3425,15739
124105,998,999,22144
199945,524,524,124
44267,97599,100000,20
163698,975,8796,92
192608,63,63,693
172049,115,313,374
198082,2100,3073,819
198174,800,9900,151
163843,7617,7917,37
198186,2796,2799,1608
171266,25,27,2579
39686,99999900,124999950,2
192937,7800,7800,244
161344,68998,73799,1044
198231,254,9900,132
192903,1400,1480,167
191330,1215,2425,548
200769,476,476,229
192908,1062,1399,1131
203411,39899,49999,606
200304,456,480,540
1210,45,138,704
192912,1000,1100,278
193223,1606,8685,40732
60486,25,44,1358
193389,170,170,120
192636,55,59,30822
191364,153,170,43395
4338,6,55,350916
154898,6,202,15361
192914,725,950,1918
155600,14900,30010,53
6470,50,500,6168
4787,83,84,438
198219,895,1364,1288
133545,6000,18009,136
8831,1085,5500,3722
193218,17829,18499,44873
85569,260,580,150
158823,288,288,35
22785,125,3358,8023
74863,581,582,3431
71849,63232,68667,47
191462,211,269,264567
3486,200,247,1135
193217,9994,9995,36641
154899,7,7,55777
7096,100,100,80
178222,19,19,1311
177040,19,20,1494
6289,1,55,90458
200047,99800,99999,405
191374,5195,6500,1148
191373,290,900,978
200105,80,99,226
27516,5625,9700,186
200828,17000,17000,78
6532,2,6,459
199940,549,550,117
153700,200,265,1236
200614,500,501,143
122742,15,19,130
199941,500,500,277
199984,500,569,244
74859,500,600,2775
199999,500,500,356
200000,550,550,268
201312,500,501,262
200808,590,592,261
200002,500,500,333
201318,501,501,155
192634,69,69,221
198305,155,174,937
198189,2230,2233,1491
19703,6998,7550,2444
199964,600,600,43
180405,100,496,39
178178,100,169,532
19221,1,12,8957
109125,132,151,17005
191939,80,80,13093
200833,29000,29000,45
158771,47,50,188
74838,308,418,1022
200832,533,533,462
200783,3750,3765,34
163695,3000,6999,3115
158839,74,10000,256
201424,70,90,382
89112,575,5500,11387
155631,39,39,237
158378,19,320,101042
198437,24900,24900,10
74717,88,209,84
197767,220,282,8931
192842,1111,1191,8003
200623,6175,6861,198
194805,8500,25076,957
154722,2,10,679928
187704,7,20,94131
187699,522,3389,19050
7068,8,1005,30252
35953,9,9,277
173033,7,7,27144
136561,400,450,58
197748,32,43,580649
191372,176,490000,1193
192861,3349,3350,9182
7077,37,75,38763
192620,61,1061,453
197746,4,20,998587
191493,17000,23328,1005
192652,165,1978,169
130215,199,200,424
151565,650,2900,39481
20520,9899,29918,9384
157844,35,35,670
192629,59,60,830
158859,118,120,431
74857,621,700,2445
199997,584,595,2651
192610,85,98,845
60388,22,322,240
199996,485,599,2520
192672,168,168,345
80591,22,186,645
200106,187,187,120
19225,2,47,1791
109219,70,71,180
19223,1,2,1682
133573,122,131,319
152512,608,1216,64499
19224,1,1,1387
116266,610,13500,790
192957,4500,6863,412
40008,1458,1459,31
171271,30,30,560
64670,88,100,2579
87238,99,156,465
183823,44,45,970
43852,55,60,510
171370,25,69,1109
162517,5500,5500,42
22823,1780,139898,157
44739,355,360,211
197791,145,158,7871
197786,170,275,10289
176853,38,38,169
186662,4560,4799,97
182121,86,86,41
3386,900,1000,172
32068,1825,1825,204
176866,40,80,551
169701,200,7900,42334
33444,5,41,539
189156,8798,24500,100
193959,1599,9900,529
124106,4850,9950,16279
31676,3500,3500,54
22841,1500,1800,86
200579,1824,4500,1389
15869,75,84,402
176874,119,119,229
1179,1,1,2851
58256,6,7,707
200507,337,479,12291
173874,129,130,370
4480,40,40,36
18230,96,400,518
116268,138,138,764
24338,15,16,158
176862,39,40,258
101630,2000,2475,216
33461,100,350,67
187633,341,10040,620
42780,70,122,70169
198308,322,900,524
155601,84,90,643
198237,800,900,427
32062,2400,2400,73
22528,7,10,1888
161373,383,383,97
23334,200,200,20
171301,59,65,263
22835,7797,7798,492
53049,15,40,620
22834,1200,1378,674
43467,69,99,153
39978,198,10000,23
60858,19999,19999,107
31679,7985,7985,857
199948,534,536,481
22459,122,238,312
9451,1065,1065,51
52085,100,1958,32
197769,195,250,1915
130181,23999,49375,1015
199980,580,688,380
1468,1,79,75262
194567,400,3500,1324
199219,1968,1968,240
199979,979,1502,1602
53066,5,24,7536
191398,975,2299,1197
199991,482,1500,5466
182653,8,8,265
199985,1699,3444,537
168794,1925,500000,30
109585,180,11247,6545
172096,723,1999,259383
152497,40,67,955
113588,400,457,25309
168646,161,5079,1788
199188,700,700,556
22826,1091,1226,185
119102,122500,500000,9
200044,699,750,4078
173042,85,100000,371
43007,149,149,21916
16202,39,103,11389
180168,161,161,86
198176,28799,28799,454
152505,98,277,141120
173040,165,270,255
173039,38,39,267
197787,149,150,24062
194035,1240,1245,1093
22840,2175,2175,526
197775,98,145,6250
191499,7498,7500,160
197789,144,199,25628
8165,2000,5500,606
19280,6425,31735,88
199936,500,519,249
58263,16,48,451
33825,14569,14570,98
197784,177,1000,39023
36917,200,1000,3727
60375,298,298,941
124441,400,499,31442
9308,99,239900,3377
60377,299,299,642
197782,189,224,35721
192923,1299,4897,153
108354,345,372,575
194009,400,800,1250
3685,3,350,4646
183963,10000,19900,20
192840,1110,1293,1928
193029,3000,9900,212
191395,2788,3999,1427
198184,1386,1477,5329
191949,100,1043,15025
197781,150,173,17250
152544,105,105,908
13754,2000,2000,6021
2447,200,673,17291
163563,2499,24099,216
152576,6,32,9328676
152545,125,5089,3979
174283,19,19,1027
40109,1152,1212,505
193255,384,805,37842
4603,2000,5500,2648
40079,9,284,41
12037,5,99,64420
194785,64199,64400,761
72237,50,2522,32197
198493,24749,35000,4493
34751,31,40,393
197737,36588,36588,7
14344,11,100,590984
52188,356,400,1067
168583,380,489,38704
27655,83,83,293
3864,550,3890,4441
12203,2,1001,58824
40077,520,597,958
76669,9206,9206,14
76699,395,524,155
152639,2399,13046,1784
76526,179,179,111
198417,5899,5900,2988
76568,100,100,79
198418,1500,1841,6795
76510,200,200,23
34440,75,214,1102
76687,2848,2999,37
111672,69,500,10085
76658,1194,1196,29
132231,22,24,776
192635,61,61,1613
2679,3,3,974
193214,32,57,337580
194807,8729,49999,1122
197854,98,99,575
34664,225,227,1556
111673,63,63,3802
60394,25,25,110
180623,100019,100019,3
197768,3151,6915,1742
191394,874,1200,1255
10620,64,77,322321
53038,1310,1700,48809
58264,9,25,158
190532,31900,43050,7307
191323,8950,11987,335
58267,23,25,67
115803,650,750,150
22795,21,21,29
17747,97,98,35
52181,3000,6559,1211
72163,5075,6363,10250
55973,2000,2000,32
192660,186,189,29
37467,4998,10000,124
11394,20,20,148
11393,40,50,224
201205,96,99,91
155608,32,380,693
74834,175,3000,2811
168190,300,400,301
85506,80,899,3529
18253,1119,6664,115
163691,1200,1999,319
155598,34,39,143
192651,188,188,157
200074,4100,4500,10820
199967,5019,18547,19
199973,1999,11100,295
68197,18,18,262
199975,21500,45000,24
23769,30000,50000,29
25421,20,20,99
56046,73,74,603
194801,64498,65000,1238
194809,31618,37828,694
193236,22600,22980,720
74842,480,599,2232
58258,153,1053,936
28059,10000,10000,16
28058,2500,5000,38
12803,4550,7000,3621
22792,743,2000,4977
60485,20,24,4365
2775,2399,2900,2072
25453,199,200,94
22451,36894,59999,2483
43013,46,29900,2529
31916,800,985,67
33575,22,23,160
10593,945,1245,1828
155629,100,65000,2009
60393,44,44,49
197779,86,90,19005
33576,40,40,64
191363,116,118,2639
56196,1401,3000,9
192554,800,3500,991
2835,2,79,139305
11392,900,1200,296
152631,6,7,17049
79309,120000,120000,16
17011,25,270,4388
108332,105,128,3764
5503,40,2545,10849
113576,199,199,63
123918,759,789,140055
22578,1300,5299,3375
4306,18,58,138387
60406,50,192,510
193215,34,35,854558
2678,1,1,122105
201403,7300,7540,4469
153702,254,255,921
201421,7897,10005,5078
179309,1764,1764,98
60405,23,23,1239
97512,500,1563,1816
179279,444422,444422,37
108302,200,200,1060
3576,200,238,5074
180409,3585,3585,60
14227,197,600,3320
17012,168,173,7313
200509,50,68,139537
201405,14699,30000,23343
193922,68,76,466479
8150,99,100,4964
190328,199,531,354556
191466,1652,1817,151114
180445,34800,34800,473
190315,469,616,98088
190320,950,3084,82020
190322,1999,3298,48530
62518,23,23,1281
193254,4988,7089,10969
201401,1250,1577,4892
190450,9900,18300,19886
201406,32099,37925,18164
115502,1013,9900,11157
190330,750,869,47763
158860,130,150,57
190326,966,1155,105959
200834,300000,300000,16
191468,1466,1600,87180
190321,9954,11415,29478
190324,20935,27019,41736
190327,10613,12014,101139
5465,2,2,6788
190451,880,1199,59862
191469,2027,2322,40561
191461,55,237,286841
74252,80,174,1495
200836,1245,1245,249
190331,8745,9708,9303
201399,1500,5774,29225
155603,39,39,142
191467,1400,1629,8696
198501,1782,1782,148
198239,1500,3575,221
171270,3250,3250,1023
183950,650,765,2277
200800,650,700,342
12208,2,2502,37760
130904,4000,8299,1034
109135,169,266,2826
112463,11,20000000,562
194050,169,169,17037
112684,38,20000000,218
203418,2494,3895,5511
108306,600,9900,510
152543,55,78,20317
12645,10781,10782,23
158751,38,38,827
7974,5,18,8454
168651,13000,100000,947
178542,1919,4000,28
4232,665,777,5379
192675,230,435,367
192719,2020,2020,64
158740,131,131,140
192622,65,65,609
192687,2500,2500,17
192670,200,200,306
192726,2128,2128,139
7971,200,1095,823
173058,2000,2500,18219
170554,266,6384,38653
171289,89,242,22500
192728,12900,20000,34
25708,5000,6299,2650
1475,2355,9717,575
191333,850,1400,318
8169,100,248,2245
74861,300,395,4172
39690,875,889,1012
74856,650,9900,7448
23784,1313,2355,338
198188,2700,2700,3276
192657,164,164,340
154707,575,6106,1075
200788,2300,4200,467
192614,63,63,660
3180,100,250,84
24479,16861,37888,3443
74833,227,324,1230
199960,500,500,421
71807,24300,24359,183
20424,195,1775,2557
5128,100,70000,39
3674,86,86,54
76077,299,299,573
76076,499,899,2853
6445,5498,6098,100
192870,9999,15000,2770
154705,499,1595,552
128727,34000,34000,25
128732,35000,35750,22
198217,500,584,641
200633,38800,38800,76
76664,100,297,30
192648,175,175,2092
52128,90,109,54
192895,45,600,4810
21151,1,8,752
23676,22,9900,1112
3730,40,2275,7533
200113,22490,30050,16532
130903,1316,85000,1606
168645,33,243,179082
198505,8598,8699,534
127846,1234,1235,59
69864,8056,12494,10
168303,2,56,45941
24245,2000,2200,1037
142336,6,95,27117
124116,5390,9894,6494
186522,1390,10000,409
118576,725,800,941
156525,1300,1500,299
1177,98,300,140
6888,1,6500,811
11371,16589,16590,1420
200051,69048,69848,602
2673,633,39900,1394
194787,23400,49999,2006
2680,8,46,318
109139,45,86,21743
108345,300,9900,493
192853,3020,3310,4948
168302,96,220,2362
17010,58,318,6047
61981,190,861,12719
200508,19797,20950,1470
113111,74,123,15908
25802,4991,5000,13299
109126,100,150,27811
194795,7500,7699,2280
154164,3,206,26923
199053,7000,9900,126
2325,15,24,10935
83064,372,9900,1188
200016,102000,103000,109
193551,200,4397,11731
192880,299,336,356576
192673,160,160,160
109584,15361,100000,242
169334,75,89,670
102542,78,4500,3307
13422,150,9900,3491
8845,3810,7535,9281
198190,2400,2453,1833
172232,43,1575,994829
199344,3797,3850,8285
124437,15,50,2027947
127759,248,2590,13327
2320,1,1,1096189
194857,1871,3490,2445
194804,7761,49999,1270
193957,199,9900,720
193945,300,9900,835
123919,267,774,286525
111601,270,299,4124
192848,1011,1193,8665
200806,2000,2000,109
53067,399,744,1885
111595,145,235,2272
193369,2337,2697,144586
108336,98,182,1761
6261,9,206,8990
36913,1400,1600,6178
7071,144,9900,542
124113,35,985,59974
153713,286,315,299
6303,8,13,8935
37704,539,640,8189
138967,4,22,3166
3857,3,402,21419
21882,25,300,12440
2880,8,8,15171
193941,6400,9900,316
74848,245,269,2813
194970,37,38,589987
2674,333,900,1959
153710,294,294,256
191948,150,271,1507
152548,200,600,3619
163844,6969,7004,40
85584,252,766,565
2924,46,100,2682
69237,20,2500,2421
43105,700,800,4845
160059,3,15,14864
136636,250,590,636
12207,20,1800,7786
72238,605,605,9942
4371,350,1300,331
39354,1,25,223641
153714,251,251,337
4340,5,100,21536
124107,45,2500,14272
8959,330,798,244
32428,53,9900,2883
192876,1900,2276,1238
10558,100,100,1658
71998,75,2500,32024
36916,1500,3299,55899
171832,481,987,160585
4400,26,26,44148
193942,500,9800,597
172041,22,327,4739
41511,500,700,1945
153712,253,253,380
40199,100,351,4759
183955,900,1095,2010
39682,300,5500,1458
133588,58,59,1699
6043,4100,55527,151
153715,338,340,265
32423,300,300,198
203412,60099,63900,449
72235,785,3500,14339
4341,2,540,17783
52183,1200,6599,13111
173859,19,19,608
192866,3220,3698,2777
13757,300,3452,2209
124436,942,1218,1272
133593,100,168,3117
198416,5448,7358,929
160712,7,9,3906
158186,8,8,4047
47556,198,5000,2798
133591,25,39,2356
152509,97,108,43634
192933,2000,4500,207
192878,1996,9900,405
113261,11,100,116630
192841,1107,1123,11973
9262,20,40,1837
6260,1,1,228410
124438,1,90,167041
109123,185,1160,6716
108339,75,350,3580
198203,3000,3000,2977
197750,74,74,11193
199982,500,650,185
3577,900,3300,39696
7069,1980,2020,1358
35627,2600,2900,7328
158205,21,21,6133
200578,300,689,1393
171288,85,333,28474
3575,875,920,29491
62779,64,160,6336
74864,375,500,2441
128499,599,9900,530
39334,175,215,6767
198413,2211,2242,1536
6358,670,5999,5685
198160,300,397,162
128500,68,9900,771
34599,1100,1231,204
198222,800,1000,542
168796,420,630,44
152506,93,200,139898
199998,572,590,1846
152510,767,1990,80823
192905,1146,1249,2052
8846,960,5519,4500
44288,16552,17579,18
193930,953,982,13880
198229,4995,4999,452
114056,57,68,3933
134860,99,100,294
199959,650,650,153
15412,2588,9900,378
22710,100,598,1994
172439,475,475,13267
198191,2200,2200,4680
200575,355,9900,267
43124,399,827,1416
108296,800,861,1166
62784,45,1014,38653
198395,89,130,10337
2589,2,7,683004
62786,140,150,1886
22791,495,515,10928
192896,285,433,7550
173060,40,47,36939
197751,124,150,45088
172230,10,5609,431363
8365,100,139,3160
5467,183,9900,213
4342,31,60,8222
200860,485,485,12650
192630,68,69,514
173204,154,9900,232051
172059,47,49,3909
198504,1393,3000,157
72093,80,150,48708
7075,4,1233,27866
72103,1100,2900,39616
198412,2547,4787,4204
192655,177,177,151
12361,90,235,2774
23425,200,925,31906
7286,356,1120,2441
110610,50,125,59628
152549,200,328,2266
200820,2200,3900,222
56516,2799,2860,6546
129100,23,23,22696
72988,10,93,310289
124439,7,25,11251
192872,3,8,395985
16203,225,400,7975
15416,1325,9900,2072
201409,389997,389997,189
168640,900,900,325
192627,64,64,815
785,123,5568,14476
4375,601,4500,1968
172058,25,236,438
152511,94,287,144483
201222,80,80,52
168311,65,570,1704
62239,1919,1919,76
198209,1000,1000,320
7967,7082,7082,65
18262,1049,1049,126
109155,854,1019,429
171292,120,9900,2800
113355,370,450,42599
192631,64,64,1344
74715,106,108,306
90046,33793,33795,39
38935,92212,192901,12
87559,1150,1450,229
168642,1800,1961,410
193251,284,732,241185
154126,354,4900000,233
139890,98050,100095,546
153445,2073,20500,91
152579,550,750,59576
136558,295,500000,26
154129,359,525,471
82442,245,245,77
108324,200,200,33102
172231,5,612,680939
153709,700,23811,183
174353,28,511,344529
74718,200,202,1025
197742,12,19,1195374
35952,38,76,184
187707,7947,9550,1041
200001,532,532,59
172052,6,7,67097
193216,11796,15296,6286
199947,544,545,453
34907,4500,4500,90
172008,500,10000,401
192962,8996,11699,72
136856,29900,50000,110
158212,500,1700,149
173053,2150,2150,39
5469,100,775,11559
23440,400,673,214
175053,900,1000,27
128768,72,2525,1718
58262,9,10,295
159467,1085,1085,73
154897,6,7,36483
199949,517,521,245
25699,560,957,4692
154889,13,15,2219
202071,41,41,12856
33048,100,100,183
178552,66,68,143
27441,100,100,28
38303,100,126,484
192894,25,38,1889
193370,2380,2382,221376
173126,1200,1299,641
2841,480,800,38425
192867,3090,3200,8290
182737,18,18,221
45191,500,1200,40
52329,810,865,38511
153635,25,35,62913
27435,50,1467,3051
62785,10,2110,2573
192847,1100,1178,8445
12435,295,300000,79
5784,77,79,1833
160502,157,9900,1166
171840,5,66,222324
172053,7,569,55756
193960,190,198,2686
27668,18,108,1181
39469,791,9061,7247
198414,2382,3382,4194
13466,2184,3433,8094
2604,1,1,203741
2771,144,268,13385
22573,68,80,55411
6471,60,106,1401
40195,200,400,2770
108348,600,600,2350
201400,200,204,38163
4231,150,375,1229
43103,1400,9900,4568
109132,275,275,13053
108298,500,1000,886
22446,196,300,79071
136637,99,137,1530
172054,7,7,67638
13423,250,300,2739
160710,7,63,7235
21881,50,776,3366
13888,330,9900,715
166344,20,999,1801
108344,2941,9900,557
124118,22,50,16315
3371,1,100,1155957
109131,75,235,8680
27437,300,4899,2974
3369,2499,7500,4379
165755,99,173,707
6037,460,476,19057
192897,1288,9900,423
192862,3000,3300,1054
10938,899,899,2310
108355,1533,9900,649
52186,1800,2150,7577
41814,700,1999,5039
111658,85,528,2227
39342,190,662,33224
52976,551,770,32399
74850,489,600,1760
89739,2099,2099,29
3531,10,202,1937
765,200,1495,28855
129288,1298,1481,1111
199993,500,500,191
6291,1,100,18952
197747,11,30,425963
160484,30,174,21
133575,14,14,2640
15994,279,299,910
194008,470,487000,395
2449,199,536,15188
43127,2000,2307,6341
112156,9900,9900,200
53064,175,399,4155
174890,4584,4584,19
133680,282,900,821
52719,323,482,4713
39684,100,503,8051
163224,229,4499,1133
190394,621,725,144030
74250,20,120,555410
192979,8264,11000,474
74849,285,293,10274
171291,1150,1545,23555
124640,4228,12400,8874
173202,10,10,2544569
155593,40,40,92
52325,850,2000,8176
22787,400,2200,10706
41381,800,879,54
197855,253,263,811
173059,100,100,35755
193964,2500,3008,717
172089,59,100,2550434
1080,95,4500,3518
158865,127,127,81
175886,397,397,11944
124115,199,400,27234
21153,200,308,1138
108305,400,9900,618
74841,35,1200,49190
4234,500,1250,35944
180732,4,5,106180
173170,285,488,2382
108353,900,1000,843
168232,37500,37500,19
2605,1,3,114615
194850,8434,11600,621
194694,180,180,140
108297,550,705,1277
192856,3098,3300,1603
112180,2327,2327,868
153636,398,899,24671
193929,990,1331,5895
37705,198,275,1148
177061,43,1800,26886
4359,115,9900,280
108359,6300,9900,494
109124,112,456,19516
152513,108,200,79891
109136,123,233,5758
163569,3,9,58990
4382,383,383,2337
21840,52,85,7399
108341,81,450,1811
163388,18099,1878999,44
39970,363,450,3692
153666,3377,3592,49
35562,185,7500,23297
172438,500,538,3466
192096,80,100,213270
79254,232,232,54160
158832,500069,974864,9
158813,130,130,63
35691,5000,5000,209
88491,2451,2451,240
108996,6,99,36563
13465,820,975,23499
80431,640,9900,1290
177062,999,2568,5224
3820,443,5549,6163
16000,94,450,935
10647,79,79,4003
124108,13,2500,10231
3928,5,14,1564
109144,11,124,20913
158870,99,1500,253
27677,20,71,8712
43104,799,9900,9111
74845,500,9900,527
151719,4003,4449,2317
168487,799,1496,23206
163019,100,15000,90
74844,70,5000,12725
140587,900,999,892
52721,79,349,41139
30817,1,1,119108
97622,387,9900,500
23781,700,762,1552
154884,86,999,956
198257,431,777,535
129286,10000,15075,380
77468,200,495,2245
171841,12,13,48841
74660,293,293,1082
158836,30000,300000,9
192834,2000,3499,3901
192877,1900,2681,1260
34055,70,154,492695
172057,10,10,4527
158775,56,900,196
41801,175,425,5066
36901,100,338,22639
200842,1545,1570,64
158831,148,148,74
74249,7,20,1785479
193952,21,39,17603
41803,300,9900,838
45087,50,447,8649
108328,100,350,2662
43126,800,800,8545
158797,17500,22500,17
192666,165,165,157
158862,142,142,148
200777,738,738,145
179992,300,300,539
197776,30,49,14463
174281,1562,1563,485
18335,178000,178000,290
200822,1610,1610,80
191328,1850,1884,8209
8952,3,19,687
41611,6369,6370,53
5504,520,823,2121
194723,5000,14999,89
77546,1695,1699,66
172346,44,45,244
5740,5,132,11607
19278,2890,3000,65
158773,127,128,128
58266,357,357,262
158760,123,123,89
19260,1215,1215,23
168791,42,74,819
158861,989,1330,90
23426,30095,59900,3702
21114,107,400,62
171290,76,1100,16827
192668,2000,2000,49
198164,1657,1690,1684
200581,355,3500,1240
179315,7,7,56878
194737,600,600,672
32205,681,1181,2921
178545,44,44,768
25444,10063,15063,27
200027,63980,63980,419
27858,3,27,230
152507,79,99,84993
81413,13,13,1479
55053,1400,2149,292
190396,511,571,157495
191339,2099,3235,679
197762,150,200,16364
58259,79,95,220
158746,69,70,66
153673,9900,9900,131
155607,2400,2500,35
21227,3400,3500,43
200652,7200000,8000000,154
192718,3000,3700,25
171285,662,700,4299
122347,90,100,507
33568,260,504,53980
43011,1006,4206,1824
174328,600,4500,4691
108330,54,349,1541
2321,2,2,211020
201402,350,2497,6397
129285,7000,8900,450
124117,14,2420,94145
7067,105,3350,3104
3731,3300,3300,2960
194571,2800,2832,494
21887,399,774,5439
129034,2200,2200,6383
40533,269,395,1441
194576,1598,9900,122
203652,5547,6247,138
13463,598,805,9395
167738,65,5537,7693
3173,14,55,7412
41813,400,1400,4880
112185,6180,9900,455
190452,1301,1399,11134
12655,1275,1299,9084
1288,2,65,46248
192835,1445,1500,2501
185737,150,500000,17
13758,500,500,1449
111659,45,80,1345
12607,100,50000,663
12810,1374,1374,3552
60379,400,400,1280
187700,1420,1500,87001
132212,32,2899,576
198423,284,420,10592
171287,108,4500,6768
36908,150,3330,4949
109119,121,160,81169
198236,800,1000,232
62780,102,249,3118
199966,3284,7700,178
171828,100,393,169880
194730,25,89,319365
198254,999,2400,558
183953,300,1024,2106
151564,192,4900,21926
108301,398,540,1009
108294,900,9900,596
142335,12,20,78584
2592,2,95,170889
3466,10,48,53043
43109,760,9900,33062
191475,982,1099,22518
4304,410,413,10654
27438,10,9900,466
179314,7,10,25205
108342,189,195,1514
6359,249,700,3043
190395,560,640,32996
21844,700,700,3000
108333,125,590,769
74852,899,9900,983
8170,150,2500,23188
194868,9892,9900,182
192852,3100,3558,1158
41593,6650,19950,1598
105704,32047,320047,183
27671,98,69900,1706
14048,75,236,63757
199195,12096,12097,361
2672,20,9900,1209
43501,100,9900,504
6308,10,59,5819
159959,140,140,12669
153051,5,98,102015
23445,1441,1485,57965
193944,4524,9900,363
422,35,35,598
3355,745,5500,5049
171830,300,395,65312
87764,500,500,82
160398,15,63,3196
154165,2,20,559370
36909,1200,3370,42771
36905,195,306,12775
9318,10,100,647
172094,10,100,809072
186017,3125,3130,3889
34053,1085,9900,11236
88493,783,890,492
193923,300,309,171445
173036,100,2450,45371
108331,1200,1474,972
46379,1000,480000,325
2452,155,664,28373
22793,648,899,5602
168663,1569,9900,3930
20870,75,150,119
192857,3071,3300,4754
108300,434,454,1935
124121,17,100,30871
158189,80,122,7533
46376,487,899,428
30183,200,5519,2791
192095,92,93,27523
108356,900,9900,432
153669,25,27,28804
2453,200,3395,10216
89888,149,169,339
39341,638,644,1590
175788,75,75,122835
193958,159,2500,2585
191460,198,240,61732
194767,2100,2198,26749
74854,200,506,531
74659,236,402,843
133590,50,99,919
124119,100,118,49580
113264,11,100,54311
124111,99,2500,6485
193926,4200,5149,1096
111522,90,500000,210
193211,65,74,639233
12223,17,100,5820
198419,1325,1777,2783
34736,1895,9900,1014
23785,3354,40054,619
172056,14,15,2468
33824,5074,9900,543
52327,400,469,16545
171833,1000,1436,77827
187703,1500,7725,9897
12205,38,57,2470
97546,396,9900,487
133592,669,669,4470
124103,824,1900,57690
43571,900,1000,330
43121,975,975,780
199194,7000,7000,25
41510,175,544,6922
2840,225,225,102968
173032,9,107,17196
188658,1087,1293,196402
112157,500,651,525
20875,100,123,360
191506,75,90,580
154885,14,14,1855
203407,69900,69999,955
14047,7,11,51040
153050,10,38,191152
191873,179900,180000,195
111456,23,98,2911
172055,9,97,117041
193963,400,9900,340
9314,565,566,107
53643,600,995,10113
143681,3,4,2437
158828,40,40,48
38931,398,891,135
20879,65,65,94
76515,219,225,16
36926,80,350,11355
192717,2029,2029,199
193560,3500,11024,1526
20868,125,175,135
20871,200,275,100
187701,2077,4597,45268
194808,8864,49999,1099
13930,300,324,215
173097,21111,21198,79
169152,135,11621,190
173101,4598,10098,43
20858,50,162,1245
158187,50,59,53266
171831,500,2267,13780
36912,700,724,66600
24477,7,55,14424
97620,150,666,1245
193030,700,4000,2900
139786,36518,36550,474
124110,99,2500,6286
21877,9,9,176548
109628,199,239,1170
11415,175,397,38
53070,12,36,6709
192097,96,96,61676
111664,100,9900,3373
27439,150,9898,3860
2997,25,38,111425
124112,40,2500,23347
4402,8445,8445,266
7911,300,600,15302
27681,50,1400,6931
28399,3,3,962
108326,250,350,2292
111557,98,500,94665
192859,2900,3572,1412
193261,6,15,221008
180318,18,20,24
183954,2000,3208,1312
37701,143,8900,14122
25679,150,927,41
23447,3000,3650,8190
22449,155,521,12904
108343,58,69,959
39340,499,1050,7813
111668,200,242,5095
10559,591,2691,846
4404,750,1834,2253
152876,398,5900,19168
74865,1875,2500,1473
25700,2000,2500,1155
72092,300,415,54003
108357,5044,9900,438
173094,14275,14275,40
173083,4000,5200,42
171428,2500,2655,8759
200813,658,658,325
83007,1500,4816,139
110652,1689,2000,71
8545,10,650,3963
74661,15000,24750,450
74853,14100,19899,3828
137287,54873,64800,226
147119,38599,65000,88
139310,30000,40881,232
153033,62498,62499,180
187884,47898,65000,109
139417,34898,40930,199
187887,41748,65000,124
129028,38995,46564,148
137250,23330,48669,158
139438,28416,30000,169
137191,28970,44400,241
140630,58000,59598,225
139437,21176,44400,281
153031,31798,32098,198
170168,5000,8450,174
136826,39994,56911,243
139435,39700,39799,157
162022,4617,30000,164
141898,48987,49000,232
139289,38690,65000,115
187936,49997,55342,118
187931,46484,65000,82
139436,39300,47489,145
151540,45000,63005,262
53065,5300,6000,3324
162027,3296,5623,208
41808,9900,36400,4603
129029,36898,41371,161
137289,54998,66623,483
137288,53087,75000,154
190378,5050,8995,396
143588,64500,72500,274
187888,45490,45493,191
41464,369,867,13
153036,45000,65000,77
190380,4500,5094,212
124440,191,2199,28066
139339,28994,56911,190
51950,2731,2786,6680
151538,38111,65000,75
139312,44771,65000,101
198356,595,1399,728
3858,469,471,13287
129019,49470,50000,292
172449,49397,49400,247
109629,59,98,528
184096,4900,5638,222
193210,60,75,276818
170165,4400,4400,119
129020,36500,39298,137
85585,200,589,913
194969,55,76,559019
139442,40100,65000,105
184100,3500,5640,240
6362,5,75,6482
136825,44485,75000,195
43118,2000,2449,4608
188164,40999,41096,263
52983,600,3448,30449
139348,43583,55000,151
74846,515,924,4105
124120,10,100,73896
139362,30579,65000,149
137293,54972,55500,322
52722,229,698,116184
108337,379,1500,1237
137267,43597,65000,122
137239,34898,65000,129
53071,4,27,4210
139278,57900,75000,138
6889,687,9889,13970
151542,35096,40096,127
162029,7000,8000,189
178786,50,9900,447
137238,30000,35000,153
137269,48887,48900,184
27674,34,2058,5485
139288,39499,53535,157
168589,375,618,23149
187933,42974,43000,211
194784,99,99,757
129022,46700,47090,155
8839,786,2780,5117
139311,40800,59000,117
193925,486,498,166158
137274,34899,65000,165
4461,845,1245,3839
129017,44899,75000,172
187934,48000,55000,121
139315,42650,53306,188
97623,61,61,3866
139352,47998,75000,166
139270,44897,46718,225
137188,39183,39299,218
191518,318,318,2056
129018,36536,40880,351
7972,45,3305,9809
139338,34971,65000,124
197752,135,135,23800
139358,30099,44594,221
143750,59887,64999,195
124104,500,2199,57574
137249,19785,30000,155
189143,1149,1890,14562
129021,57900,59400,272
22448,126,276,20050
139271,43900,43900,116
184097,3201,3501,229
152542,3,8,284791
35623,2988,3290,3044
53068,11,2131,11923
175970,200,222,41879
151566,50,52,33434
174327,100,147,11847
102541,75,75,1658
172092,53,100,968599
197757,159,185,147657
173056,1800,1800,9904
36904,150,303,14269
36782,1212,1225,5543
7076,99,3300,21526
2934,53,300,21576
192838,1099,1123,10955
22577,285,2199,11390
74247,70,275,464838
197755,38,130,100740
10940,42,90,241855
76080,247,280,1301
192553,200,1285,906
109129,100,150,30163
171315,446,555,24124
192836,1490,1490,25207
72162,86,175,1387
4337,38,4538,9930
151567,10,19,159995
22790,192,430,13333
76079,399,999,2977
205243,176,199,24
52720,555,9899,7330
62782,5,1500,44826
74840,1245,1250,803
21842,491,1133,2087
198183,999,1149,4134
58487,6588,7387,1670
13889,199,385,3593
172451,2,20,460
7966,100,365,3414
22789,404,1588,11635
190311,1377,2499,186063
15407,375,631,6752
13467,579,1649,8814
43009,8095,9900,1379
10939,100,126,95654
30610,1562,4462,19
41810,200,5000,1024
2450,299,650,65743
97619,300,9900,227
39774,250,906,4387
12644,98,98,1849
113263,50,110,17483
53010,100,180,142299
173162,5500,9099,286
173163,4402,10000,212
191465,899,1196,60924
173160,4300,8050,391
52326,1150,5029,3940
7070,38,3331,7261
173161,6534,9501,222
37921,300,465,22966
39343,273,538,94651
22836,50,1100,407
37703,225,9200,13164
62781,70,9898,2627
198621,119694,119895,34
38818,289,290,139
12204,5,9900,1162
118472,1800,2399,6850
205242,45,50,36
109693,175,432,62247
35622,2778,2785,2773
11370,1839,5000,7530
97621,181,9900,726
160711,200,400,14850
27429,25,280,2744
41807,500,9900,631
53062,62,6000,3826
130905,500,2869,1615
190313,4795,5821,110268
13464,496,752,21213
38902,926,10479,41
191534,208080,218089,343
109217,40,817,1310
38933,22,2016,256
76092,84,84,327
76086,825,5999,1101
76528,150,150,80
194824,88,90,639
21721,33,200,238
192705,2198,2198,35
79868,29898,29900,155
43004,75,75,2875
110628,790,792,60
2798,617,717,90
27661,1024,1024,103
140754,189,11927,38
192708,2035,2035,16
31904,800000,800000,14
124444,1400,1549,6128
2799,5,9902,4120
198296,3324,3500,268
198535,1599,1599,131
52328,993,2000,41245
8766,2,19,401
205241,282,299,695
205235,212,219,77
195360,100,100,52
192722,1961,1966,143
130258,1575,1575,4465
21213,39,10000,14833
118391,5,40,845
63348,9959,10007,128
194966,25,49,253140
193258,35,43,315495
188761,1697,9999,681
192851,1800,1875,29474
197744,1500,1619,21177
203410,14999,15000,1066
8154,12,201,1344
2996,10,85,576421
160400,276,279,7400
102543,340,9900,1594
108323,74,550,4496
197754,43,53,132943
22445,100,281,98015
111663,233,9900,2671
2886,300,9900,1374
111666,66,520,979
79253,562,9900,44008
5471,3,925,2201
198422,265,400,56130
109627,700,9900,481
38625,1100,3299,511
128304,172,200,27157
37700,248,900,9415
113262,11,100,107820
104108,90,297,835
111650,286,700,1164
87885,2999,3269,411
104126,3389,10000,387
104122,990,3043,370
13928,1506,47970,119
112184,3900,3900,540
42459,1099,1279,792
74847,578,2549,28054
114008,19000,29700,18
87277,293,311,444
33567,100,2854,1614
43398,2995,11459,331
87881,2999,3900,303
52984,400,1284,37395
43386,2300,6500,189
723,20,9900,1857
49084,2995,3948,342
3821,5700,7500,12391
87392,4000,4732,252
42751,2043,2708,398
89868,5905,5905,497
152508,100,294,172105
40919,1067,30000,1367
43334,4819,4923,502
199995,541,599,1128
104105,320,375,436
104127,496,6500,222
45768,2450,3683,554
56049,455,15350,40
104104,4300,6213,252
41100,3425,3429,279
33470,15,72,350090
80588,3633,6500,188
44922,2018,3000,433
43400,4652,6500,145
87883,1473,6500,166
104099,906,1486,279
104138,2000,2000,427
43366,789,1250,636
79538,4728,4828,337
43535,3999,4988,229
23573,4300,4500,2609
43350,322,800,266
149755,2297,2302,364
23424,697,721,83589
104120,1164,6500,208
22202,100,9900,9485
45789,2492,6500,229
87888,817,6500,316
198218,699,1500,997
43373,823,1323,740
27669,108,19900,2339
167539,2100,2134,490
197765,866,868,5495
43394,6033,6535,296
43551,500,6500,223
2776,999,3999,10153
80587,3500,6500,171
4339,49,275,3313
118061,300,30000,2180
152875,78,985,130678
3667,5,23,4030
6317,395,9900,414
3478,400,425,17030
192868,3435,3441,23371
127681,227,227,2521
163225,25,44,1134
152541,300,507,37641
194577,1582,1782,4608
34052,250,1744,303610
109134,70,233,42217
62274,75,100,65
108299,700,9900,510
12202,3,9900,27816
27682,15,44,1424
74248,234,905,81661
124671,5400,11985,8112
113289,290,490,2583
168650,64,510,14191
109128,100,150,37007
62273,44,44,169
198221,32093,32096,2165
62272,30,30,124
153570,30000,30000,50
59029,23,90,69
18223,70,70,204
108325,61,350,2478
18285,1300,1300,33
199983,500,500,283
194826,3030,3189,3529
54629,300,820,1810
44616,20,400,48
45912,19600,20000,132
11291,35,500,4350
168653,12193,59999,970
111670,63,63,5742
171829,311,1053,21225
77467,1225,1425,1652
111662,242,2500,781
2318,55,101,63341
176861,224,225,91
197745,104,106,599017
109992,68,2573,3221
62778,24,885,32432
152546,63,49900,2465
3819,2624,3364,2522
25649,101,101,1509
180733,950,950,1595
39338,517,617,9797
9313,20,97,234
56517,100,9949,99
198202,3500,3540,443
4357,14,14,16384
783,94,500,2367
124101,477,1500,73419
198431,554,9900,269
117475,923364,1884100,15
52988,396,500,32966
35625,5768,6468,6646
2319,301,329,146728
3818,200,5589,4668
15417,769,769,117685
109625,130,134,3945
173037,35,9900,47668
106870,64,64,464
118902,50,50,36
38682,9,35,42886
8167,300,500,3242
109118,99,145,115366
72234,655,1649,27198
22452,996,3242,4939
7392,1975,3823,1710
34057,296,480,215912
22794,692,960,3115
74837,275,2024,5067
53063,250,299,1305
176859,100,119,84
124669,1140,1994,295798
111676,70,74,4024
193252,530,545,57571
72094,1010,1125,21835
192849,1100,2470,6523
109140,30,150,14349
152547,374,425,1057
23446,400,410,4247
18562,4426,9900,6006
198175,150,187,418
74832,900,9900,1026
2677,387,4500,15344
43122,1699,1973,1677
22644,7,100,2215
62783,10,169,8304
31671,71,1000,6177
52977,390,502,1526
8171,166,2071,8202
197756,140,154,270364
172937,100,3062,3483
187702,80,100,72938
29548,7325,7325,5959
36903,255,479,16750
43119,250,9900,2325
35624,304,540,11484
7074,100,200,238
127037,60,60,2900
198201,3000,19995,500
114017,96,228,108
169132,380,380,19
192953,17400,23107,71
169138,516,516,55
175960,500,750,54
44941,49,50,1221
95481,316,500,207
132223,1026,2899,213
137557,1000,1235,171
178127,200,300,109
178113,200,200,181
105718,855,8055,549
33460,9,10,43
192611,59,59,1153
188669,200,400,279
177716,32,94,525
58145,600,697,200
2295,2439,2439,83
3170,40,55,82
56033,99,99,135
172412,100,198,57
4775,100,100,118
178133,60,100,515
192664,179,179,60
158867,250,450,88
199954,504,510,507
33447,167,200,345
7081,5390,11532,1193
41731,24,74,126
168812,7424,7424,12
178114,150,190,156
106888,50,87,591
107472,107,160,76
43010,1565,2070,4426
111669,37,59,4791
97624,2516,9900,542
46377,1865,5999,1323
3712,169,400,1335
44771,26,26,34
43108,425,9900,350
192860,3100,3317,3905
108307,1075,9900,497
108329,345,9900,451
16204,129,1000,75149
180309,10000,55000,23
8838,641,4969,8350
124461,1500,3922,15486
39151,597,597,13930
36907,300,534,15781
43125,175,175,1134
22575,480,900,8826
160298,8,14,15833
199981,612,940,1391
25707,4000,9900,711
23783,1794,2366,4103
111589,43,500,4109
199943,519,520,336
109127,112,151,15242
112158,213,3039,3329
158188,300,400,21234
22447,67,1500,4260
192621,66,66,1043
52986,1500,5525,23244
31670,68,9900,680
193950,99,149,3789
127991,218,9898,3663
52185,798,1305,19675
52982,800,990,32007
22450,129,289,135635
41812,200,59999,4305
108308,4000,9900,241
117453,96,96,138
192863,3165,3292,3944
190535,79899,80198,7948
203416,6197,17237,1803
24476,115,289,1289
176089,300,300,36
193931,1198,9900,929
109138,29,65,9238
41802,200,9900,1018
197764,800,890,23226
53069,98,502,4103
15414,3500,4600,9963
109137,98,133,24702
52979,144,3500,27636
194858,1496,1499,40834
200061,3300,3699,24193
9061,1600,9900,2334
172097,120,222,100554
54849,1900,1940,15432
4387,200,450,312
199055,399,592,941
15408,3319,3493,7398
191350,7075,12099,2690
199992,500,500,347
12359,68,69,196046
111656,126,300,2765
67749,800,900,1116
61980,98,248,14449
38557,100,8499,8516
160399,125,9900,411
94289,1800,9702,316
197749,125,125,119320
168662,2400,2999,1368
43117,574,600,1533
3860,563,663,10477
172934,195,2160,38076
192844,1098,1148,11028
192850,1085,1178,43289
23793,3199,3229,7259
74843,285,300,2260
152503,990,1100,845
74866,65,97,6573
27425,75,575,5996
194755,933,1678,10894
115504,100,9800,12176
168586,290,700,32783
7912,16,40,125583
3356,640,3300,6073
198185,900,900,77717
197753,349,360,15871
192843,1174,1199,1148
200566,555,906,1199
21071,499,700,5379
191533,1624,1624,3540
183951,500,650,2559
3404,163,9900,758
108340,43,93,2796
108338,59,500,1481
193928,55,60,214690
38793,14,15,271
10286,200,1060,19750
168185,270,900,106147
38822,55,733,347
61978,1500,5000,10864
198298,479,1598,624
194846,1250,1250,25838
52555,699,755,6399
38824,798,1245,70
38817,12,163,1726
109133,78,197,12767
45188,100,240,24
18567,355,555,3017
38833,10,11,317
4305,85,90,6345
45190,19,19,132
198420,1800,1999,4009
2836,12,76,281642
38841,45,48,143
45195,50,99,23
168649,500,576,146407
4291,6,12,23040
191384,99,282,2243
3357,630,665,12005
82441,200,495,16816
152877,775,1400,9374
38803,23,25,411
37201,4970130,4970130,11
192712,4400,5900,35
1015,1,12,10601
37702,525,790,4650
198421,300,49000000,35246
79255,985,987,6327
23427,1000,2900,23734
193955,880,880,2077
199060,1598,2970,248
38848,200,652,1214
38810,40,652,266
4873,200,500,46
110619,249,250,43
4874,400,20000,93
52140,40000,85000,18
21884,32000,56550,13329
76579,6990,6990,11
76611,1000000,1000000,16
76616,56245,56245,8
41498,323677,323677,17
205237,299900,300000,15
193924,71,83,3281780
192661,173,173,268
176087,47,47,21
21536,1188,2999,1064
178551,800,800,15
10285,128,500,4765
176391,308,449,62
180880,500033,500033,4
169143,400000,500000,38
180624,500,750,2
20873,100,198,107
5114,1,100,84
178136,100,100,212
133589,28,28,1502
87236,1400,1400,105
191366,4000,4038,125
176086,4200,5087,151
191375,195,395,84
158849,3500,4900,26
1529,133,375,12297
36922,3000,9999,6897
12404,99,99,2220
178017,375000,375000,7
124442,1980,2499,73445
127004,193,9900,3962
76692,15092,17595,439
36931,2751,9995,369
12804,700,5328,69389
14341,59,79,8832
4377,96,96,1943
4625,1472,1529,4180
10561,250,250,1238
12206,100,9900,672
34056,28,485,13690
4289,1,3,228817
111651,300,2937,1653
111652,97,1298,2147
110620,50000,50000,9
42253,100,576,7856
41809,299,350,4517
39339,971,2994,710
8343,9,48,9137
198216,40,283,2407
38974,131,131,42
193951,35,35,20429
152577,123,147,86144
89639,500,9900,860
4399,200,239,5902
38971,68,89,88
194754,700,3103,2175
109626,189,9900,596
111667,45,88,5360
156930,229,531,7831
200775,10000,15000,149
12809,1500,2936,14955
27422,200,39900,2068
144329,500,800,668
22456,3293,3775,10564
198232,225,242,595
22574,3200,9900,3245
27678,67,200,14918
36906,198,411,27740
6361,13,13,3691
43116,1400,2586,3194
3358,650,5567,4321
193954,498,498,3533
74839,640,12526,7036
12365,3,3,75476
39218,1556,70000,30
22576,1400,1500,9407
200793,1600,1696,505
191502,100,390,301
168217,800,2495,28354
193053,36,57,89128
52987,524,5554,18499
33631,20,56,293
193927,17,23,524635
36814,200,441,93
43120,2090,2279,2143
109991,39,99,2125
160709,206,206,6041
2842,1400,3000,3390
7191,8000,9900,12204
194967,34,96,358723
85583,3800,9900,582
124102,650,1500,69773
198487,200,200,97010
158808,126,126,158
12184,100,2026,19202
38425,2040,2340,5557
2770,200,237,26439
108362,16000,17094,70
191474,489,489,9201
190316,5060,10000,88091
194579,850,1459,2145
109624,25,360,3261
90146,55,9900,2893
108360,6790,9900,353
1705,59,255,11519
52718,198,201,5187
52985,445,700,37202
2838,22,110,79650
197772,100,215,1442
72096,627,675,61365
62791,15,5999,7606
22786,189,3000,16550
7079,50,3348,11846
79011,100,123,23103
79010,50,100,49763
107393,199,100000,21
193384,182,182,251
191464,899,1355,40603
43115,999,9000,4258
53072,25,100,11877
200049,123499,123499,575
39681,2200,2899,2537
199977,1045,1071,244
65365,9700,9700,1146
114931,392,425,80595
79251,90,94,45070
193256,4977,10880,11161
199057,100,600,1343
38561,1999,2189,4894
34054,70,137,681065
194968,25,55,526926
14343,22,130,262758
193262,5,11,367271
13760,192,210,1807
173035,8,1107,20782
3470,63,600,6214
197743,1200,1604,54513
38426,100,713,4314
110609,107,985,71014
769,35,2365,7456
108365,6379,6714,221
124109,87,3300,20421
72120,87,90,174783
193031,2574,4397,2668
43106,1500,9900,6012
173057,33,39,79192
192845,1099,1173,11175
21024,125,650000,1660
89326,48,48,1199
129032,749,800,77505
193961,800,800,4545
198256,175,700,517
80595,20,20,1002
7078,95,109,16163
4470,2,4,181597
2772,700,800,40713
71808,17515,29700,276
41800,3368,35000,6663
41806,5000,9900,485
183952,4000,5000,3025
79102,500,500,1318
74851,469,470,871
111671,85,92,3622
6371,900,1487,1184
193208,297,442,15374
108335,59,444,7052
151257,400,1050,383
193259,127,9900,363869
13759,400,9900,626
109142,15,155,24425
153607,2950,2950,15
23112,90,844,997
153668,839,900,150
133607,41,70,16276
173034,15,2007,28435
111245,203,2808,65260
4233,925,9900,358
153609,1980,2508,27
153608,7135,7135,23
140189,91,98,412
23572,165,5000,1629
191500,5920,35099,623
152640,1000,2400,1593
29547,12010,12101,11498
153634,999,1012,20
32228,75,8000,1575
153618,900,1650,36
97161,3300,5000,33
153661,433,10000,94
199958,500,500,249
153667,631,922,106
179372,1000,1079,16
163917,250401,250401,2
173361,130,138,46
198300,124586,125089,121
76138,800,2389,2558
163920,381380,381380,3
55984,2045,2696,12
172010,5784,7600,326
200506,20,21,41058
153604,1500,1500,16
128315,410000,700000,778
60577,44,44,143
141908,14994,17460,115
153629,1300,1300,24
153628,2700,2700,29
153632,1025,88212,22
38963,212,225,24
23736,32,37,860
153603,1147,1148,31
168786,12500,239520,28
192605,167,169,166
76061,6150,6200,96840
202712,32,34,626
7909,65,200,727
62519,39,39,283
181713,700,900,15
107603,23,35,191
158752,14997,17244,24
200843,4391,4391,24
152638,6000,90000,1440
176871,250,250,174
178173,500,17713,62
39211,20,20,325
116428,336,536,357
192701,2068,70000,38
55983,240,240,49
44773,5019,5019,126
192747,61,66,216
154122,325,500,537
152561,73,88,330
163082,147,222,4322
54448,27499,499999,30
62270,73,73,46
158202,4399,5000,813
4587,40,40,40
5635,200,5000,1227
1686,100,100,18
178132,500,500,15
172051,12,14,2349
178923,200,500,12
157842,40,40,105
189543,40000,45000,1202
192685,2400,2400,55
74656,50,57,251
192720,2197,2199,86
4586,59,85,52
178103,7500,100000,11
44782,1500,10000,18
21886,5800,19800,2331
76591,32862,32862,24
4865,50,105,609
5115,44,51,32
132183,300,399,230
11391,101,189,285
132217,330,349,81
132234,268,268,108
168960,2000,2000,16
56034,18500,18500,45
76130,90,5017,6503
173875,5000,7500,9
62770,1900007,1900007,17
173359,5600,5639,4
6042,1805,47288,76
200771,140500,140500,44
203409,129900,189000,1371
112272,1921,2000,46
60397,125,225,52
4265,25,40,221
112271,950,1868,146
153431,98,100,141
127835,111,115,453
13445,1100,6000,467
127836,99,300,327
40049,14987,15000,13
112277,1049,1049,40
3824,1675,2000,133
43853,125,125,350
62512,250047,250047,29
58142,60,500,360
15419,7300,10097,4262
58269,5,20,300
33549,729,4500,71
5996,3500,3850,195
169280,400,400,252
30821,30,47,53
61986,33,200,500
6373,770,2500,337
140351,372,372,179
178106,10000,65000,14
4537,312,765,338
171273,200,494,5818
179370,500,1000,28
107462,700,1500,22
127847,1075,25000,934
132204,21,21,1140
60395,400,500,42
3387,11094,28880,86
133579,14069,14069,269
115806,135,141,32
6657,1674,2422,112720
182733,20000000,20000000,37
158744,1800,250950,12
155610,41,41,221
198415,5498,5821,2253
6048,400,400,257
76602,69900,69900,5
178115,300000,400000,2
190953,13,13,2343
31889,44996,44998,26
29740,2575,4499,6309
192609,58,58,181
18588,685,700,23
29426,695,700,701
184281,40000,50000,88
34537,2650,2900,29
200780,1149,1149,131
32576,320,1500,183
176852,130,130,107
114001,1000,2000,10
22825,1200,1200,347
36758,65,65,101
109222,68,68,323
152296,900,1000,44
4539,300,300,432
85568,195,235,152
129003,23555,23555,16
24511,35,40,233
6456,500077,500077,19
192662,176,176,783
5369,500000,500000,5
52771,40,40,128
163154,1796,1798,81
192683,174,174,94
25437,140,140,34
191397,223,225,1016
201315,501,501,242
20847,100000,100000,55
168315,28887,28888,51
192727,2285,2285,43
192647,182,182,403
153633,1499,1525,21
62413,28,35,238
18236,5054,5055,63
141910,11895,419900,136
67510,27,27,147
174348,12400,12400,172
153613,500,1200,28
153614,8188,8938,28
44756,296,900,13
158806,126,126,66
176855,170,171,68
153610,9950,92475,20
198297,374997,374998,169
155609,39,39,90
153615,5800,5800,29
153612,2550,3500,79
153617,2500,88750,12
5263,5000,5000,32
107469,23,150,537
152494,175,48375,229
8951,1875,2000,220
127850,2000,2014,1319
168449,8525,8540,539
168641,3800,4000,854
6052,85,85,1435
168447,7400,8580,300
163207,4085,4086,71
13462,43,64,548
60389,39,39,37
6051,63,85,1569
71810,24999,25000,65
172061,19,1500,4200
199056,39800,46664,255
22849,2822,3348,3032
5530,999999998,999999998,21
5237,195,199,42
153704,251,251,630
3241,100,138,96
163692,109,150,220
197763,424,424,3965
63128,17570,32499,149
201832,3999,3999,2822
71836,39835,39835,26
192613,441,97580,75
54442,135,330,1402
191944,85,100,29285
71867,55886,55886,55
29460,6500,7500,5509
147869,945,2500,1153
2863,10,110,1079
82300,586,586,84
193387,9700,50000,45
12190,38,41,389
194786,21408,49999,975
168654,22100,59999,1255
138292,13,15,527
194871,4950,4973,47
140276,43,44,606
25456,75,89,278
85504,300,400,77
199052,14498,14498,164
33629,20000,20000,5
33458,7,456,415
201325,159279,169890,4570
37097,21,60,135
172062,210,357,586
138290,799,799,24
172063,700,754,5369
3299,3,16,175
200768,1550,1900,235
83763,14120,14155,62
136638,1600,1600,548
27934,2000,2000,144
33457,70,70,25
193385,174,177,38
25441,121203,210601,8
178546,950000,951100,22
3403,25,74,216
2871,76,450,355
12210,50,71,421
45880,999,999,7
7965,199,199,146
122343,90,200,121
85570,5000,12528,78
3301,10,20,122
155620,1480,2000,17
136569,998,12740,238
147776,125,145,1698
159899,200,534,49
19222,1,2,1007
169332,20,38,1129
158844,185591,500091,4
116811,107,108,128
168790,200,200,73
128552,15000,18728,94
23945,1000,1000,15
187635,630,4998,1795
52756,120,132,281
44815,2549,2550,42
171437,14,14,4690
4776,50,554,58
38772,13,509,1051
81412,13,20,433
81414,13,13,649
8956,298,310,105
172045,13,13,1125
83764,14989,14994,174
204308,100,130,289
122345,110,110,142
117457,5500019,5500019,2
7098,25,50,102
198295,91000,91000,29
55974,70,70,49
1520,46,50,498
5368,400,9950,26
184308,59,3207,1219
52750,49,1881,361
139503,80,82,181
62530,1300,1500,127
1476,150,370,45
113574,5999,6534,83
39357,3065,3065,11
76140,398,505,322
4757,200,200,65
158745,115,115,290
4813,15,99,23
192713,1000000,3000000,9
158834,140,150,46
7072,35671,73529,20
7101,100,100,41
199957,500,500,321
22526,148,150,372
29562,480000,480000,3
168191,325,550,479
38828,168,168,22
38912,55,60,89
3176,257635,257635,21
38909,200,2933,27
52751,1229,1295,44
44082,120038,120038,10
158821,170,170,48
44089,100000,120000,13
158874,108,109,66
25744,4058,6997,5803
162559,215,225,162
10507,800,800,181
192663,3797,3797,22
202070,66,100,19357
4380,100,100,275
23438,350,350,91
173110,400,500,6264
173109,293,476,2751
199476,149,150,68
173108,400,500,8845
191943,30,53,674
22850,569,699,46
192671,199,199,193
200782,2500,2500,31
168506,1500,9288,710
153443,6000,6625,13
86599,7697,26349,32
196583,337,337,545
192723,12000,15000,34
191933,80,160,1058
21033,330,330,100
196582,2999,2999,439
11941,200,200,30
16168,991,991,163
140286,1000,1499,162
197788,112,115,31735
40213,5287,6365,1056
200680,100,100,44
76555,115,150,94
94536,4507,5007,87
38955,99,181,135
23559,88,111,82
172367,199,371,1288
24449,3800,4714,3119
158864,148,185,81
13926,23999,26700,5679
177661,23,81,138
196540,1985,2025,717
172414,23,44,154
38870,499,499,93
38796,250,570,303
159464,83,83,50
38781,140,180,48
40035,103,104,185
155635,35,35,103
81410,91,91,74
38780,132,509,221
200830,6000,6000,207
35950,14,76,131
11584,99,557,313
200802,14000,20000,235
169661,10000000,10000000,50
163149,140,140,37
179278,98,108,76
178219,100,100,25
81202,25,30,270
200773,5800,7300,61
192653,380,499,68
200028,39900,50000,427
192645,185,185,52
200850,24995,25000,81
136566,100000,100000,8
19305,1,2,1374
194734,4999,6896,153
172091,649,99950,164
2594,25,25,557
22527,40,95,981
205240,19900,19900,11
38897,19,1013,188
6662,2400,20000,1969
74706,163,777,59
112093,90,100,484
38794,70,70,37
153434,20,49,221
38934,378,1351,184
203408,55099,89800,837
154169,38,38,5719
191864,19097,19097,33
191861,1570,2500,534
192697,7060,7465,124
192669,162,162,106
192715,167,167,191
179369,2500,4500,79
128725,520099,520099,33
192674,170,170,100
128722,60000,75000,13
192654,175,175,71
192628,176,200,847
112280,1883,1921,51
128720,173084,173584,13
36810,1000,35000,68
200022,16000,17450,662
198265,18999,19000,196
6530,1,10,448
83765,16995,116050,48
733,10,15,327
168314,299,300,1299
199942,500,503,118
60268,149000,149900,15
120257,897,3845,1207
194695,1800,2000,862
197849,170,173,234
171349,180,479,688
197856,550,550,841
30816,1,5,1385
15564,12,18,232
8173,59,65,199
152641,2700,7549,3076
133681,24,85,983
62653,200,500,96
18255,100,726,214
192730,176,176,193
201813,3040,3199,108
133577,30,30,730
154891,12,13,1759
133557,14,50,1033
34759,50,50,61
201422,5400,9849,9763
27855,10,333345,604
29533,107469,3699731,33
39976,200,352,20
52144,185,210,9
194819,225,225,18209
52096,170,570,11
76527,391,392,35
52166,500,500,9
189145,150098,150098,73
39957,380,380,10
191370,800,1444,1058
197759,125,125,560
52101,800,800,17
171276,6028,7519,2003
83097,112,125,231
132752,115,200,172
1206,1700,20000,11028
81406,15,15,127
818,158,1260,6315
21072,69,101,536
154166,100,105,579
116981,9,9,871
194691,99,180,18841
9317,9999,9999,42
163077,100,120,343
191338,21500,22368,5850
191337,5000,5555,14905
191319,875,6597,5125
163639,11000,11000,5
159848,6018,100000,14
163098,2000,15000,43
41462,287,287,22
162026,260,15000,41
159850,9000,100000,10
191329,50050,59580,6977
191359,20549,31000,20322
191332,20998,26795,4159
191358,1150,1174,33297
201313,6600,9900,75
3823,300,375,517
191331,2897,3221,7543
44128,7599,200000,3828
56502,90,1375,112
774,79,155,29247
19300,2,2,3744
55054,7548,7548,352
58488,19799,40000,508
124125,500,500,39
191360,200,705,312
29452,9,50011,406
39562,125,225,152
39563,1725,1725,39
154882,91,149,4256
168310,73,144,1192
39567,75,75,45
39222,360,360,33
3676,50,99,100
3673,82,83,28
1708,7,99,2123
109141,31,51,19655
194733,878,879,440
7296,5074,374873,40
24368,199,2099,858
4558,510,4158,27
4097,135,250,109
45197,100,100,74
45194,35,90,112
67407,500,70000,44
45200,95,95,59
171441,76,998,506
201310,1188,3399,573
191353,900,1000,797
7307,97,98,116
41427,1000,2098,74
20007,10027,10027,1005
59231,400,400,10
168652,11000,59999,878
22324,25,25,35
151124,10000,1972687,94
130172,4000,7920,763
197778,104,127,4878
158790,3230,3230,13
155605,95,140,136
158789,15000,15000,11
17407,102,1500,63
38372,3300,3530,80
173191,34,7504,1783
88532,41,41,74
73260,10,15,1104
136708,19940,19940,215
21558,80,100,2582
102351,964,90064,793
6049,1514,1514,1655
198290,3199,4977,322
199189,499,560,196
38371,21630,46758,52
104314,787,2599,323
194855,3500,3500,8062
76552,100,124,122
76606,810,810,24
12209,138,85026,479
25651,8983,72666,20
77529,37025,734451,13
198495,1000,1400,1271
193470,7893,11393,20706
90554,100,20000,7
52087,100,174,76
71879,338838,338838,166
71881,300040,300040,185
71883,349998,349998,207
4542,99,108,425
13159,13490,14288,153
38768,10,15,212
141446,65,75,235
56477,24,69,174
192993,5005,35601,1291
199969,750,1174,376
151256,233,2400,287
23354,43,99,76
23529,100,4000000,120
43478,13010,28910,390
153494,100,175,193
132514,12500,14399,4404
35761,940,941,1256
197790,1500,1600,8755
194760,4133,5507,857
199961,595,595,73
201991,28000,39900,5744
199962,575,575,190
161347,1998,1998,287
21562,80,120,1117
7228,176,644,8
21576,500,618,119
172043,2300,10599,2734
21571,1600,1900,45
19281,2989,5069,27
115511,2400,2500,113
15870,125,147,335
162677,80000,80000,24
43572,120,1000,4758
162664,100000,100000,6
58086,3800,1450000,637
172366,200,214,1343
21747,100,145,587
200010,10000,79099,1320
28421,994,9000000,107
199986,525,1876,1297
179295,2200,3500,40
179293,12099,15000,51
41603,800,100098,42
192916,2325,2470,1405
44963,12000,34569,89
200531,2000,2000,113
129289,55050,69450,1011
198163,198,249,48
177715,59,73,152
52775,6478,6595,96
182581,5445,300000,393
192644,163,163,256
29453,900,1148,37
43268,85,94,72
203865,6024,6024,2219
43646,85,86,457
132513,34926,34926,287
54447,200,200,55
43102,3500,7114,6375
54449,900,100097,76
158871,4040,80040,32
136567,100,771,124
198207,1291,1291,354
136562,100,700,63
136545,5000,5000,13
136546,22500,25000,98
136556,175,200,45
1711,6,7,463
17203,9599,63630,3362
169296,500094,537694,9
158747,595,595,36
29111,19384870,19384870,2
43490,989,999,1462
40044,3547,3548,12
193248,17500,17999,1342
193230,4965,4965,4587
200681,10000,10000,220
71852,30000,30099,222
189541,10900,10964,4517
190312,4795,6299,15005
193938,39426,39799,1258
193932,12000,18527,693
193933,14159,14159,626
193242,7080,8199,2089
197735,80000,143679,169
190530,14062,17263,728
193247,11999,12519,2172
193228,25000,25000,1516
193226,10096,18380,924
193243,2856,2859,10394
193245,7097,9395,1005
52242,690,690,24
76892,5917,5917,45
52291,14000,15000,15
89680,2553,249100,51
199944,565,565,124
178550,19,19,793
132213,756,800,40
62277,667,667,9
159827,15,20,383
77541,1971,1971,69
77542,1798,1798,75
38374,1535,100000,59
31906,400,517,148
31902,1404,4172,49
193227,8999,9449,2607
190314,8800,19054,31055
190536,29200,39705,450
197736,140098,140098,356
190534,17483,18466,6395
188681,1357,30000,72
23437,300,360,99
85221,3500,6000,196
118414,5200,9998,4924
44465,1231,2892,56
194856,2998,3147,649
9224,8400,8500,343
118898,95,425,35
40068,100,100,248
200011,25020,25020,22
203413,160000,223800,1209
32850,145212,145212,15
32852,300000,300000,7
40215,8194,8625,54
52196,99700,140000,656
76141,488,499,784
40217,12742,14117,66
200003,664,10000,876
201327,7021,7490,240
76879,2000,3500,14
11188,190,300000,2183
177659,266,266,375
200058,397399,397599,359
22851,3500,4500,417
32839,147755,147755,5
58144,885,888,178
76660,1095,1095,21
168797,3750,3750,7
31899,39599,39600,14
168417,39582,50083,563
11403,184,186,32
168412,16500,22939,1149
56850,5020,8582,11043
58480,35499,35554,3945
198283,4474,16975,76
52118,5798,5799,33
83092,2150000,2199595,56
109599,5560,150050,242
58087,9588,16028,1328
58088,12000,18318,2122
8827,2318,11595,1555
193939,34898,34933,3209
36783,1389,9800,917
130248,68884,100085,49
194010,1700,1799,2914
76884,7400,7400,89
42702,16696,16696,15
76888,4369,4853,33
32221,4946,5148,391
32223,769,869,226
32218,1299,1399,137
200829,3000,4500,145
151583,7920,10763,254
4460,1199,1199,64
152550,692,962,436
169445,5939,35059,1033
23528,99,63318,317
194815,9200,9200,175
24231,590,594,72
23436,13700,13800,168
23439,425,425,134
43851,15,15,213
198291,89990,89990,100
59479,11977,1499800,18
158210,31,31,231
32716,37700,55019,36
3827,5,46,344
32215,599,799,274
32201,399,499,1570
74703,1033,1034,77
52785,2926,2985,35
89683,64,65,47
3182,10000,16000,5286
74643,475,800,134
160705,96,50070,6748
151579,2360,2383,84
158750,90074,99974,9
6038,32532,36451,155
110640,720,929,32
175957,149,279,29
110638,689,900,56
13455,1500,1500,284
38809,59,68,48
38789,22,62,66
38855,362,362,83
2685,500,861,58
52768,1199,1199,124
52761,4500,5062,73
22645,23,23,147
162663,80000,80000,14
52754,4400,7925,31
52780,6725,9206,97
13931,88,88,219
38779,67,67,26
6050,414,482,1559
158770,27500,47200,12
38774,500,716,43
12214,11229,11230,81
38840,5360,6530,141
52776,10940,10947,76
5476,650,650,189
38853,1300,1591,46
5479,10,343,117
68786,23047,23052,97
38864,2395,2498,103
38798,52,54,88
52748,1274,1876,67
3702,2000,55569,8
38832,1075,1250,157
68134,3899,4433,161
52778,7782,11070,71
38805,48,79,58
52777,1334,1624,87
3663,5,15,272
158872,2523,20000,33
76088,2335,2650,742
76084,1385,5999,895
76085,1495,5999,1067
76087,500,5999,821
76133,175,224,629
76136,200,419,4797
76137,200,225,5949
76134,185,232,4201
76135,80,295,2111
76131,1038,1140,1609
76142,800,2621,1443
76139,1294,1586,1201
163143,3598,3598,155
163155,4400,5000,36
21885,13533,29982,5318
167043,5000,5000,58
203419,15000,39950,19601
38808,45,50,235
168448,8475,8525,414
152559,98,420,317
128839,100,150,102
19304,1,1,1303
38825,19,20,251
38844,33,33,199
38799,50,308,123
159789,812,5801,136
159787,3997,6897,94
153480,4898,10098,175
74724,3910,3982,216
168593,9760,9789,402
52744,370,380,86
18944,2099,2099,94
36921,370,9999,1597
24291,3350,3430,701
37094,999,999,87
106867,30,30,460
36924,343,7520,696
13443,100,125,142
2892,799,799,41
128724,22500,22500,17
197774,321,325,2068
31944,7596,7596,16
128741,199999,500000,14
4554,27150,490000,6
102218,38700,40000,588
163391,4951,500000,26
166420,917005,917005,6
113585,9900,85000,2745
163549,2832,80000,19
166419,1273176,1273176,1
60398,25,25,482
52757,320,322,110
52760,5999,7370,78
38801,2500,2703,82
20531,6650,7000,9
32224,1500,1500,360
32217,1000,1000,142
38838,375,997,67
81415,64,64,216
62654,1999,3400000,267
38911,1498,1499,24
52746,237,375,61
52783,10048,10057,106
38835,982,3132,62
9233,100,100,614
787,8,13,380
38807,74,75,94
38857,1625,1626,28
67415,60,60,221
177256,3999,4099,241
57194,50,50,342
128314,19500,50000,895
128551,17490,18378,182
2687,8,692,877
38863,23800,102805,31
189155,333297,333300,358
128716,450000,500000,8
128743,90000,140000,21
128736,40000,47500,16
127762,838446,838446,41
128730,50000,100000,15
197761,21,30,2117
159140,119,119,59
44315,601,25000,162
200224,28999,37000,3542
74921,510,510,45
41119,50,125,3067
198301,50000,60780,12
62656,20,20,122
179308,60000,60000,22
43369,6499,7460,195
151608,1800,1818,222
19706,6595,7549,2892
19704,1874,3000,2040
38856,95,2665,332
6298,10099,105049,2
201047,190,199,428
38836,1045,1584,17
128632,387,499,2624
8244,69293,69293,101
191945,4000,4790,96
38849,100,124,45
38767,70,199,183
78883,12500,14089,71
9261,4875000,4875000,11
6293,8999,120000,15
38852,48,114,386
76678,200,213,22
38773,100,335,162
94288,65,80,812900
138728,41,100,3259
198238,99275,99300,246
113108,4800,70000,33
69863,1576,1877,13
34766,555,555,54
76619,3599,3599,9
199989,545,750,4469
163152,564,564,107
163158,3822,3900,83
39526,5000,7500000,120
76676,191,194,27
151389,5000,19450,12
77531,899,1075,77
140299,500,500,488
111431,15,33,580
141214,19900,19900,44
198304,1283,1698,841
192926,9900,11932,55
38846,97,99,163
192943,12000,27443,81
194731,1492,1625,189
23119,194,235,83
23113,1298,1400,56
23118,100,222,69
194692,195,200,226
23104,85,85,92
200576,3100,3448,1564
23098,100,100,79
200779,26565,27500,81
23097,555,579,77
23095,200,355,94
39951,100,300,5
41447,299,299,19
52113,198,1598,22
52125,150,172,33
76506,100,100,56
76529,547,547,52
76502,238,299,336
76540,124,124,83
76539,590,590,78
76536,145,145,66
76538,412,19800000,57
32714,75,75,22
19699,2275,3099,1491
19701,3192,4999,2254
13452,2000,4600,521
204310,30065,30065,8
192616,100000,100000,17
192963,4327,4327,197
192656,800,5000,13
38787,19,20,236
38766,15,15,279
90561,64978,64978,11
74711,97,205,106
200532,6177,20589,15
35563,58,100,734
1074,24,55,46
126934,4000,4425,380
67399,1000,50000,43
67397,3000,22311,26
13932,180,180,491
191399,971,10046,489
192769,25,50,71
22457,15050,29909,4001
63303,900,1022,270
5121,10090,99999,3
90047,551,851,22
90057,2185,2200,92
194562,84000,84000,37
203415,29900,32098,1343
132982,109820,109821,33
193420,69900,120000,22
23737,38,71,378
153616,1176,1200,33
202314,7400,7400,395
5527,4,4,1021
12820,29840,58212,464
4407,199,475,227
2684,393,399,270
3729,13,14,612
129284,3267,3300,44
32464,25,45,1151
132517,40000,50000,65
34068,89,99,6661
76618,1382,1382,36
76576,575,1295,83
200006,720,6569,316
42546,14,14,1136
191378,466,684,4168
19705,1475,7160,2562
200766,19000,19000,60
200827,18000,30000,33
20002,7500,13896,1570
200787,29900,30000,199
19700,3195,5989,3636
19702,2793,6500,2219
52338,15000,40000,16
34749,99,99,706
27657,40,49,111
63251,4056,4139,150
154120,325,375,504
153703,274,349,1111
191379,2200,2500,2323
154121,370,400,596
138486,1600,1669,5767
56160,399900,424950,4
34750,35,50,191
62660,98,512,179
81194,4,89,5129
33053,2123,2123,99
19698,5393,5993,2288
5135,95,99,38
55985,99,99,35
39220,50,50,82
199216,144,157,1934
19268,502,8502,21
41335,6041,6051,12
115807,248,249,95
200036,2475,2500,794
5136,40,44,102
28501,200,4000,70
200026,700,700,198
31882,500,975099,129
31908,12000,19830,17
21559,80,100,2087
194566,1937,3100,2121
18045,40,40,803
179005,299900,344400,8
179004,500000,500000,7
142263,72,75,1196
28284,1925,2450,94
199963,549,550,105
159791,7800,9900,85
116810,100,100,127
31941,18000,63776,6
3239,4,11,230
154886,83,141,1213
32388,6425,6999,24698
172044,23,195,930
172050,25,300,331
3220,35,150,545
3013,99,770,25
31884,1000,1000,20
189147,37579,39979,854
86592,550000,7524375,626
44760,1000,1100,342
25412,174,174,19
25409,298,298,257
2595,100,100,297
44469,1458,1793,41
154124,364,374,347
153705,254,254,464
193438,21899,38000,33
7973,752,866,482
154125,352,359,600
153701,251,251,554
200821,99800,99999,41
2596,1,1,3735
62790,500,500,423
193360,8450,8499,3284
24189,161,161,67
32620,2745,4555,1627
163701,183,183,42
32715,50023,77098,117
95482,525,690,368
159,1,10,28839
132199,295,295,325
25426,13,14,534
20872,100,145,71
20869,75,170,90
20867,175,320,179
194811,8674,19940,1159
42995,1000,1000,104
127834,45,108,1941
200789,9300,9400,317
192700,3000,30000,58
114016,248,248,67
21215,115,300,734
31894,500,1248,103
3859,900,1209,3357
171274,999,12500,426
79302,100000,550050,2
79289,190000,200000,5
79312,119700,119750,10
130218,800,800,225
136563,200,1218877,10
141527,50,50,141
127841,1095,1345,128
200038,12970,13925,1614
197794,7761,8180,6345
52758,60,6964,403
153015,1323,1469,40
14256,4799,7427,24256
24028,9500,9500,123
198289,835,841,623
24032,1079,1084,50
2455,8,20,279
23764,5000,5000,38
132528,11614,30378,19
132525,93499,97522,11
29534,76892,1500000,25
87560,650,10000,229
70139,148826,148900,31
42225,70000,80000,586
43015,2800,3000,197
1178,42042069,42042069,62
45987,11635,25066,17
13512,100000,109999,354
56550,35875,45290,57
34207,4090,7207,70
192971,69,100,1602
138727,69,1000,11911
108346,4600,3900000,220
4236,12000,14898,1565
152099,142,142,28
171263,26,26,837
25898,49497,49498,16
25893,156356,156358,17
171352,318,7031,367
33782,198,833,51
151133,4000,74400,192
41337,876,876,144
68778,17500,17500,176
36811,1000,1000,166
49884,125,2000,308
192972,90,100,2180
38879,3988,3995,92
38896,11486,14289,33
87226,149,150,177
155636,35,35,177
38948,10200,54891,40
158778,119,119,103
153487,105,805,4383
133563,72,75,1093
34753,85,499,192
74646,1495,1500,557
25414,2699,2699,60
81411,15,57,66
87246,99,142,306
194012,3995,5634,1993
152496,25,32,197
33867,800,12151,27
14529,100,325,841
44761,2030,3636,71
160483,200,299,118
38880,10050,14233,53
200050,530094,530094,22
192969,84,99,2323
200048,99964,114064,741
19943,10890,19797,1908
172921,75,200,640
1175,400,505,68
34767,2000,2000,137
21991,30,1018,1795
200025,519,525,991
38943,249998,249999,42
168624,25832,25962,74
74919,399,399,158
158851,65000,65000,3
199978,1499,1540,3975
106868,110,162,25
116923,26,40,190
108978,108,109,222
43987,4100,4100,29
194816,9500,19961,713
39947,497,498,16
200571,328418,328418,25
151431,1000017,2000000,12
4384,96,115,249
151394,59000,60000,34
198397,384,388,9329
36934,500,1000,558
81055,50,1199,3567
193564,80097,80098,560
191494,17797,24964,7637
191940,7100,15000,2748
197793,319,349,14687
23768,50,100,519
12800,400,449,2646
76631,30000,30000,14
76565,346,346,81
76629,5533,19056,10
89678,184,185,82
76563,150,150,413
74648,499,1120,392
76559,1138,1139,47
158820,7600,9900,10
76625,28099,29099,8
76662,1156,1191,52
76524,1236,1236,47
76590,175000,175000,13
76508,597,597,44
178104,366900,366900,77
180476,95000,122500,8
39912,650,800,36
76646,931,982,23
76701,997,1099,78
191522,9592,9592,3088
115526,488,586,164
200853,22500,70000,34
172407,99,181,191
24051,2290,2290,140
24058,285,694,66
24067,590,591,20
40042,92,94,136
173123,443,59900,249
76670,1016,1519,25
163208,100,200,6
115805,799,800,141
194738,999,1000,281
68049,195,199,317
115808,200,200,97
115804,170,175,108
192911,1238,1480,604
31915,771,895,75
31911,600,989,76
38775,67,68,273
31886,600,1556,132
44325,198,277,80
19271,1090,1100,40
21990,49,50,256
74700,60,128,183
158382,400,480,272
74719,391,402,154
52236,7518,7519,10
39910,498,580,21
31910,500,950,83
173049,75,85,1810
25466,2500000,2500000,7
200569,900,1226,1373
172361,256,33368,934
31892,500,3300000,354
32897,95,9922,86730
200572,895,3500,671
5048,63,33364,210
31898,803,1250,57
129099,5500,5500,18
6296,100,100,19
74709,199,201,105
31901,297,1040,94
153664,1310,1310,55
44575,15,1615,568
12811,6700,7023,3784
194800,7000,7000,2987
201398,197,197,396
187636,3419,203100,368
76666,700,999,7
76647,2587,2587,21
191357,1500,2942,736
5042,117,33318,423
954,6769,6978,57
2888,301,400,176
25652,16000,577984,15
38376,1505,2205,81
117441,7052,7121,119
147777,132,355,984
18640,1355,9999,1001
201466,197,198,80
139785,160052000,160052000,3
132190,1999,27770,33
77543,1605,2041,72
200056,429597,429999,594
200054,397400,520096,1030
93208,2000,12222200,233
192871,125000,159973,4435
155615,149,290,270
140347,2099,2500,461
23977,20000000,20000000,2
25440,800,70000,31
23976,1000055,1808255,8
113140,200051,900051,5
192658,220,5485,5928
779,700,700,38
31905,658,700,40
27651,99,100,83
29292,11,3411,37
8151,88,500,181
35948,9,76,186
56205,50,50,85
158873,25000,55000,12
158758,200003,200003,2
163606,94999,94999,4
56204,72,72,66
25431,100,100,1184
200811,27000,28000,601
113530,69,69,443
106875,180,200,74
36794,100,100,1379
45201,100,100,867
106889,127,128,252
106825,143,143,113
200019,60063,62063,251
107518,150,155,65
108977,29,40,602
152813,8100,165000,609
74701,100,118,42
79257,70000,70000,24
74662,8380,8380,203
83006,2180,3380,211
118280,170,200,113
153435,300,612,411
38929,291,297,242
199051,3377,12800,29
198214,3999,3999,266
198211,1999,2500,423
153707,1650,474100,316
198208,694,794,744
198261,350093,350093,179
58085,980,1379,214
203417,100000,100049,154
76696,10000,505000,2
87806,10063,14363,33
158379,49,75,1499
166270,221,221,842
168498,4000,8001,438
2289,1,100,1818
39358,60000,60000,5
39203,599224,599224,10
39353,50091,100000,10
39361,30000,120000,12
39360,50000,70000,24
44076,16500,16500,16
199206,151,1183,488
40046,300018,300018,3
179166,500000,500000,31
200764,4900,4900,357
163784,90,91,453
175054,400,440,22
76655,1300051,1300051,2
173937,1590,1590,48
153625,4100,4100,25
153611,1300,2000,25
111436,42,48,775
67388,1000,1450,24
152495,60,90,746
38921,9429,9433,30
19262,3300,3459,32
115814,17420,17600,34
108347,8600,8600,123
68198,18,20,407
115809,16998,17011,46
115811,9788,10100,38
76585,29971,29971,7
5373,2799,10839,302
136852,100,30000,352
151585,7139,10011,288
56503,4294,9495,75
25650,75,75,264
194813,6600,19969,501
87648,138,142,92
189154,188987,490000,113
63293,75000,108889,4
180060,9125,9925,481
115815,45002,45524,36
184051,1050059,1050059,13
153706,500,645,646
103795,922,2746,6
64392,9206,125085,623
173041,55,55,300
116119,98,99,65
194793,19194,19800,705
61989,99000,99500,24
200024,599,996,945
41167,1000,1400,115
13756,7500,9999,669
113992,497,497,438
198302,20000,25000,115
27501,50,100,183
37092,90,159,140
198240,3200,4093,596
200785,9910,32970,46
100739,25,88,515
116654,1000,1499,503
93705,562,593,17
40056,2000000,2000000,2
172419,185,787,524
3030,2245,2245,5753
37567,15,15,255
4370,45,45,119
128997,36785,36785,91
132200,650,650,83
19299,19,100,884
76575,25030,27530,17
192973,8538,8538,457
162556,1000,2500,178
169947,2000,2099,164
153647,190,190,50
168392,2000,2516,225
155811,200,15000,256
115354,3525,3525,74
52086,300,500,109
71375,14998,14999,45
192702,2800,3044,22
110653,2000,3500,75
169220,1900,2000,384
128834,400,455,91
130192,395,605,332
136654,340,343,1304
173071,10000,10000,46
173074,5074,7574,44
173077,9899,11590,166
7097,149,1449,76
9312,95,99,458
36808,447525,447525,3
200043,575,575,421
109145,725,4499,785
194812,8099,8480,272
199054,15554,15554,92
62421,567,667,307
110642,518,689,88
198503,3750,4000,153
118899,190,190,67
74860,845,895,1622
4390,1000,9660,367
4235,7999,19900,4411
71720,15000,48028,48
154168,1555,1558,456
192746,3090,50000,36
192704,3108,29058,10
198255,190000,198900,226
198307,800,8577,118
158757,30000,99900,11
132233,22,22,727
171439,14,14,1856
132526,25000,25000,11
159785,2270,3000,217
159788,3097,3998,25
168596,9810,9828,726
44574,175,190,225
89893,118,118,185
136547,5000,22186,111
88490,49999,49999,6
191352,100,300,722
83157,49,50,583
8146,102,103,63
3167,30,35,152
132216,10000,70000,14
5118,5000,70000,38
132192,297,298,179
30475,250,250,196
30476,9900,9900,68
30510,3300,3348,19
5124,150,219,224
74726,4091,4100,324
54837,35,592,14
168828,14500,49900,25405
38894,7151,24196,22
166583,14900,14986,109
41976,192,540,23
142406,1539,1839,460
38965,27383,27387,49
15415,60075,74500,3702
175955,49,50,149
25427,9098,150000,23
104316,13065,500000,1234
172365,295,499999,284
110635,570,570,25
38990,4298,4298,45
38839,210,210,32
82443,230,230,81
52767,130,7190,190
33546,575,580,80
193565,150099,165097,1362
55982,25,65,51
34330,329,6949,251
62666,294,999,445
141318,6877,6945,75
141319,14969,15179,52
34764,20,92,1141
57193,51,51,119
62661,196,196,254
38850,1090,1373,86
38876,5642,5644,28
168446,9470,9570,436
38814,961,961,35
74704,1456,1620,136
108352,2500,2500,281
38924,119985,119988,51
151609,1013,1821,440
20381,5000077,7777777,32
110632,102,287,49
28102,190,200,164
165692,1410,1410,88
52747,4596,9568,45
38868,5451,5828,72
193567,9996,9996,385
4867,130,150,13
1701,390,400,124
38903,444411,444415,35
161383,90,458,389
22846,1800,40000,175
22844,3533,6033,10097
22847,21400,40663,121
22842,4555,40000,155
168312,972,3999,1038
128744,700079,700079,12
63246,95,100,588
43123,4800,4800,363
158204,2400,9999,1380
62238,75,200,98
56551,39965,1019690,23
128979,4432,189476,8
139389,500000,826929,16
186725,60,118,1320
59230,169,170,155
173122,1000,3400000,235
18641,273,300,434
194724,1899,1950,100
194814,8600,19984,726
151584,6424,10088,215
4780,99997,300047,2
118631,497,497,337
172408,400,567,60
191318,1400,1700,178
12360,14399,29500,11463
90407,350,698,7531
162515,116,1800,13557
168193,2200,2500,2040
44570,40,40,348
9187,1584,2585,111
160053,1200,9998,462
200013,84701,110928,56
23448,12500,15850,1387
20709,86,86,638
181468,5500,8900,8975
197847,180,1999,385
29425,110,488,7873
65893,253000,288000,174
31909,88300,88800,20
79307,200000,200000,5
187796,395,438,635
76587,26297,26307,7
38928,200,200,488
74722,112,123,210
44449,158,432,146
52081,1900,3800,44
38964,719,2733,278
52115,198,650000,108
3829,9283,10850,79
67230,370,370,163
28362,25004,25004,244
127848,13057,25000,1038
21226,100,100,31
193896,1500,4000,1804
127849,1200,2374,520
168499,7000,8097,610
67438,2899,2900,428
44277,29999,40000,33
52782,9818,9819,112
112165,5000,5200,67
110682,4894,5000,82
182761,28500000,28700000,2
191386,799,800,39963
20008,150,14999,515
76096,1078,13451,642
28123,30000,394100,60
168489,6800,6800,1194
54830,9900,9900,44
43107,1666,16000,566
3012,99,99,15
200045,90000,90000,904
192626,76,80,1192
95373,66185,72000,642
192967,23200,25800,1076
76098,146,185,380
21223,36,339,504
72104,30998,36600,1921
199934,500,546,100
38930,1602,1602,19
30810,2,77,47605
2251,20,400,3534
159468,98,747,31
44456,97,265,261
197771,38,47,145091
193953,2788,2990,661
87872,380,390,2205
4814,40,103,140
192724,2299,500000,17
201420,150,1000,23284
198306,120050,120050,19
40073,50,999,830
24054,738,740,12
58274,300,300,466
39516,869,869,26
42931,1036,1036,103
36813,15098,15098,82
22460,6971,7146,13
36812,1164,1200,469
7100,4,40,68
41146,3920,4000,36
13442,2730,5000,333
52743,249,6067,136
4364,4,105,10013
173073,4550,9550,37
173076,9390,9390,161
173093,9500,10000,35
74650,875,1979,182
87228,5500,5500,29
36927,2200,2946,325
128542,11084,11092,183
49397,300000,300000,27
112281,1017,1022,15
770,100,2000,9
197760,40,44,1107
24061,479,484,25
190537,15626,15626,1019
110634,48417,48417,10
23383,27929,27929,37
23386,100,851,28
173081,6795,6795,134
173088,5000,17545,33
173070,44931,55731,16
81403,25,36,127
141640,4000,4000,76
197758,25,39,274
23332,100000,100000,17
23331,150000,200000,22
81401,43,999,778
176811,40,46,460
173065,100,100,219
39512,50,100,228
200305,1030,1364,728
173089,16989,19589,22
2608,2310,18525,53
173090,4500,10000,103
173091,25000,27500,42
173082,2999,6449,60
173084,5900,6000,85
192711,2145,2145,25
192729,2190,2190,40
9179,1800,2298,500
154888,99,250,324
187850,25900,25900,70
195457,1500,1500,811
43001,475,500,428
44482,22,23,282
75026,25,50,355
200856,500099,500099,39
33874,945,945,1368
159919,100,299,485
200004,1999,2799,213
191523,6877,9000000,139
27663,80,81,84
9154,1000,1100,1056
173129,800,1590,979
127840,450,550,78
1712,215,35513,40
127839,2749,3076,471
127837,250,920,362
127838,9899,9899,684
192920,1500,3538,148
199994,599,599,426
194810,6900,19956,817
6372,2500,3459,834
52763,28,2500,40
52090,300,300,27
29110,7694308,7694308,1
92056,287941,287941,19
39967,213,429,15
41435,1460,1460,16
52133,46063,194154,6
68780,9999,26244,14
188794,2000,2345,154
191476,1000,1040,12318
87240,27500,28500,89
200046,77500,77500,466
185483,175477,750000,13
87232,175,175,33
31866,2741,2741,32
188779,68508,69200,17
41455,1294,1294,8
74636,50,50,212
195462,500,500,463
152615,10500,11110,278
180457,3000,7700,1633
59496,34500,34500,17
154127,352,3300000,211
198507,473,485,169
38375,100,196,238
52745,247,495,71
45060,1057,1190,207
163052,500,500,131
77272,450,500,41
132230,680,685,10
200577,7523,8494,361
8932,4,9,1014
108304,3000,6750,230
5523,252,252,71
28595,547,548,18
23108,90,125,24
35949,2022,2222,395
3010,50,99,20
54469,22000,22000,3
152897,1500,1500,47
60578,100,200,62
158377,480,995,60
38937,100,600,23
42701,800,800,27
32196,1780,1780,276
40113,5000,5000,198
62007,173500,175000,17
44265,53910,55578,24
190538,13999,15014,2829
132753,23,24,435
5470,40,194,798
168959,6575,6575,48
39524,30000,30000,1
23449,69300,69300,1693
12363,13900,14145,7208
76885,9800,9800,62
178540,666600,666600,13
193250,17577,17578,5412
1645,54,90,4362
39006,3083,3087,75
17406,248,5000,375
771,300,385,62
200034,1700,10000,565
22824,879,879,524
55057,69,85,24
180088,200,200,45
128011,2515392,2515392,6
45199,97,110,43
168192,392,4000,1234
62670,244,244,655
128538,900,1167,42
199988,2000,2001,220
118428,48,48,264
76698,100,370,27
184090,199,399,1008
18631,3000,3948,229
77101,6400,7460,286
27503,15,151,333
98117,6942060,6942061,11
116148,579,999,2806
169674,115,195,765
169673,90,105,839
2862,45,184,1637
76894,5740,5768,32
62269,100,500000,62
74707,88,88,2365
8153,25000,65996,5976
199193,10038,15000,26
198318,199999,199999,908
52340,300,1029,2324
200814,9358,9358,122
132232,53878,53878,23
116405,5000,5151,1277
116408,1615,51500,270
116409,5822,51599,408
34763,49,49,111
180410,90126,90126,13
193391,319,319,30
64395,10039,11645,35
44618,520,690,83
173130,703,1446,3053
171264,48,25000,1320
173127,1200,1299,1568
23380,89900,94950,12
52131,300,1996,68
52121,1000,1024,84
32063,4800,99999,123
200476,47,47,180
52094,144,255,49
128548,86999,86999,48
52126,195,649999,45
86073,1890,1895,12
194827,139900,141401,529
74647,1975,2500,308
858,20,34,85
109076,398,615,7709
192900,702,980000,306
191380,734,741,188781
201883,55000,120034,615
10310,200,999,100
92058,240064,240064,7
4424,35,35,110
4419,20,24,224
44154,1000,1816,56
63291,661,765,140
21593,2000,499955,70
74720,195,207,282
44772,135,135,35
63317,1900,1900,67
178225,100,100,299
9355,2000,5453,13
43521,10030,12430,9
171438,37,39,256
63310,12953,12953,43
132184,20,231,628
191396,89,147,5642
62771,50034,90043,9
38806,250,1165,35
5473,244,351,357
192961,42727,52556,569
62011,115007,115040,10
5567,4089,4899,29
82960,500,788,336
42406,489500,489500,1
103789,47093,47093,46
41103,150000,33333300,3
184202,90,90,157
11022,75053,339053,9
139175,4999,5900,616
192659,325,325,20
68356,7037,7037,36
17304,150,5088,448
17303,521,5061,401
166343,45,50,825
141333,1033,10000,42
17196,2450,4400,546
13457,1000,1000,181
14530,99,100,1941
200005,942,942,128
19232,700,20250,94
173086,6757,6762,21
63305,500,810,172
76090,128,390,391
110649,1419,1449,27
138384,3899,251910,6
138383,900,8500000,45
138382,2451,2451,6
141320,4959,70000,67
163637,1021,1021,46
179271,2985,2985,69
17058,35,999,1244
128650,80,102,1185
168215,300,449,10361
40070,400,1499,577
194572,3393,3393,464
52147,10099,10099,5
41486,9932,9932,14
204234,500,900,247
118008,3945,4845,45
109122,3000,8696,17
116276,30,30,256
163133,485,490,217
62004,100090,100090,28
35287,213905,213905,2
198213,1199,1199,139
172018,9938,9938,373
23575,18,25,133
187805,2500,5000000,173
172019,9900,9900,493
194048,100,100,726
173171,600,600,2500
29577,9843153,9942579,61
2683,25,25,79
38866,20,24,28
112449,6,16,529
38862,470,2272,318
5526,399,399,31
76081,725,725,2500
128648,9000,25000,223
74723,404,624,1382
44329,700,500000,98
25897,59999,59999,12
38972,15074,19702,48
724,599,599,27
130178,850,1200,258
154167,1539,1829,1440
191393,110,190,16478
20816,400,1221,3347
19283,4598,5413,16
71856,59403,149800,56
179277,1132,1132,129
33448,90,100,97
44328,1045,224175,72
33872,19903,70000,28
180404,89100,98700,12
3703,30001,30001,13
20527,1164,1750,9
28452,3009,4509,52
168792,10000,48832,38
161128,75,125,84
174891,3000,3000,48
27502,100,499,94
39501,20000,87500,71
37101,50,50,476
41094,744000,744000,1
193238,30100,30100,5567
42966,387500,387500,2
136574,500000,500000,10
192731,185295,200095,9
56151,95000,105551,18
56156,25000,25800,78
82328,20,50,721
2681,40,50,4873
76097,97,99,291
177026,98,100,44
197858,112,113,629
44759,850,850,87
158781,100000,100000,4
44722,270,400,53
114015,45,90,79
34113,22279,26066,1121
76656,348,474,18
66945,506353,506353,1
40769,5355,6669,2306
17344,1144829,1144829,2
33443,5,2005,479
44752,85,85,20
2456,100,125,210
107517,23,29,326
152812,11400,413582,36
200816,3090,3100,100
194791,8666,8668,3017
172416,24,60,117
153665,119,125,52
5051,119,846,315
172048,13,13,1053
29536,59999,3591503,20
172040,33,150,1514
128843,4950,4950,263
128842,4802,4802,121
29539,15400,29999,1833
128841,4413,4414,61
98118,66,69,230
67403,50,70000,31
198497,15000,80000,17
30809,55,314,18046
45775,400000,400000,3
5137,100,100,79
1477,22,40,462
11416,500,500,38
1205,6,85,955
3402,275,70000,29
92525,349238,349238,10
154883,999,1500,236
198187,3500,4296,2410
200790,9900,13400,938
169954,3055,4555,16
191472,4460,4845,30291
8364,206,216,141
52772,270,5095,132
3177,10039,100049,24
168635,2530,2580,290
56035,1000,1200,33
14342,13000,13400,1264
203414,99994,189997,526
180377,49993,49993,14
136377,60,330,789
43146,1604200,8800001,28
195359,100,100,49
192955,39800,43884,1976
193559,5914,5914,1081
60853,532,853,347
61994,46552,47060,20
133569,395,395,334
184624,9950,12751,117
54631,8480586,8480586,2
52224,20160,20161,47
193229,9310,25098,2545
136571,66666665,66666665,3
40142,5499,5502,84
16006,17600,25313,3076
40168,975,975,92
132530,70000,9221300,9
40034,7231,7613,15
52301,9990,504995,8
24060,2100,15000,48
52289,57018,57018,20
40165,1774,1777,92
38901,1050,1905,15
28363,7550,37577,84
38887,20000,54987,26
39000,3392,11005,29
4611,4000,7339,652
200582,1990,1993,1878
38939,37582,37586,48
52765,290,300,148
168216,100,1999,20780
173172,280,284,1840
169449,70,74,685
38373,1385,599899,83
11409,400,400,37
154990,4200,5322,117
153430,50,65,82
24048,1596,1596,63
40112,9044,9044,152
127760,699900,699900,14
41389,6472,6473,39
38874,1026,1026,42
191504,3100,3100,286
31079,6475,6499,437
187849,46117,46117,85
24030,8299,8299,53
156627,989951,989951,14
41382,39001,40001,13
40153,15099,15099,42
30458,75,183,32
21752,195,500,9142
86432,35000,40051,59
198259,74184,74184,23
52173,5000,6600,20
68779,9502,9502,52
108980,24,28,66
136572,999999999,999999999,2
52143,1598,500799,22
112090,396,400,476
118711,1045,1837,635
116271,920,920,379
46703,50091,100000,11
20817,304,405,163
200776,20000,25000,169
40536,11,911,5411
200840,22000,22000,17
165017,115,115,309
24053,600,30000,188
172017,5417,5471,197
182122,85,85,53
169299,5980,5980,319
191401,3000,3000,22444
153490,146,198,1514
42641,99,773,524
199956,500,502,515
76897,9630,9632,64
38884,14993,14993,64
172364,242,499999,414
40050,2788,2788,37
179300,1000033,1000033,2
136597,475000,475000,73
186726,86,86,250
40180,2578,2578,254
201408,999,1280,1918
201407,4353,1000000,41
159471,19,20,141
172437,2717,4520,18704
23787,31623,53910,161
23984,25,80,1260
2304,2,3,795
156872,553,553,11
55055,500,587,106
43488,49,50,90
40122,1667,1669,85
30477,173636,500000,12
16747,131220,131220,4
32199,751,790,422
202315,1100,1497,745
46765,4444,4444,49
190329,2299,2364,73692
3171,100,1499,53
46766,484,498,156
19233,14500,490000,22
30512,2400,3500,23
173908,300,305,13
109143,40,45,5009
19279,2139,2146,29
179006,300,200000,7
168419,7350,7400,310
32410,110000,118751,10
24274,170050,170050,29
21589,100,195,61
21561,200,344,255
188762,40405,40405,23
188834,4200,4200,21
11420,9500000,16500000,16
159466,76,76,80
40162,38066,38070,119
11419,100000,101309,8
188791,24500,24800,8
11417,159491,159491,1
39317,152,152,46
57071,706758,706758,1
90044,998,1000,23
24033,1627,1627,72
12364,450,654,19223
178108,100000,100000,5
188948,7021,7821,124
188685,12281,12281,32
35720,200,235,271
169130,400,430,168
43333,1800000,1800000,3
158743,99000,100000,5
54450,48000,49900,59
112297,9000,40000,17
61990,37497,37497,11
62006,45550,45550,31
44263,125981,126005,21
62005,34391,34391,17
24065,1093,1093,39
44282,15000,60001,21
43522,500000,500000,2
41467,325,750,42
36932,100,751,8684
81923,255,255,226
112296,1001,1101,72
20877,1200,2500,157
192928,25800,27300,2180
38788,1200,1224,25
171275,200,200,3958
189150,100,5000,1627
189151,100,5000,1177
4604,5,10,494
151718,5800,10000,1032
187712,72,72,95
118630,498,498,284
192945,43392,59996,2207
172904,74,230,203
44279,14076,14511,31
44264,54444,55555,20
79308,18599,19699,13
44266,8958,12432,35
197720,4008,4011,100
170164,13985,13985,110
44290,65333,216946,10
52752,98,12431,107
62018,248391,248440,7
44284,35554,37777,16
44289,22634,23333,19
44281,249999,250000,37
52089,181,182,67
194736,950,1000,821
52152,300,400,18
142101,100073,100073,19
34755,20057,20057,96
52091,95,200,84
76672,2081,975000,91
130216,176,176,95
130220,2700,4900,73
130222,3900,4000,75
56053,900000,900000,2
198441,300,370,399
108920,319,322,288
11285,1045,1045,5
28060,10087,10087,2480
60488,1000,500000,12
5075,197,1001,779
101661,2000,35507,38
76688,2220,2222,141
71819,47499,47500,35
76686,899,1100,30
76682,1196,1297,51
132509,600,700,28
41166,27500,27500,15
76675,318,319,7
180384,500090,500090,3
42430,600,660,220
76673,245,592,20
158792,50025,500025,12
163709,1895218,1895218,12
76653,372,373,26
76644,709,810,10
76638,470,670,29
76637,300,494,267
76626,34057,34058,13
76570,400,599,103
153662,998,10000,150
76542,614,615,41
138976,4000,4000,22
153663,10000,10000,99
52213,900,900,39
165016,116,10000,620
76509,150,500,94
62279,500000,500000,5
76511,289,589,19
178135,10000,50000,17
76520,100,100,22
132193,20,20,393
200533,150000,200027,6
58268,10,86,1011
76541,593,593,26
132229,970000,975000,4
32601,13391,13395,713
200845,28998,28999,52
89674,1594,1596,45
38427,500005,500005,13
200774,299999,299999,67
59480,2465,2465,93
81400,411,411,293
176883,10000,250000,3
54626,500000,500000,3
40771,500,2155,649
38827,523,1501,231
38829,45,615,455
132211,39619,40019,30
1707,1,29,1040
60399,100,100,133
93351,1000,4500,190
22529,19000,19000,42
178125,50000,70000,26
140297,4900,500000,6
52195,8000,180000,405
159756,199,199,22
40411,500076,500076,1
80594,100,100,1238
162681,500000,500000,4
36809,22697,70000,31
35947,9,72,272
82451,25,29,129
29571,296,10000000,93
33569,14500,10000000,10
136553,500019,500019,2
200784,120095,180095,74
173878,500000,500000,2
38778,250,299,57
32598,47689,47690,994
198045,8000,500012,46
25443,15000,20000,17
62370,94900,500000,20
176856,300,500000,15
28118,29989,394089,35
192976,7700,7800,1265
190388,146,5000,1073
162516,27500,28050,69
74728,3975,3997,39
189153,100,5000,1530
182765,19500,19500,3
20881,75,400,520
198196,33392,40469,1149
191498,11418,11420,6384
198193,3000,3000,1867
191400,2055,2463,819
19026,2302,5747,68
39513,3535,3545,82
193561,1244,2000,3186
20862,32,40,850
193368,2569,3000,4070
172406,65,385,337
191334,1896,3989,14925
191349,3250,3320,1335
21224,130,360,111
191376,400,800,3533
46098,22093,22093,14
44571,1400,1400,373
192924,1500,8930,219
192921,10000,10000,64
21222,22,122,969
192947,24000,33200,227
7080,5936,14841,20762
49253,3000,28651,186
159845,2074,2498,93
11408,1000014,1000014,3
21225,50,100,877
199976,1448,1488,2360
194015,10795,10795,2120
188811,24749,24749,60
187842,50000,50000,491
189571,150000,211100,9
24517,1222000,1222000,3
158838,44999,278140,22
38878,24500,29010,40
23756,50,1295,320
39005,381,755,32
130217,180,180,18
154128,352,80000,335
153711,251,251,117
38988,1451,1455,47
49110,45000,60887,22
41385,10999,10999,14
193249,8797,8899,2071
144304,3389,3391,33
191327,22449,22449,76
198309,19898,19899,255
31900,99999,110000,14
128016,429675375,429675375,14
30478,1000000,1000000,11
38877,19682,19683,39
109160,580,781,485
194578,3397,3599,609
9060,4066,7666,589
2458,500,850,338
194756,48508,48508,245
6458,200,299,118
44081,89909,89909,13
13453,5999,5999,529
10290,10,700,16683
194852,3048,3048,19029
81200,10,10,471
3771,44,44,290
201416,1484,1484,417
3240,200,200,85
163083,2970,2970,21
158858,985000,1000026,4
103786,24750,25000,89
22832,50,50,321
34861,24,24,181
122344,130,130,148
191377,19500,23500,982
172047,95,3000,884
71850,37063,37063,30
40147,19998,19998,78
38979,119,207,97
24055,1398,1398,50
171436,38,40,328
200041,585,650,1838
34831,50000,50000,3
136548,5000,252500,8
40130,9087,9087,61
52246,1750,7276,60
25901,10000,17267,7
17198,1480,1677,105
192925,30700,46000,2354
153630,1441,3599,36
153627,3050,4040,26
153624,21598,21598,26
4406,4534,5208,511
153621,2550,2550,35
39914,123498,123498,6
42500,1000,1000,37
153605,84500,84500,23
2313,25,35,102
22373,20000,50000,348
52980,37500,40000,3489
31677,37137,39094,154
198536,2900,4530,208
54833,105700,105744,17
111447,23,25,542
111452,25,30,114
168529,3925,3925,241
111449,30,40,880
36860,4777,12500,7522
111455,13,13,960
172902,500,500,23
67335,2056,12556,1692
4360,1,3,951
192942,19254,38900,574
109156,599,489999,876
200565,5092,15093,52
200568,1100,1110,371
100734,500000,20000000,5
11387,29000,61391,14
195455,700,700,546
192940,15900,30000,46
19264,2510,3310,55
168788,390,400,44
152560,500,10000,1129
71806,19900,49900,400
160989,70,100,130
37663,41500,43976,994
40081,62,62,145
169300,600,600,121
163223,891,4499,598
11390,50002,500002,17
76567,100,200,26
31912,2221,2856,38
76548,899,899,18
76514,100,100,172
41466,1890,5945,6
76569,100,309,39
76695,1199,1500,108
19272,2999,8415,15
49100,500001,500001,76
112183,18904,19900,65
130245,77769,77774,69
192919,40999,61099,1487
191322,3785,11900,1041
192977,55,99,8468
39945,897,1400,24
58279,2520,2520,81
33451,40,43,311
12224,452,452,19
10592,510,610,221
123956,9800,13489,68
76571,4599,5599,14
52235,999,7276,41
5472,1,200,1346
180514,77777733,77777733,1
198619,16000,16088,21
198253,25000,26500076,5
34748,900,900,195
38266,4700099,4999999,4
173062,3130,21635,11
8392,2000000,2500000,16
133562,83,83,262
8391,300000,300000,20
192833,287,287,304
52093,298,900,96
172370,580,499834,212
17771,169999,169999,681
110625,490,490,31
172418,74,74,120
74713,105,335,1595
52082,2700,3200,24
193935,39488,50000,1397
128539,1128,1158,53
39004,101,9500,21
110639,1618,1620,23
38992,1400,1400,191
38860,97,400,105
38962,40,400,44
153441,174,175,105
39003,1538,1717,95
76663,199,199,10
110621,150,280,268
110633,197,199,56
74712,245,900,465
74705,1097,1946,20
44601,5,10,179
110626,240,241,64
38922,4800,7450,153
31885,291446,1222200,18
52784,6490,8445,34
110654,1503,1505,35
153442,4005,12012,34
168598,7899,8019,242
144307,1898,8791,91
38854,7600,7600,20
38882,3938,3941,19
74716,68,78,210
38967,179,483,131
153444,3062,14392,44
38991,1048,1202,126
110645,1338,1340,31
38961,89,210,37
44457,325,1256,73
128537,160,4280,61
27659,6103,6103,185
38987,1552,1553,25
38959,495,499,90
52127,199,199,48
180058,895,10099,1163
180057,899,1999,3585
27857,75,75,229
18237,1500,1698,115
31673,74,74,117
132185,700,750,10
31672,166,166,151
5478,1612,1612,125
42993,384,384,165
132186,390,400,21
29112,340001,340001,22
41338,299,299,115
19263,1015,4083,19
38813,2884,2885,17
49632,3300,3500,124
38926,6699,6699,40
54619,500071,500071,8
45056,10011,10011,144
38847,200,1316,69
44463,11011,11015,79
38859,624,626,25
44467,6039,6372,62
38973,1585,1585,360
74710,80,116,161
52749,3209,3479,25
52781,8498,11100,146
173168,281,284,5553
38966,261,261,32
44470,982,1253,36
153440,99,1223,711
38919,1075,1575,88
128541,7932,8004,27
38830,16,17,227
153439,15,120,304
153438,29,35,260
39002,295,626,70
44947,319,320,22
128550,89000,89000,64
112160,1550,1550,34
128561,991,991,416
52774,12253,12284,74
54620,500000,500000,11
38883,1592,7325,60
128549,98802,98802,46
38986,290,785,102
52687,334,3035,44
38975,100,111,42
38899,2882,2884,44
67323,10000,10000,8
38976,1086,1087,267
110647,1445,392074,101
128547,7496,7547,40
38989,273,273,101
38997,198,1292,43
44453,125,392,119
110646,1198,1199,35
81405,50,198,590
167862,1555,4095,540
23827,150025,150025,24
13933,119,119,115
200810,45081,71181,10
13929,2255,2255,160
28420,90,58299,249
36743,4059,4059,12
200838,3900,3900,124
38873,14400,14400,66
110617,332,332,124
153437,87,612,1027
38905,175,799,37
52773,874,874,28
110631,497,497,76
87647,153,157,85
74727,110,937,207
112115,797,1040,17
38953,100,4848,86
38984,519,1234,83
38867,14,14,133
166664,9700,9796,203
38920,3975,499999,11
38980,249,298,131
45628,50,50,53
112164,6200,6234,126
38981,2500,2800,72
52759,75,4535,324
38945,64,2127,56
110624,499,499,45
38816,81,270,55
52764,487,6856,198
39001,499,499,36
128540,102,120,60
38993,1110,10170,167
32193,2500,2500,833
63271,4075,4999,85
87579,230,10000,158
87530,12262,12323,76
36925,380,500,97
130174,160,247,2400
130175,174,295,465
130176,175,999900,2121
200012,176888,177500,432
168500,7299,8045,197
190533,54943,59010,1220
80592,25,25,605
61983,58,1258,286
52303,16865,24528,372
23077,100,190,251
81402,511,611,185
163908,10000,50000,3
4876,85,90,29
27860,50,128,129
192710,500000,500000,4
176854,50000,120000,15
71874,34000,34000,35
144306,2253,8433,60
71876,42706,47320,55
23333,49900,49900,59
4392,7657,7657,82
132239,350,400,16
71877,31162,31162,67
62414,280,400,53
107392,69,130,103
52206,17558,17558,61
71875,35700,35700,37
40166,5352,5352,108
40111,12097,12097,175
138975,4400,120000,35
52207,10595,16999,63
169451,1816,9913,2359
5134,100,100,36
101662,9500,41100,640
198247,763,1100,343
118901,49,70000,36
62340,40000,42500,26
163581,222242,222242,4
3168,500000,500000,33
1696,65,80,50
116406,51500,51500,86
185480,25000,50000,69
21590,80,223,38
89737,325,391,104
62772,14625,14625,44
200839,9397,9399,157
59229,500,13867,20
81916,488998,488998,10
76694,8200,8200,112
45202,200000,200000,12
166804,4000,9100,1118
32230,320,681,3238
172368,280,799,2953
194684,275,275,5272
201316,9900,11100,63
128554,2526,3147,255
4580,291,291,29
192689,449500,459900,10
6299,9,80,152
191507,13500,16855,250
20878,64,64,101
55981,2300,2375,46
191256,404,415,911
62435,99,999,122
133578,5085,51500,175
174383,500000,500000,5
54832,43,120000,20
199646,30000,30000,59
45907,75599,75599,22
45978,1960,8500000,128
32249,40,102,591
35315,37965,37965,40
38800,1074,1078,37
62662,50,999,791
32200,1287,14800,1276
118592,200000,500000,9
119095,7431,7582,13
133688,22,100,171
71845,23175,23175,17
174282,500000,500000,17
29449,35,39,167
29563,70000,70000,34
192721,4500,300000,10
168313,32,67,1935
52234,520,5763,27
192709,7700,123760,19
140302,10019,10019,30
38889,31548,31548,30
38893,7285,7287,50
71831,93926,93927,51
127737,3499800,3499800,1
155812,200,290,84
77544,885,885,60
38861,100,100,373
194123,169,180,518835
198278,6400,6449,74
155813,1163,15000,71
116407,35025,37525,127
39552,2000000,2000000,3
71861,15049,15049,17
17202,999,1708,56683
169145,350000,400000,209
174041,1583,20000000,189
193936,32494,33000,3798
200786,2983,2983,36
184390,269,306,17
12216,200,555,109
133567,200,200,438
192646,159,160,574
56150,68000,70000,17
163580,100047,348347,5
63347,5000000,20000000,3
176869,198,325,611
201204,500000,15500089,7
36784,13400,29900,457
128717,75089,75089,8
38923,250009,289712,68
194693,164,164,627
27500,200,200,58
62323,2273,2979,55
158201,3020,30223,1872
40094,19000,20000,12
18512,2000,2300,200
40009,20018,510009,2
139783,6930,7000,12
39907,100,100,74
3671,24,295,49
178221,6051,6051,119
20859,35,39,386
20860,32,100,1870
20865,32,35,542
40128,3997,3997,93
20874,65,70,49
132237,9595,9595,129
191385,699,700,801
71880,502602,515638,20
71882,349833,349838,43
71847,100701,101717,17
25463,174,50053,1370
30815,400000,400000,5
11940,2445,2445,46
158857,7399,70000,16
71858,16221,17075,7
173103,19999,19999,40
173099,10000,500000,67
13934,3430,3500,58
173102,18500,20000,34
173095,9349,9350,36
11942,899,900,10
43658,4000,70000,28
169149,200000,200000,37
3382,45,280,251
65505,300000,300000,3
188795,7763,7763,31
151388,100000,5700000,12
88156,34938,34938,26
29448,323,323,20
4557,12450,35099,53
5095,389,1389,85
133572,75,84,330
27635,20001,20001,44
204235,14,21,1502
111433,29,30,596
169675,179,499,948
11325,589,8900,92
62658,77,999,1205
42431,18,76,24
80590,22,22,1037
12238,68,68,140
115353,1428,1430,84
201469,65,100,655
173124,1100,2700000,299
6290,50,100,1109
6453,88,88,617
35954,170,360,148
22871,100,1363,1047
127843,3278,3278,12
63308,795,811,185
42432,21,45,913
27498,50,66,117
62659,279,279,199
74642,195,200,462
111438,259,260,525
13365,5001,500000,21
86074,790,8862,16
11939,100,100,40
133576,100,100,2380
173761,1105,1174,118
1017,500,500,9
37091,100,218,35
4378,200,200,50
17119,1,1,2210
178217,48,49,644
172069,38,74,640
140631,1000,1000,22
158381,40,190,728
4594,10,10,439
151722,700,893,173
87242,124,125,330
94535,500000,500000,1
13851,156,156,181
17404,100,100,34
134051,250000,250000,4
117568,100,100,63
24268,34,247,1957
6452,842,2500,368
87234,1049,1050,219
98116,46,46,169
196440,90,90,97
86057,36,36,74
27658,585,585,114
63530,180,180,130
29579,120000,120000,7
42428,316,317,35
37093,248,248,15
174284,500,500,44
44940,8,95,439
41509,99,99,124
115012,500,500000,13
130221,2250,4550,152
25454,60,64,84
44314,99,1202,155
140753,284904,284905,10
198197,40999,55555,869
105717,500,500,43
52223,8990,8990,22
193943,37769,42069,184
44780,2097,2097,23
52218,10403,10403,41
52164,4000,5000,10
192970,7042,8549,236
138488,1410,4500,5845
166240,120000,140000,105
52221,2396,2399,24
71857,18427,18427,19
191365,6050,6199,10036
71860,36983,36983,18
40124,18970,18971,96
6887,790,2500,1393
188790,1500,1500,10
183109,2000000,2000000,18
5525,7,2500,1858
37118,32,34,1021
183945,75000,500000,5
41379,3984,3994,29
10562,12,12,1596
12735,268,268,11
198502,9597,9597,266
62675,25,25,169
62268,28,28,53
117442,89,89,228
71822,40000,40000,23
191503,268,544,971
4544,19,19,409
133571,33,34,893
414,5,90,489
44481,45,45,234
75016,1100,7500,352
120150,100,100,1235
154881,24,30,930
2581,15,20,24394
4593,123,147,394
159920,200,225,127
4606,10,62,243
6890,500000,500000,2
3662,35,503,262
194683,223,250,4760
34752,140,140,306
173038,33,36,737
128837,75,75,27
24401,230,2500,12566
27666,123,260,80
111442,34,35,316
12213,200,200,241
138729,55,225,21882
27856,100,100,111
929,19,500,1353
33454,8,126,645
33449,25,64,248
183207,200000,200000,9
53050,22,22,23348
111439,114,114,91
147774,758,758,111
76089,410,1000,37671
180430,69,99,453
2290,131,132,42
41751,901,901,206
4791,114,132,100
172233,952,1000,652
173192,70,213,272
197770,32,100,17711
6451,88,504,1186
4541,44,44,298
62672,95,95,49
955,75,75,29
163076,125,5065,32
4599,88,199,260
74822,7,44,990
34125,15,20,62
133942,550,750,515
1710,10,100,752
13446,20,115,380
2894,5,5,517
197777,24,28,2997
32905,4,5,1798
32902,3,3,485
8953,41,41,209
77589,100,175,1111
29451,83,83,230
7676,500000,500000,22
6533,99,99,395
111674,70,1000,5856
4608,3,25,213
5500,800,9000,1244
185910,159500,159500,30
3181,201,201,198
34765,93,293,416
163643,900,1000,5
105711,5000,5000,50
76657,398,499,8
192693,100000,100088,12
19236,1089,2416,60
11414,2500,2500,14
136550,146893,500019,13
128737,50000,75000,18
76652,594,1412,4
151123,19600000,19600000,12
175052,800,1000,59
128988,124269,124272,26
171268,99,99,2163
4655,14045,19527,157
58489,3542,3542,1207
5634,2500,4054,325
22838,2995,5895,437
40078,50,518,239
22839,4489,4489,219
6370,1999,1999,231
58093,1990,2000,155
19974,5000,5000,23
112321,500,500,10406
11754,50,1000,18187
176882,3900,4900,21
152718,100,100,15
44781,30174,30174,36
3665,35,88,618
13444,15,23,285
82448,304,304,91
33445,6,44,360
74651,1475,1800,328
42996,400,400,10
27854,11,19,318
1180,96,96,40
27499,90,90,68
111446,19,118,38
42942,138,138,169
3728,15,3883,84
62673,165,165,121
34832,66,166,732
39520,175,400,860
62674,99,307,164
3770,3,31,291
29750,30096,30096,52
4365,20,54,463
13935,78,82,99
2070,100,199,1041
21552,10,10,232
81409,247,300,585
63122,133,148,1174
21217,28,30,516
172046,13,13,494
174352,1000,1000,27
35951,2412,2412,88
5342,500,573,96
6529,45,100,3399
34747,400,475,47
111444,220,221,278
111453,400,475,182
197780,243,265,24070
4457,97,97,96
4536,90,173,563
3385,45,99999,412
159792,173,899,24
58260,35,86,326
58265,22,33,145
3664,98,100,95
152557,1075,1098,327
111441,5949,5949,198
62652,300,405,1828
4358,2,3,678
82450,50,222,238
34761,600,600,65
27859,95,97,258
2593,5,300,508
4540,26,26,391
44953,1954,1954,15
173759,1756,500000,38
191509,105,175,225
41484,19988,118287,10
57065,12388443,12513579,4
200616,8092,66654,139
54634,300001,300001,4
44501,127700,127700,31
44500,172500,172500,12
44499,349900,449999,6
39983,949,949,66
40038,1499,2049,21
5125,199,800,8
40059,1789,1797,13
813,250000,300000,14
23116,200,500,51
180331,200000,200000,3
198303,590000,590000,32
79293,23599,24599,14
79296,35000,42900,9
79298,44500,45000,19
79295,49900,110527,18
79294,45064,199064,6
52231,667,6177,24
5329,99900,120000,14
162557,2499,2570,62
4588,1000000,1000000,1
200778,34900,40000,73
175241,60,79,299
172357,272,272,3749
200037,10000,13925,1834
3169,75,75,52
23987,70000,70000,40
34756,1200,1261,59
32203,750,15000,1194
4600,250000,280001,25
58261,19,19,99
19306,22,37,376
4602,500000,500000,4
128793,98,98,98
159875,1000,1000,42
32413,1700,2419,103
133561,200,200,765
118415,10262,10263,255
172068,20,20,413
8957,159,159,162
18662,2500,3300,103
171267,200,300,3702
42429,12,61,55
109220,99,258,374
3666,333317,500000,9
4601,131,131,232
30155,75,75,333
133565,63,65,329
117452,1222,1222,46
6149,40,500,313
4607,820,820,360
34758,1000,1000,12
81404,115,119,145
23381,10000,500000,4
4538,500,945,259
163075,900,943,62
43696,299,300,61
128838,2974,2974,38
159867,100,100,282
27660,90,98,358
40093,50,2500,223
4592,2,9,940
5206,1621,500000,29
172920,279,1980,599
115351,1461,1462,106
62676,84,84,658
4656,253,2679,92
81921,1209,28529,362
74654,95,198,302
43466,249,350,141
75037,369,5850,227
4366,3254,3254,85
16766,80,80,290
81924,54,54,399
109223,146,175,585
117439,169,180,170
22829,100,199,264
33236,45,115,78
171272,28,29,250
117,10,10,705
186975,75,75,70
82449,370,371,279
184201,400,400,36
81920,250,250,110
113912,125951,125951,2
19270,24900,30406,19
112288,937,937,20
200841,2502,15000,111
193956,52,53,1710
33452,6,15,325
192960,12000,13444,127
198534,4995,5495,21
3300,197,100087,370
158327,900,1550,50
76642,2286,2287,61
76634,2500,3000,13
192994,137785,137925,239
67281,10000,500000,36
52102,346,353,22
191388,2744,2744,121244
192865,3259,3496,5924
8948,50,58,168
8544,100,100,189
138285,4802,4802,72
24105,35,50,34
3927,25,87,4739
34760,9,10,157
111454,25,47,709
33234,65,65,34
33254,100,700,113
43491,300,999,279
74653,25,999,223
133574,160,164,130
58090,90,90,179
2682,19,19,74
2287,288,288,246
43465,256,379,41
27662,1313,1325,788
72985,500,500,39
43463,123,446,29
76094,23,103,481
109226,198,198,349
81408,255,264,61
204442,300,321,161
74644,3000,6500,132
12218,45,75,327
2454,80,250,674
17222,35,64,315
120293,180,319,120
173043,130,137,265
174350,205,205,737
111445,16,1850,504
4426,50,77,200
9144,322,3999,44464
57192,95,95,108
34762,73,96,412
2723,5,19,3700
111437,143,144,61
1181,100,399,20
18635,92,92,185
160554,859,860,82
142334,875,905,529
34722,44,2016,2793
163707,238,100000,85
5785,76,227,560
173760,96,96,352
198491,300,5000,1356
24072,64,64,140
76095,367,999,1355
86069,70,318,206
116979,1,1,10867
163103,200,12933,93
195543,95,131,140
128835,1082,1082,277
172413,24,99,1698
153708,900,2296,146
173100,2575,5075,39
191872,16134,24998,1378
192950,4597,5000,23
79238,50000,50099,4
19931,75010,75094,1319
76649,3974,4086,26
42970,195000,195000,5
42961,360002,360002,1
34411,2500,5500,101
41108,390002,390002,4
41490,3000,3000,11
50438,904825,904825,3
41601,200,132028,60
198210,19007,19007,73
38918,9661,9661,21
59491,206349,206349,13
13459,5585,117070,7
154989,5000,80088,258
192858,3398,3428,8100
120271,1102388,1102388,1
67404,1120,13900,242
176887,75000,500006,10
1082,199,277,59
43854,2834,2834,219
29739,890,3686,14065
174209,999999962,999999962,1
191341,3249,3697,71095
6522,1500,3333,24024
20845,86900,86900,36
192716,19900000,20000000,3
2459,349,1000,3894
200831,100000,120000,99
200770,34500,34900,36
8950,74,85,170
185477,200000,370000,22
72986,300,342,3365
33246,100,1600,67
27667,500,1000,158
163841,1995,22110,74
83095,221,221,1072
133570,359,360,302
13447,900,997,209
118,19,25,632
160518,471,480,37
178224,89,89,84
1251,40,40,1403
136557,76830,450018,41
18633,19800,19800,76
29450,798,500000,697
111450,22,23,675
87230,124,130,252
28100,25,76,280
27636,75,75,96
20074,875,900,93
174351,908,908,208
5477,10,27,329
171350,750,18406,499
81919,17,17,124
153597,6946,7500,1269
179285,75000,75000,29
5997,29,249,603
63275,19900,500000,68
154887,342,799,194
198492,474,1417,7798
83094,66,66,253
43695,2500,2500,5
11444,12,1073,68
6450,100,100,1508
4605,658,6839,356
197848,135,8000000,102
961,10,10,30
71851,73455,73455,44
194822,500,500,26855
159846,400,8905,94
178227,539,549,220
197850,294,294,252
132510,15,69,2978
171351,900,1500,196
194049,800,800,614
193893,900,9999,273
197853,320,320,394
111603,299,500000,1362
19183,50,99,2265
76075,298,1525,880
60378,385,2500,2595
37252,1757,1778,52
198194,3938,4850,9100
43464,1406,1420,128
151390,90000,90000,24
191471,3988,4184,57021
191470,3900,4209,25127
43012,446,2590,1070
130264,937,18800,230
130268,99900,99900,116
130265,50000,50003,83
25428,75,80,60
29576,20000,20000,7
175069,314,314,116
192952,33193,45099,2543
117437,255,255,59
185476,400,400,65
162674,999,5499,2
188836,220000,260000,14
200848,2200,2200,38
56197,173,173,9
33638,50000,50000,11
6712,1074,1574,104
118565,50000,60000,71
159825,800,10000,604
45879,18000,20022,9
45909,699907,699907,5
116392,99500,99500,91
194681,350,569,439
4582,285,9900,60
81203,500,500,188
22525,42,42,172
30820,398,398,9
57061,55,50000,38
20842,49900,49900,44
62276,10000,10158,6
39559,70000,70000,22
176868,50,500000,62
55975,25,25,41
139036,68,99900,211
56198,300,70000,28
7073,1000,1000,264
24403,100000,150000,25
17031,22000,24900,105
60392,400,576,171
1687,60970,71729,5
57059,100,100,29
5117,75,9900,31
5428,39000,39000,63
62328,6008,25000,396
25445,500000,500000,3
23939,400087,400088,39
25430,264,1364,198
168795,200,299,36
192617,64,64,387
25432,1400,1400,72
176876,169,169,42
173360,400,1850,659
2515,91,91,3629
147870,61,62,10
23988,4094,4094,53
1702,43,43,54
67507,1122,1122,16
3401,80,80,146
33632,53,53,64
60336,80,80,23
21592,100000,125000,14
29581,110000,120000,3
4585,430,430,39
56241,500000,500000,2
29580,4400,4400,28
6297,9900,10000,422
169135,100,100,309
11404,1312,9900,50
2516,400000,500000,337
23938,50000,70000,25
23355,500000,500000,2
58143,700,700,106
200099,2000,3000,2032
29567,1500,1500,23
168637,3800,45500,269
179288,30200000,30200000,1
25411,338,338,122
179276,1000019,1000019,2
62524,70000,120000,9
39525,500000,500000,2
5566,500000,500000,3
100735,500000,500000,3
130183,675,687,902
198550,2303,2350,914
120168,589,589,709
23841,500071,500071,5
153620,33044,1223900,12
153622,500,2505,18
201724,750042,750042,3
77273,5560847,5560847,4
130173,240,279,2232
162012,3995,3995,154
198212,9096,9096,723
193213,270,650,14536
140567,96863,96866,45
168822,2000,2450,51127
60576,33,422,531
192913,398,450,1087
158817,349800,349900,5
33854,25941379,25941379,2
41594,10000,14600,1560
105702,20000000,20000000,89
67280,2500,2500,15
192974,49,75,6423
192968,73,86,2900
40036,20,1995,203
176865,281,10081,174
176873,500,1000,12
8836,73999,73999,738
188672,5900,30000,77
24246,183,205,647
76572,3000,3000,10
174104,500000,500000,133
30813,430,430,57
183209,500000,500000,2
178131,1000000,1000000,7
179307,30000,30000,48
16023,15500,15500,93
4479,500000,500000,1
31883,700,6097,27
52112,300,300,16
85501,455,5215,63
52203,3559,3562,35
198192,3498,5849,1411
184393,1500,1800,17
23765,600000,600000,3
52157,43444,43444,7
52158,224941,224992,8
52100,1245,1245,26
118006,45,75,790
179273,5000,6500,36
155909,1000001,1000001,1
56054,300009,300009,2
200846,1000007,1000007,100
13458,5700,5700,132
136857,51660,51660,12
158756,7097,8097,3
176807,140,140,54
198311,2177,418488,296
176877,7495,7495,8
176392,115,190,84
68731,542,2442,76
178134,1000,120000,29
60491,1098,1398,26
179368,12500,95077,134
181388,5000,5000,16
92421,8425744,8425744,1
92055,5653940,5653940,1
76641,197,6200,18
183599,19696,19701,21
38954,390,831,128
52755,80,19900,20
5435,15000000,15000000,1
21557,55,99,837
29799,1569,3322,69
81201,1000,1299,589
142266,60,98,2676
60396,86,86,159
178149,99,3500000,331
22848,9642,9643,1183
45621,748,1911,120
76083,400,400,303
56047,2510,3510,81
194869,67045,35000000,31
81197,15,50,253
20763,84,84,29
30814,7071,500000,5
4361,99,700,157
6444,34,34,218
25429,500000,500000,2
67310,99500,99500,23
25435,350,350,135
67509,39,77,26
38791,98,891,9
39209,80,85,125
62522,50,90,40
192837,1175,1366,1809
188670,35,39,1068
191250,10900,11714,106
5829,100,579,214
169333,55,208,2373
161053,180,200,315
138875,37,40,207
107528,50,142,492
1697,100,100,63
130246,69400,69400,126
37452,500000,792550,2
151580,3999,10099,487
44778,500000,500000,1
93970,188,250000,13
191324,4550,4850,232
191495,19782,19782,10817
29559,5075,20075,160
66950,103869,103869,4
56203,150072,325036,6
25813,2000,10000,27
24507,49000,100000,31
30466,7225,7500,16
151393,13500,14000,13
192619,100,187,276
23353,46089,500000,159
3669,75,75,88
18222,67,500000,45
106824,247,247,15
25418,100,228,58
4555,19,19,169
54831,1120,1120,164
42930,20456,20456,35
45198,212,2112,69
45932,190,200,139
90058,100,100,18
17057,100,411,247
55978,100,20000,80
3931,195,300,76
136342,100,540,2784
25451,89,98,149
173362,569,599,23
9335,66,217,35
62526,70,75,13
176809,50,50,110
129158,84,198,1097
36933,348,348,98
155618,60,180,549
39569,4919,5045,34
200018,55000,57000,1408
24508,250,250,621
76562,700,700,205
17194,98,98,2820
40058,1146,1000000,18
79249,23,23,297
62271,33,66,120
76628,24790,24790,14
30812,356,356,197
179986,99,99,543
45196,100,77700,324
199204,100,100,200
36918,800,925,143
176872,146,500000,15
27676,500,700,148
194580,1155,1197,36
151386,9500,45000,7
7910,75,149,1916
154706,1901,1901,306
25868,119287,154993,19
25867,38644,99900,258
23571,87569,92569,619
9210,8115,11565,214
41334,7246,7246,57
19440,300,120000,17
41266,4599,4599,344
13461,700,2969,326
198199,15870,15871,2634
38842,90,163,13
52074,10000,30000,6
67405,500000,500000,3
81196,11,40,73
56158,45,70000,30
198198,19998,19998,124
22854,2424,28525,911
177028,244,244,49
67277,3000,4900,57
172146,420066,475033,6
198195,25000,28898,247
193410,214,215,40
179985,100,3057,26
168789,628,14478,6
67385,500,500000000,88
4581,2495,2529,46
44774,5018,500000,3
9334,205,205,38
54836,70000,70000,26
38786,323,689,41
158848,3000,10000,125
19276,1159080,1169080,10
40016,8510,8511,15
197766,1090,1290,30901
178787,11695,11695,631
74641,1093,1095,920
39905,375,800,18
128994,67708,67709,26
81195,15,25,97
158927,9000,15000,51
20812,45,45,32
136549,9575,9575,26
58280,300,2563,27
41437,3489,3489,17
76561,145,145,59
129001,25092,25092,36
52099,3904,3904,29
146406,254429,266249,5
151610,402331,406395,23
23094,2123,2123,22
39908,406,406,12
59227,100,198,86
52083,785,2323,14
195456,1702,1802,444
142264,796,796,341
168825,7600,10000,22819
112282,954,954,19
112298,19000,23300,16
44493,12571,18934,24
44280,66666,478059,7
112284,1554,1585,23
112292,900,975,21
100738,9800,9800,15
112275,1960,1960,64
112286,980,1337,122
202065,580,780,539
183738,100,144,1943
32717,111100,198088,37
61988,100000,250088,6
90551,3499,3700,22
4395,4107,4107,35
191320,27977,34282,2786
128999,180130,180130,26
52095,3349,3449,5
41397,2000,2499,25
168638,4100,45500,112
169456,2900,3511,703
23530,81017,105307,23
137558,1149,1149,72
9332,589,589,30
158759,18000,20000,15
24056,522,522,33
24036,1385,1385,25
52130,41983,41983,14
29412,1000,231092,10
41400,14998,14998,49
25899,127930,134664,18
38960,75,95,71
158819,200000,200000,8
191368,9500,9500,3612
4391,1099,1899,30
79285,249083,249083,15
83156,25,85,591
141213,5100,5100,6
200837,15998,15998,41
24521,499900,500000,21
186982,5000,13500,126
22831,4499,4499,701
2940,15058,21096,25
158801,20000,39000,6
39223,500000,500000,11
9333,1841,1841,42
163897,500033,500033,6
158818,80000,319900,7
163906,99833,99833,7
163914,1500068,2144568,8
81922,1829,1829,633
128553,19510,23679,793
180412,199000,199000,16
179993,77762,77762,58
21830,500000,500000,6
10922,4700000,4700000,1
179019,20000000,20000000,20
42410,690000,690000,1
153631,1991,1991,17
179267,318819,318819,20
153251,600000,3500000,24
178216,100000,3000000,38
178226,14500,15000,73
42473,1000000,1000000,16
38908,1059,1315,14
153510,9055,10050,914
178252,500019,500019,23
38785,14,14,71
38790,100,118,97
173092,7550,9950,45
29800,300,599,32
89328,50,50,414
62525,199500,200000,15
40139,24008,24009,43
4595,400,500,392
163151,2900,3000,48
188792,6000,6000,26
191950,4099,4099,1163
176858,5000,50000,17
158855,1500,10000,18
40182,7000,7000,32
40177,7002,7002,65
40169,15877,15877,47
40167,2800,2800,60
163153,20560,20560,40
163411,989,990,40
40143,33665,33665,71
163407,4500,5000,60
40127,3200,3200,39
187711,359430,359430,3
40125,2038,2038,62
40120,33300,33300,84
40116,9977,9977,37
40115,9890,9890,42
33042,3535,3535,1650
41398,30000,30000,18
41395,6697,6697,23
41380,5000,5999,38
41378,10000,10100,28
199987,2737,3537,435
40001,7318,7318,134
40000,1476,8515,16
168189,357,357,398
39998,1333,1775,40
40014,8499,8499,16
40013,2614,2614,22
40010,5095,5095,30
40088,2100,2100,34
40037,499,3740,30
40017,4000,4000,24
168793,25000,25018,10
40089,4997,4997,14
40105,5997,5997,12
40098,3158,3174,35
40106,3000,3000,14
158736,20000,500000,3
109147,499,4499,1236
40040,3482,3484,23
22375,979998,979998,92
132516,4499,5746,2189
40048,1958,15000,37
40055,5000,249800,19
40052,3400,15000,33
18234,904,30000,11
32758,30000,30000,19
13362,2033,265000,4
45999,20481,30000,18
5429,29100,30000,8
5113,576,576,228
193937,32796,33299,1836
194735,5995,5995,140
40152,29598,29598,54
40144,4867,4867,24
40129,11996,11996,44
9206,5445,5590,101
41376,23501,27001,14
41333,14800,15000,36
40164,19981,19981,33
40160,4500,4500,23
40155,9745,9745,62
40154,9558,9558,27
193246,3999,5998,2521
194689,183,187,858
27665,236,454,37
33866,1196,1196,236
27664,9809,10325,37
187348,250000,250000,19
38821,300,386,19
43850,3976,4397,2122
189152,10000,99600,721
173072,9375,9375,136
173080,4549,4550,50
191387,2909,3000,2392
192855,3399,3697,7042
33052,700,700,156
54747,1200,500000,14
23576,5969,5969,24
201419,3279,3279,579
133981,2501,2501,215
188671,242,300,148
38783,91,142,14
184690,15035,15037,114
158777,700014,700014,4
13363,275,275,13
82343,66,66,327
173762,3060,3060,30
168427,15000,15256,765
153478,7941,24750,237
41805,500,1300000,638
155910,861,931,816
25521,4993,50901,51
20813,100000,500000,20
126935,15000,16000,54
38769,50,50,59
12799,200,1890,20022
45738,11111102,11111102,1
38995,3499,4212,78
39351,300000,300000,4
68784,28829,29587,53
32836,9000,9000,11
58148,925,950,78
79306,700000,700000,8
52168,999,2500,15
158868,10082,10082,5
68785,5598,20261,16
55056,14533,15228,5
200567,4022,4022,1755
37160,950,175000,22
43418,555576,555576,5
104342,20000000,20000000,9
42907,500000,500000,9
40909,50076,70076,19
119097,369,460,20
132218,98941,100040,19
158796,34452,200000,3
163902,435677,500000,9
191362,12099,14400,6501
172147,500021,859071,2
200809,5500,9500,115
20513,299770,299800,17
109184,46,75,1431
23384,1832,500000,72
127761,280000,300000,10
168592,18122,18490,78
40091,1089,1089,7
22203,18747,49960,1029
128836,545,964,175
199939,179990,179990,77
16166,288,288,81
23947,10050,10050,12
32227,543,1298,731
38951,283,283,270
44758,500,800,125
38968,523,774,52
5082,50000,599900,114
24276,59997,59997,28
38906,3658,5852,10
21574,2500,2500,33
119022,4517,5882,99
38792,54,55,41
38940,22897,51151,34
41595,13392,22592,2059
23079,111,2500,1478
147669,2999,18969,33
43236,290000,290000,7
20963,2500,4000,110
43492,1374,1389,51
193237,14700,14722,2530
38872,14946,25671,41
141909,18850,19222,173
188827,20800,21429,48
188683,9800,9800,17
17307,372,416,79
77264,2000198,2000198,15
76534,100,100,10
201311,600,630,30
137643,800001,800001,3
130180,2000,3619,259
192964,29866,41569,2854
41396,3900,4498,15
44769,299900,300025,12
200040,13624,15760,666
16169,1645,1745,264
16170,2078,2078,199
28467,9999,11111,16
116149,500,999,2382
158765,1500069,1500069,5
38584,10085,74393,15
20770,24,94,28
11406,1010,50300,43
38260,2499,2499,73
38261,3900,3999,76
24282,7998,7999,14
59594,10000,67388,13
140296,500019,500019,15
132515,1098,1098,110
10646,760,760,28
170173,15000,65000,30
192691,2000,2000,10
188789,150032,150032,5
82344,111,608,196
76896,5544,5544,41
32851,72211,72211,17
186661,488898,488898,8
43355,33333302,33333302,1
43338,3333302,3333302,3
43335,444402,444402,1
68140,99,100,240
18283,189856,189856,3
36928,2900,9900,3054
34721,19,25,166
12217,3700,4931,221
23819,76656,78220,22
2519,33196,83357,311
128544,20825,28395,173
163896,500,500,11
159868,3150,70000,39
46849,30000,44545,1445
132524,90099,99999,19
178174,1000000,1000000,2
81175,2500,4499,18
199968,4499,4852,381
31868,398,1000000,81
12808,5900,8820,1073
31867,1542,1542,35
44573,90,149,552
194568,2019,2019,263
194071,4074,9900,205
182757,50000,250089,4
40067,200,200,119
38679,11,63,4553
38914,29,1351,254
37674,1500011,1500011,1
8152,820,844,85
4428,500,1000,68
92051,500001,500001,2
205238,1000001,1000001,1
12212,900,900,265
184682,1098,2000,362
13366,120000,310000,2
179296,2500,100000,13
33547,1095,1299,35
180338,130065,130065,5
178107,410000,410000,3
178126,300098,300098,2
198508,7029,7029,392
162550,500009,500009,10
18645,2675,2999,56
193556,5000,5000,212
23115,2000,3542,29
21845,20000,23480,816
81918,4000,19110,209
52194,8000,15000,584
36816,1500,1500,108
162569,3000,3000,38
193552,4750,5000,67
134053,998777,998777,4
178537,557,5057,28
76650,1899,2192,33
76654,447,269700,25
133568,1200,1200,258
134049,133224280,133224280,3
58275,413,413,61
20866,600,650000,143
36920,150,255,271
36929,201,1999,8073
138196,200036,3400036,10
183110,500000,500000,16
179297,98900,98999,7
76078,800,800,736
180343,999999965,999999965,5
180326,125000,125000,5
184342,4200040,4200040,10
17197,699,699,111
140668,4598,4798,32
58277,2361,2361,210
132240,45000,47500,36
180411,200041,200041,47
2512,400,400,2000
180353,300065,300065,3
119324,7422,7422,85
179289,500066,500066,4
185739,390090,3900090,11
179001,200033,200033,6
74725,1097,1450,1476
179292,1750099,1750099,4
191520,6798,5000000,249
180327,100065,100065,6
180341,300065,300065,4
192934,10000,16000,244
192951,12000,15000000,80
199190,19998,21099,30
192966,7900,16999,376
17020,2100,2100,373
41102,487500,487500,2
192910,1175,1194,147
20679,1084,1084,45
198043,18000,18000,11
192944,17000,17000,15
119213,1000076,1000076,1
200818,10000,12400,166
103797,2499,2499,74
69865,39999,40000,17
179023,9999999,9999999,3
41584,15097,17498,1756
162554,784,1512,356
35285,2575,24575,349
67401,60000,60000,11
182709,9500,25000,8
41164,31100,31200,1999
23120,886,886,70
20528,7402,76391,10
71825,99900,99900,47
169949,4500,4500,34
38558,1500,391422,2104
52020,30000,30000,999
201467,200021,449921,37
112182,3195,3195,611
128312,179900,179900,2
171278,8500,10211,2556
24519,500000,500000,28
59228,1100,70000,31
59595,1500,1500,34
128991,40000,45093,17
58092,845,855,128
108979,150,186,63
56200,25001,28001,14
192846,1150,1298,2021
22641,13710,25098,94
32231,300,669,646
128846,8124,8193,354
23117,90,99,169
162561,899998,899998,45
198313,150051,45000000,6
36817,1500,1500,15
39210,1168,1168,63
44776,100000,100000,11
140187,50,50,51
44208,200000,200000,13
61985,263,263,318
44206,200000,225000,14
60493,20000,25000,6
195463,149,168,889
198224,900,1000,113
18632,5001,5001,63
198223,1025,1425,175
41481,14917,14968,4
35758,480,480,1247
136653,192,192,45
98111,109,109,99
194761,3553,3553,654
200824,199901,227601,182
19227,240000,19730000,26
162011,299900,299900,14
173075,8688,8888,103
20846,250014,250014,39
63296,25001,25001,25
184346,132794,132794,22
4852,60000,280001,10
49908,875,17489,1699
198260,865,2565,875
537,1800,2400,11
186684,5000,7962,30
191321,1000,3560,856
31895,22222,10349950,12
3726,4949,9898,12
52214,21429,21429,54
92741,539900,600000,64
41163,10900,12500,236
189146,1300,5000,1247
189149,7290,19995,531
112273,10700,10700,33
187634,3697,9999,179
189148,700,5000,937
39527,50000,200000,15
120959,570,570,452
199058,42300,42400,67
141208,4400,4400,95
199953,515,561,179
13510,52500,63600,159
32849,120000,120000,1
152564,4955,4955,790
35128,150000,160000,233
200851,45000,49900,45
138977,5097,11221,117
113273,50000,99888,11
117415,124976,125101,16
179014,45000,50000,42
171196,501,504,415
109152,350,774,663
3826,900,1147,3710
23848,35,35,564
199972,60000,220027,119
76132,6450,35050,723
52192,4000,6099,760
198162,6200,6800,23780
132531,8900000,10000000,7
120269,47900,49849,6
198228,5000,9500,228
52193,3000,4920,328
52191,6500,7400,157
128560,845,845,127
38823,14074,4000000,148
20384,4151,20000,171
90557,2000002,40000002,3
187812,5572,8572,64
54623,20000,70000,33
192707,7000,7500,18
191510,2269,9837,236
10306,2086,15036,64
33548,9900000,9900000,3
112301,1189,9000,22
112290,1470,1921,23
45980,500000,500000,11
76522,200,200,18
76513,108,108,22
76624,5568,135650,8
4398,5900,6500,101
34839,1246024,1246024,1
194013,199092,219993,482
153646,2198,2200,81
52770,1450,7963,224
38776,39,39,17
82444,2960,47563,142
200615,700,1100,95
87577,200,10000,150
38777,11,12,127
24275,30025,30025,19
52762,498,499,65
38913,12093,13807,18
38869,23968,23968,9
192918,7486,8581,754
38834,5497,5498,36
38904,575,6282,32
200023,15089,17450,212
172363,575,585,2095
153476,128,137,212
11284,9701,9801,1976
128980,5549,41895,129
38932,1999,2302,30
200031,13390,15773,1688
198314,4098,6322,237
38925,24999,48497,91
44497,16752,18694,21
52753,500,1348,79
52766,20,9618,429
128546,6112,9275,47
52779,1773,1773,116
38898,1527,1527,17
46002,500000,500000,4
5871,500005,500005,2
38944,23927,23927,44
128545,7922,7924,21
76519,336,336,13
200039,13925,19900,1000
172362,183,99899,552
76505,152,154,146
126936,8046,9046,275
155907,560,560,77
181246,277,277,29
181247,300,300,34
198215,9896,9896,829
132219,50001,50001,14
25886,1903,2500,1151
159874,400,500,156
180882,1000000,1000000,2
74649,2075,2894,241
46023,12000000,17500000,10
108649,400000,772600,20
47831,32500,35049,52
54291,200000,200000,13
38875,1408,1410,161
38811,77,77,22
201320,799,899,79
44278,31040,32000,19
67337,20030,20030,6
198317,9970,9970,2075
37603,75,75,106
50816,19500,39198,93
74708,218,265,119
177962,174,174,62
38895,8412,8416,41
110618,950,1000,347
128558,576,999,376
112300,3300,3300,22
38910,416,978,741
38771,11,11,205
38802,12935,12939,67
201317,1575,1575,16
158826,1500070,1500070,1
172358,181,181,2776
191516,5800,5979,1546
71809,11000,11000,126
5432,45000,45000,1
23771,576,676,468
191525,10598,10843,141
39568,500,7750,14
191367,400,400,12422
10839,199900,349900,6
16748,1500001,1500001,1
112291,4500,5000,14
43330,300008,300008,3
173121,2543,5850,411
76661,795,795,17
76691,898,999,41
76640,948,950,21
128436,7995,11250,12
128983,2000,2000,18
29561,22000079,22000079,2
24066,674,12083,42
180310,1000028,1000028,4
194732,1176,1176,34
159900,100,338,47
161127,3269,3269,155
163054,37094,37163,163
163060,218,287,101
54628,50051,500000,12
87578,199,10000,153
192706,3342,3342,28
39932,1373,1373,176
52180,3497,4124,5821
76545,445,446,9
167861,2000,2000,1453
108439,3713,3800,1098
61992,49898,49898,12
192965,8170,8616,57
52297,7998,7998,12
3164,250000,250000,15
79284,250000,250000,6
200008,40000,50004,658
176864,1800,1800,14
7082,9777,9878,5689
158754,68500,70000,7
180329,50000,150000,4
43326,5000002,5000002,1
52129,199,5699,12
63127,1845,50000,634
52172,450,550,6
133566,297,300,249
117440,28925,28925,99
32720,23500,32967,1780
62010,199881,199999,13
57063,3762,3800,37
20535,7315,44400,7
37140,500,1000,78
76592,500,1000,19
58094,385,385,111
76573,17199,17199,5
76521,870,2138,15
79869,58995,59000,128
45979,14300,14382,8
52122,383,1032,12
46000,9905,10105,13
151651,75072,102672,14
184391,300,300,96
11382,85000,143909,2524
38938,400,432,235
39981,950,950,28
39966,489,9000000,62
71864,40693,40693,19
71835,36806,36806,25
71828,28461,28461,28
39942,1162,1163,92
112274,7119,8000,20
25896,67599,67599,9
41474,2556,2556,4
71839,59240,59240,27
198496,7594,7594,232
39909,1090,1090,20
41480,233820,233886,7
10546,2104,2104,15
201194,249900,249900,9
40212,800,1000,137
176860,63031,14900000,18
76734,250,50000,12327
4394,5000,5000,672
176867,200000,200000,18
71871,32348,32348,48
71878,22562,34562,32
23110,620,620,19
39948,238,238,8
71846,27058,27058,23
52217,2701,2801,13
176870,2509,2509,33
40057,2986,2986,8
71841,43163,43163,34
39956,296,4004,30
39939,5422,5422,9
39955,399,450,36
24510,423,462,10
71865,21561,22227,39
32067,300,1499,508
17402,5000,5000,133
182123,120098,120098,4
52208,7200,7200,31
162116,999999999,999999999,1
41470,9943,9943,11
25890,96425,96425,10
52228,2998,6177,12
71854,36153,37871,77
71832,80717,80717,33
180475,499999,499999,2
38949,15,15,45
128543,10294,10294,38
38820,4388,4388,43
118015,6885,6890,60
44466,3587,18437,133
200021,16969,16969,895
82445,4900,5000,86
87580,281,10000,144
177660,30,109,5101
172415,195,441,3609
153479,4952,4952,98
201314,585,717,102
173877,400,500,15
172359,330,349,2817
38819,463,1081,21
198310,1500,7486,253
172360,219,350,2336
44455,946,948,20
193563,7087,7587,447
17032,15000,19900,64
119098,612136,1224272,3
172411,86,207,1247
38845,31,31,90
40022,195,2871,43
200007,2200,4347,493
18251,28336,28336,11
52769,891,891,53
52160,69255,69255,5
39996,66594,66594,10
71843,56142,56142,66
23101,960,960,80
161314,3596,3597,19
177842,19257,19257,12
52104,198,198,59
52179,1036,4020,721
194789,28900,49999,986
6714,2800,2800,47
13468,95000,95000,2816
198241,4500,5500,115
140188,2248,2249,101
191260,2100,4195,308
193962,555,599,375
197795,5700,6500,3233
33081,4000,4500,48
36910,5499,9999,6516
192869,9900,16793,739
200781,6900,6900,141
178218,62792,62792,331
179269,500000,1696969,7
71869,29946,29946,34
62341,2000,2000,30
112181,9405,9405,53
69244,5102,500002,17
155810,1000076,1000076,3
76553,100,100,42
36805,500000,500000,2
33560,29175778,29175778,1
159786,4500,4600,53
197792,8800,8800,16391
19768,41000,41255,2760
113135,300051,95000000,6
27515,5000,19900,28
132235,1000075,1000075,2
200570,2821,2821,233
140269,1500,2384,34
191389,7795,8500,53891
79300,1195481,1195600,4
79288,20000,40000,6
15409,30000,64900,18
198620,1400,1550,1048
22642,500003,500003,32
34850,1297,1297,271
193940,35593,39000,1841
194825,350,350,880
43087,500000,500000,15
39919,500,600,17
52163,199,199,11
52222,9272,9273,30
194788,24500,99995,1494
52243,2297,294800,16
176393,50000,200022,3
112111,100001,100001,6
158788,500042,500042,1
172502,500028,500028,1
168019,500019,500019,1
151387,5500,252770,2
162122,500014,500014,1
20416,99900,99900,3
76665,675,697,53
201721,3200,3200,2092
44757,2176,2200,11
201725,3549,3549,3075
76700,3500,3555,232
191515,3571,4071,4305
5833,12245,12500,235
155814,100000,100000,55
136554,301622,301622,8
79303,1200000,1240000,5
162573,19900,19900,12
128764,800,800,23
194859,7339,7439,548
35565,448,450,1009
42434,1187,1187,123
62663,710,710,147
179272,1000018,1000018,21
201413,2945,2945,404
22682,7500000,15000055,152
199970,139860,139860,276
198498,1200,1551,33
128219,499999,552606,4
201321,44474,44474,11
112299,2599,2599,22
40211,750,980,203
128714,550077,550077,6
128715,110061,110061,4
11184,7043,7043,2592
128718,150050,150050,6
128731,50002,50002,11
128713,80076,80076,11
198403,399,399,2896
128734,26000,26000,7
38797,19,313,56
52178,1500,7638,1565
52182,1150,7525,2067
128738,90000,100000,14
201415,1667,1667,661
76546,593,593,37
12434,440000,450000,33
200855,9482,9482,40
71805,245000,300099,496
76639,769,769,29
52216,9989,9989,30
52084,1000,1020,27
13893,14100,14173,165
76636,125,100000,13
52108,506,4725,22
76566,444,445,21
23111,87,87,47
32194,1293,1293,1492
68358,4500,4500,6
52111,3725,3725,10
52227,7008,7018,8
71818,34545,34545,25
76535,519,99800,16
15997,42069,42069,3
40102,684,299800,27
71848,32473,32473,38
52233,6207,6613,4
71830,39099,39099,23
89675,107,150,91
76668,944,945,16
11186,3306,9999,1782
71870,81451,85738,78
3775,100,70000,29
136375,1000,1000,131
201820,61,130,580
170491,100001,100001,5
198436,1500,1500,1015
160560,300000,300000,6
192686,500000,500000,1
10514,824,825,613
192948,39995,51694,2676
44272,14104,14545,26
36923,250,555,1534
44285,33199,33200,13
40043,1000000,1000000,8
191521,4600,4888,1860
200803,50000,71150,10
198401,19013,19013,195
76597,25000,25000,7
76594,35000,35000,9
109153,765,474999,219
58091,265,800,156
9172,3879,4717,334
28101,200,1348,290
38917,7182,7184,26
58146,400,476,62
62657,100,200,51
4425,3268,18654,162
44262,299889,375443,26
11185,510,50010,929
39927,697,6525,27
52170,100,199,8
127720,5733188,5733188,1
32833,700,700,51
64394,57450,60000,415
194014,20000,30098,1491
10309,7326,7326,95
177843,15588,16882,133
198299,1980,2199,850
30511,150052,150052,4
194792,42529,99999,616
127738,77777777,77777777,1
138884,49900,49900,16
33185,5005,81687,25
38927,34903,34903,24
192992,95000,95000,168
199971,85085,88775,211
38837,2019,2120,542
41604,25000,29630,13
38888,3800,3800,53
200009,215000,215000,206
199965,500000,500000,12
38782,95,754,249
38804,185,250092,8
52225,899,7949,6
144305,2189,2897,74
38900,2383,2383,37
110656,879,1985,52
44458,45,1162,349
200015,25099,29099,86
172410,100,110,290
38936,44971,44973,20
38978,23985,23985,24
127844,200,200,296
71873,39981,39981,54
53039,11133,13804,2536
74729,298,668,30
199946,695,695,14
200014,99900,119999,175
200042,2500,2600,400
33555,10900000,10900000,2
38881,8715,31066,41
46026,47198,47198,14
193557,40000,40000,12
200017,160000,160000,474
200035,1500,1500,232
38865,3700,12198,9
38885,5000,52199,27
199938,796,796,3
128559,513,999,177
200033,9045,14945,886
38998,59946,59951,45
171286,969,969,2112
200032,14884,14885,508
198316,50050,50050,32
200030,6594,10000,2739
201319,33300,33300,261
199974,90000,473500,44
44936,90374,90374,9
132225,77929,475000,11
38831,2593,5495,37
41602,25000,25000,46
58089,1000,1000,45
35318,2514,2514,5
90556,15030,15030,7
192839,1126,1280,15720
15410,100,892,4166
81198,265,265,26
30507,7568902,7568902,2
162560,200,14982,54
192885,2189,2191,22456
200020,57500,57599,2623
111434,245,250,86
128498,33333,33333,197
198315,410000,410000,198
76530,150,150,32
40173,4800,4800,68
76504,100,150,34
52138,3199,3199,8
39954,1051,1106,35
41473,999800,999800,17
40051,20636,21723,23
76533,150,150,32
32212,4300,4300,430
41445,67297,67299,28
41476,500000,85214824,11
39979,237,238,59
41444,1897,2000,7
32225,851,2500,436
76551,125,150,83
41497,4990568,4990569,7
76531,150,150,31
39977,659,659,23
41377,8999,8999,35
76543,150,150,28
52245,2768,7214,68
41478,2687,2687,15
41499,6540,6884,14
52146,161976,161977,4
52137,298608,298608,10
41493,193035,203195,7
52103,4663,4663,15
41440,390,390,22
39952,123,123,13
52097,497,497,10
52132,277355,277355,12
160092,400,1375,337
52575,500,500,14
40150,6576,6576,54
119101,8391,29851,12
10840,14888800,14888800,3
11410,1500,1500,6
58866,500001,500001,1
83065,10000,10000,8
137556,2500,2500,22
192883,4499,7560,1294
166288,2333465,2333465,3
86070,6500,6500,134
108363,100000,100000,9
38886,24000,38686,23
38999,7450,7450,65
19234,6674,191920,12
128728,90000,90000,23
38812,44,814,88
86597,13701,81745,18
199937,1462,4050,235
185481,99900,178800,163
195459,600,665,566
46378,1500,3030,499
194823,1799,1799,25057
20882,61,390,74
20864,32,100,1568
46001,12106,12106,19
44331,400,998,118
176881,472362,472362,3
39551,25000,25000,27
38583,600,850,28
20848,2000,2000,60
20843,440000,440000,35
76895,3000,3802,22
191361,1086,1448,444
158936,33191,50091,9
56202,1000,2000,36
128721,90000,236930,7
128735,75000,100000,13
23330,3621001,3621001,1
128733,50000,50000,6
128742,70000,85000,17
18286,600,600,62
128739,90000,119999,12
128723,499499,499499,24
34843,500045,500045,1
35314,500000,500000,13
198047,5000,70000,84
198233,65196,65197,232
77540,865,865,34
112287,784,931,11
193244,12398,12900,5350
6947,1960,1960,11
178228,45600,45600,11
201219,10039,10039,29
193450,10000000,15000000,2
65512,99999998,99999998,3
193555,65039,65039,129
52293,9770,9770,22
24039,2100,1000000,45
172935,70,200,61834
200791,38900,39000,259
23766,152500,152500,3
39918,149,150,14
171269,199,300,128
201190,100091,100091,3
76550,122,122,177
184310,320000,320000,1
196585,4400,4400,365
71842,20000,149800,41
200944,886,987,103
41453,3000,3500,10
41489,24003,24004,9
191497,3398,3598,26917
20433,246813975,246813975,2
23055,9452690,19726345,2
62520,334,334,64
71840,38961,149800,61
76683,209,211,23
194817,250,526,1399
20861,32,35,549
52153,1890,1890,40
81205,100,110,3634
62521,25000,1631664,60
122346,266,267,70
177025,2500,3500,53
32209,360,360,442
35759,3798,15000,390
200052,520000,550000,70
118681,800,800,24
139375,5000,5000,7
200938,8082,8082,1686
198258,170000,179999,331
54834,500000,500000,26
44293,39591,41233,14
5506,10002,10002,11
7099,50000,50060,13
192938,44996,45097,2996
192922,36487,53587,1771
11418,1402,4202,15
3175,370000,370000,6
142117,199,370,4002
62391,20000000,20000000,10
188946,2500,2500,4
43086,70007,99907,129
69840,399929,399929,6
124661,5000,5000,136
192690,2300,2300,15
44291,14550,47500,14
44286,18000,18352,16
35707,599,15418,4
138987,3500,3500,8
57191,1500,2062,465
88157,149976,149976,18
128726,35098,45098,18
76632,5599,1000000,9
4389,470,897,215
108350,870078,870078,28
71868,92852,92852,119
159849,200,15000,54
76557,598,598,5
108364,10000,16612,119
6457,126424,126424,44
76532,502,503,19
76537,273,274,10
185968,250042,250042,8
76685,1299,1299,32
128990,37470,37470,30
76507,554,554,27
76659,725,725,26
193894,3000,9800,1088
62649,3532,3604,2193
194863,22500,25040,4438
194751,2564,2700,2023
63316,135000,135000,13
193378,13000,13500,613
173128,5168,5200,1563
193934,8200,8699,10069
193231,50000,99900,217
191496,4475,4998,1682
56237,9000000,10000000,7
10918,598,1119,97
192946,15000,23999,256
192927,9900,10000,45
198161,300,335,28607
63318,181909,181909,11
198312,219900,220000,305
179286,4523,4523,5
193224,3598,22898,23492
173173,800,15000,13836
192941,500,2680,497
192904,702,975000,184
192958,69999,75000,656
38698,200,200,19
194016,159995,189995,774
192932,36887,75087,209
37098,97,197,141
168636,3400,45136,241
194752,1935,1936,441
131746,325,350,127
192931,4999,10000,33
113275,19999,19999,14
45862,99200,99200,5
111457,550,555,239
62523,699,699,17
39671,1500,1500,99
20452,1995,5999,610
13506,5000,5000,74
88008,500000,500000,1
163134,500000,500000,7
120328,500000,500000,1
44958,1500,2820,703
42997,700,800,2298
163781,2999,5999,675
153192,1999,1999,374
62665,400,999,483
18945,1,2,4317
182707,25000,262500,8
198200,19969,19969,913
192936,10344,10344,40
192978,82,99,3945
179011,500000,500000,1
180334,500000,500000,1
192959,6930,17317,137
40391,500000,500000,1
192725,500000,500000,1
192902,6055,6055,654
192917,6228,12000,92
190531,12499,19501,9946
192929,2014,2714,501
194758,5660,5660,185
168639,741,15041,69
179294,50000,275000,2
192956,1499,2860,313
169139,37592,500000,14
128159,24046416,24046416,2
200817,2276,50000,64
5565,442400,442400,9
139398,1100000,1200000,30
179020,500027,500027,4
200844,80000,89000,57
31945,500000,500000,3
62671,1441,1515,1584
190235,490050,490050,58
62669,985,995,1141
194864,41999,52000,4241
192935,53700,53700,1025
156526,19099,19999,137
130182,900,1500,394
168188,4200,5301,833
192975,97,210,4650
173125,7900,990000,330
192954,17491,17491,318
163783,99,19237,110
127716,2499904,2499904,1
183597,43501,91501,24
153626,4850,4850,14
44144,823,866,14
44143,1598,2224,76
172500,199999,295000,3
40032,5000,5000,11
128989,109999,110000,5
172936,4500,750000,1091
192887,12200,17548,174
194862,31500,34299,331
38890,101750,101750,10
193379,13985,39985,2489
172042,392,600,689
44147,599,872,27
186981,4090,4990,116
43005,60,1631,199
160328,100046,683059,18
197852,2200,2200,326
186704,1500,2600,364
127764,192965,192968,6
194124,972,1150,136847
193222,2250,3700,900
79287,120490,120490,8
63304,145,244,162
52162,16210,16310,5
173067,860,868,146
87244,1500,1500,168
76609,34998,34998,5
187180,35000,50000,65
201045,1044,1045,561
194768,4300,4397,11348
192884,2720,2720,4306
8949,50,200,319
76627,450000,725000,10
44066,20099,20099,31
114004,8500,19000,11
76689,3000,99990,16
198220,3048,3048,3253
187594,500000,500000,2
198614,14300,17503,2923
132227,999984,5499984,2
40157,15000,15000,42
198282,4851,1100000,709
158466,700,777,23
52300,33547,34547,9
40141,24056,24056,36
28119,29900,29900,97
176885,100000,400000,7
21570,17190,17190,12
194573,1200,4999,212
128850,148771861,148771861,45
52339,5000001,5000001,2
35836,199859,199859,7
52239,5794,5794,28
61984,435,435,300
178518,1304344,1304344,1
71844,45686,45686,30
76518,200,200,41
23948,10050,10050,8
194685,223,223,2296
76645,3963,3963,14
76651,895,895,7
76643,99998,100000,9
76674,500,1000,7
76677,1900,3030,109
76679,159,1597,6
76684,1200,1200,14
76690,1597,1597,44
76681,2628,2628,24
76680,2499,2500,22
76697,2200,2222,232
3530,150,188,902
115352,93209,93209,65
82330,4599,5599,75
29535,202622,527426,3
76593,60076,60076,10
115355,2243,3512,179
133913,1500003,1500003,1
113278,100000,100000,10
4405,1199,1199,151
130203,47499,47499,45
18232,10666,10666,135
201697,2000,2000,2445
32468,464,464,364
18224,228,100000,682
118392,318843,500015,4
201417,500,500,466
38466,50,200000,58
198279,8300,8999,423
201180,159900,162000,23
140568,89994,89994,50
140300,10000,1279917,28
90659,500000,500000,5
194122,10001,10001,13
198281,3750,2500000,372
58865,385,241512,2
24272,38500,39134,791
24271,50390,74990,1955
5468,15000,29900,443
188682,388,388,48
45189,501,1201,21
187190,10000018,10000018,1
44770,20000,120000,24
9357,799973,799973,1
191351,145,254,272
29575,65100,65100,11
61995,55445,55538,23
61991,68800,68800,28
191513,11968,11968,2605
61993,99982,100000,15
77545,1877,1928,39
130250,6400,6400,199
163522,9005,15000,42
52292,42501,44501,14
76517,1262,1263,11
52205,5794,510164,62
40045,8375,8375,6
174322,12500,50000,10
39968,1289,1289,9
62003,47503,47503,9
122348,200,200,39
61996,181032,200000,4
61998,26481,75081,26
61999,25091,100000,34
176810,25000,25000,5
111458,844,845,2211
62000,99991,100000,7
62001,100000,100000,31
61997,35000,125000,7
15872,3702,12000,151
205239,72275,72280,5
127715,3499799,100000000,5
40023,5000,5000,15
44268,20000,45279,9
62017,100000,100000,18
62012,41695,43556,12
76549,555,980000,66
62014,100000,100000,14
163548,300,398,54
62015,119011,119011,12
23786,106500,115996,245
62008,99988,99988,15
62009,97500,97500,8
71826,150036,150036,41
6807,68,71,208
191512,3535,4598,887
127733,5999799,100000000,3
79305,80000,100000,20
28103,300,399,1563
23114,1799,1899,23
10307,5016,500000,19
44607,100000013,100000013,1
163913,20000000,20000000,2
163912,25000033,25000033,2
128017,4580037,4580037,9
63274,2500,4900,149
63272,6900,6900,62
5433,500003,500003,3
43340,9899902,9899902,1
198044,4000,4500,16
6304,653201,653201,1
130202,499999,499999,2
3389,7550,7550,265
52244,1699,7276,18
76891,5000,5000,23
40039,22245,22245,39
19235,2999,6014,14
29568,20000,70000,14
44165,4092,7292,22
15420,50000,87500,62
22866,8512,8512,1162
127845,505,1930,111
2591,250001,10125001,2
65501,2500008,2500008,1
65509,600002,600002,3
87248,5500,20298,60
62013,28971,29400,17
23099,326,590,7
39982,2395,2395,19
5637,699,1460,2358
113276,623867,4810422,2
162117,78456,78456,16
158203,1200,1600,50
39201,10002,10002,36
814,990,1000,289
116172,5916,25010,93
52226,2394,4764,28
179270,5019,500019,12
34860,500056,500056,2
147868,1900,20461,81
136596,115000,115000,46
42779,500,500,65
200057,46551,46551,301
76893,3993,3993,78
76693,1400,1400,41
115812,16667,39945,45
52296,14578,18578,39
183733,546233,546233,5
52295,15001,17501,26
76635,500,1000000,5
76614,5095,279500,7
75038,404,7000,159
115813,50070,50070,4
25425,7020,7020,30
193895,7800,8000,987
11395,20000000,20000000,2
29564,19999,20000,25
76512,285,1085,35
200835,1500,1500,92
159869,5000,9999900,13
39992,649,649,34
56055,10000013,10000013,4
31913,299975,399884,10
25895,132362,132362,13
25894,170726,170726,5
37156,2555,100000,213
174285,894,894,96
17030,300000,500000,8
62251,122594,125094,36
21177,6336,6336,121
17034,499969,499969,39
39683,11525,16606,404
39959,521,521,6
71829,36451,36451,24
19259,2999,11617,27
39975,467,467,8
25467,500,500,10
10505,330,330,5048
159898,3500,3500,43
163061,4450,4450,29
40119,3098,3098,65
44145,599,1038,40
20678,517,517,39
112302,4000,5600,12
39950,12019,12019,51
71853,24352,24352,31
18233,499,499,36
151721,200,200,276
204072,850,1461,46228
6826,2500,2500,19
80593,5358,5358,55
4784,200,399,339
197722,2498,2569,4050
71824,48769,48769,42
40090,2092,2092,19
76601,12404,145952,4
76623,25974,25975,5
39991,438,438,20
107640,20049,24500,152
39980,137,450,24
40086,9018,504509,2
76554,255,256,7
52114,103,403,11
31896,1200,20000000,68
52843,3000,35949,620
76633,38500,38500,6
159826,1686,11200,114
40133,25000,60000,56
13456,12500,19330,774
2457,502,1440,157
5633,7899,9000,324
40216,40043,40043,60
40214,24096,36230,31
22833,34983,34983,3392
23103,100,100,8
187802,100,200,3054
79290,200000,200000,3
79311,140050,145275,6
79301,42000,42000,11
40146,34219,40000,73
193019,500,820,116
54835,50000,70000,26
153619,19500,20000,17
76886,7497,15000,49
153606,22029,22029,23
175924,10280,10791,26
43145,20000,20000,62
44271,19600000,19600000,6
19774,7000000,7000000,26
162110,1000036,1000036,1
201192,1700,1700,19
107663,2900000,2900000,4
79314,17594,19995,10
112095,12265591,12265591,2
76547,340,340,13
52190,7500,20095,831
6455,10022,19223,42
200573,3500,3500,1147
20420,48218,48218,2
29570,39125,39125,18
68357,1589,4249,29
201165,500000,500000,3
2686,5,5,511
201182,189900,197500,17
201184,199983,238483,24
197721,3500,4115,1253
201193,500000,500000,12
201203,250000,2473536,14
201206,580978,580978,7
201216,52800,52800,33
19265,1999202,1999602,15
185482,50000,50000,27
185479,1184,175618,44
43361,46149756,46149756,5
42467,647794,863725,4
57058,307696,307696,6
90555,12549,12549,32
28470,11111,11111,35
52117,100,104,30
52220,3028,3030,181
128719,500051,500051,8
62664,245,245,843
77547,900,1919,34
79313,145000,675000,4
79310,38500,38500,11
115470,164248,164248,5
41375,2500,2525,45
41339,4950,5555,87
79304,70000,70000,8
79286,190000,199000,5
15871,199,390,245
79283,85500,90000,3
62019,212498,212508,2
201468,449800,449800,11
62002,1000000,1000000,3
39666,1850,1851,91
191326,5550,5000000,212
163222,146,4499,960
163192,1495,5000,62
163147,1000,1000,30
44755,3000,3000,13
60579,30099,50000,8
44273,61236,61243,9
163018,300,15000,50
32220,1805,1805,1684
9155,1808,5999,286
5631,1400,1400,434
44270,273563,273590,5
193020,1175,1279,455
52219,2650,3030,271
71866,49995,49996,30
109148,295,4499,362
13511,78800,79999,1588
128845,244,729,273
154123,800,2575,2321
44269,25000,32908,6
22827,7952,14500,214
38947,102356,102359,40
191340,2798,3199,3058
29560,550,550,11
4374,4300,4300,18
44260,100000,1000000,3
39915,750,750,78
11590,999,1000,47
31888,10820,10836,10
76544,620,620,10
199059,493,950031,239
136544,125050,500050,30
23946,500000,500000,20
44753,202500,202500,2
52177,1900,9005,2301
44146,599,2999,50
76093,184,184,403
187191,500000,500000,1
151444,9000,290000,4
36919,4400,4900,898
187211,500000,500000,1
112177,61326,83027,43
79297,228951,228951,2
68055,45000,47450,4
46361,900,900,18
191501,11999,11999,1621
163642,8097,8097,50
56036,310,310,61
41495,283721,641860,2
200798,7400,7500,57
44327,2256,2349,177
44292,509980,512007,6
56195,170008,376308,4
71820,99275,99275,42
198499,9500,9979,588
200826,1844,1844,80
52156,30078,515039,2
158856,352360,500000,4
112294,4500,25050,9
41307,3211,3212,59
200815,55030,59130,36
21569,29994,29994,1
40076,500,1800,196
33823,9000,5000000,195
193468,50098,50098,25
174349,55,102,71
6150,550000,550000,43
8393,24999900,24999999,14
17708,9944,9944,94
194794,10000,19999,1437
194790,53266,99999,991
74721,249,19895,192
34822,89135,500051,3
62527,1394,223300,15
4093,45011,45011,5
44287,800025,800026,3
163107,1519,1519,66
31918,44444,207490,18
19258,1900,1900,19
68771,500051,500051,1
105706,500020,500020,1
159879,2000,500000,12
9197,11500,11500,1005
138982,4000,4000,23
158380,2203,2297,649
85698,500076,500076,1
36797,500000,500000,1
101749,500000,500000,5
86026,900,1000,152
81204,1000,1000,75
4459,500000,500000,2
22374,490000,490000,23
104341,15000,15000,6
44750,499999,499999,4
158853,500017,500017,1
23107,100,303,541
200055,110013,110013,36
200451,10000,10000,6
52155,2400,51200,6
35557,6400,7500,169
119094,6694,6694,7
163919,533,533,2
4877,230066,230066,36
23952,500001,500001,1
42415,500002,500002,2
136551,12100,12100,15
163915,1260033,1260033,3
39936,4201469,4201469,1
163900,500000,500000,5
2324,1,75,513158
163901,2000033,2000033,4
201221,49596,49596,12
198494,117574,117574,1
201220,100000,100000,7
67319,7890,8944,70
67229,600,3900,240
142102,233347,233347,14
128993,23000,24999,10
128998,86194,86194,13
128992,117863,182323,3
129000,158627,158627,13
39974,19999999,19999999,5
128987,51030,51030,19
128985,4463,4463,11
163110,2500,2500,89
80313,20000000,20000000,3
157798,99941,99941,9
111665,25,40,3846
90552,50000,100000,5
20540,71270,75021,5
79291,29600,29600,6
32718,55549,75284,20
40085,385016,385016,4
184340,1122431,1122431,8
179275,50019,50019,21
82392,200,1200,313
58084,903,1999,837
52123,2690,2780,7
40026,3021,3021,11
76603,11724,1000000,4
28290,999999999,999999999,1
184341,339993,339994,6
198293,4490,1700000,497
21023,9954,9954,11
112155,72131,72131,14
41092,500076,500076,1
41106,500000,500000,1
162558,100000,500019,27
38269,500049,500049,1
57066,500,500,14
68047,27470,500000,22
40028,4865,4865,7
57068,100000,100000,1
6316,94231,94231,51
76584,322527,322527,4
200799,11500,11500,141
23100,299,500,157
13927,2822,2822,77
163132,2522,440895,138
52211,22063,22074,70
109120,15000,15000,28
52294,4875,1000000,57
52167,11498,11498,7
76890,6018,7525,43
191371,25000,25000,797
38946,170009,170009,52
39349,9999901,10000001,7
3727,10,10,81
19269,7316,13206,10
71862,27963,27963,18
81407,125,445,70
8172,900,1388,1178
76564,14269,14269,17
63313,14900,14900,24
62655,400,650,60
88154,19969,19969,23
88155,530,3930,101
71872,27074,27074,24
108327,337,1914,655
94645,39903,39903,40
63273,2900,2900,20
88158,39900,39900,17
34754,2277,2277,142
88162,89988,89988,3
88163,149976,149976,4
35501,52700,52700,14
184343,51980,51981,8
31862,999999999,999999999,3
23109,2880,2880,15
39350,280001,280001,2
184344,212036,212036,5
76523,19999999,19999999,3
62514,38645,400074,16
184345,5842001,5842001,5
32198,789,5000,1722
63024,30000,85000,133
184347,109329,109329,5
43546,99999902,99999902,1
24232,242814,242814,8
67444,100000,8260775,4
42998,767,65467,45
46391,10051,50051,12
43000,2225,3552,21
3179,29093,30096,9
76558,209,210,11
63307,314,314,565
87264,150066,159712,23
62668,799,799,106
136568,159900,159900,19
88164,99951,99951,3
5474,4900,5070,37
33459,43,45,166
42999,60394,61626,29
151392,20000,20000,5
5466,10,500,889
71827,29983,29983,29
34757,507,5707,42
71838,51126,51126,48
101745,57530,57530,20
25447,20081,20081,16
200792,14800,14800,46
201177,499912,499912,14
140321,5209413,5209413,2
43381,99999902,99999902,1
42994,941,90552,33
182459,2569,2569,21
132220,190,190,124
163651,9099,9099,16
24516,20000,20000,17
195466,1100,1100,384
128018,7154616,7154616,2
20498,180000,190000,11
76595,16994,16994,10
23826,19796,19796,25
200804,60000,60000,94
60390,20000000,20000000,5
10648,5000002,5000002,20
192632,1500,1605,163
69839,599900,5299950,2
117473,2100,103914,46
187911,3350,3500,42
20404,87,100,76300
131729,500,500,18797
163910,500099,500099,1
128840,1500,3900,103
71376,66665,66665,1
4583,99913,99913,3
57070,99901,99901,9
52098,1134,1134,7
9336,42000,60767,54
163138,2500,2500,12
22788,7265,7610,62
52145,2072374,2072374,1
11407,4000,9900,65
19933,9900,9900,33
22853,2385,2400,4708
22861,4375,5000,414
4552,500008,500008,1
25442,45000,50000,3
42777,500000,500004,2
191532,31860,31860,4
17403,20000000,20000000,11
128984,12615,30000,11
52249,9971,9971,36
3383,1400,1400,573
90558,199976,500000,5
159847,400,400,114
42778,500000,500000,1
5376,500000,100000000,3
112279,1319,1870,92
112289,800,1177,79
163140,9907,9907,104
19284,4895,7203,12
44330,610,610,55
27935,13500,13500,26
30457,1332,1656,9
63306,6577,6711,426
3372,533860,533860,5
79299,39500,39500,12
15992,70,80,3381
3828,4400,4400,289
136633,250,300,612
187829,37000,37000,48
41439,225,225,31
41441,1285,3100,16
41443,1635,1635,40
187831,47496,47496,188
191524,9300,20076,772
76648,303,958,8
203862,19089,19089,767
198549,3004,3065,269
200825,29000,29000,9
20532,7357,44444,6
177841,74830,74830,16
730,16999901,16999901,1
8067,500000,500000,3
127765,250000,950000,4
44155,20700,25000,29
194574,5019,6244,463
171195,25066,25066,479
133564,1311,1311,888
74645,1925,2331,215
10841,5981,6561,196
39920,2000000,2000000,1
74655,1975,2377,108
74652,2075,3516,93
43235,615712,615712,3
43231,400056,1190353,27
43233,340005,389104,21
192906,930,1599,331
28061,500000,500000,199
2296,246805,246805,5
163641,5000000,5000000,2
59493,10000,999800,23
40100,499,3049,12
113290,5000,5000,150
41456,899,10000,8
128833,1019,1019,7
119100,120018,174418,3
19274,4303,4304,14
42433,6000,6000,121
24273,50000,88853,41
21929,125,399,382
10560,900,900,501
169946,20000000,20000000,1
141215,2000,20000000,26
38428,50001,50001,26
38431,203473,203473,26
162565,70000,500000,138
58276,1291070,1291070,6
128763,10039,46339,70
201428,18125,18545,399
192901,900,1000,49
192907,1550,1550,415
63388,17522,17522,87
39549,355500,355500,5
40149,15087,15088,39
40011,1194,1195,7
39997,8599,8599,35
40135,25098,25098,43
41285,23498,23498,6
39949,288,449,65
60838,1068,1500,52294
76671,13251,186810,9
180330,370065,370065,1
183208,500000,500000,1
180348,1100000,1100000,2
182763,100075,100075,1
40202,500000,500000,101
38518,50494,50494,40
76574,550066,550066,5
76612,9989,9989,12
76615,955793,955793,5
76622,24998,24998,8
76610,19995,19995,28
76617,35071,35071,5
76608,34999,34999,5
76596,29890,29890,5
76613,9999,9999,6
76607,260000,260000,5
129287,8027,8027,111
178137,7500000,13750000,2
59478,12000,12000,21
200812,9044,500044,12
130219,1800,3214,32
38429,500000,500000,30
49300,1100061,1112661,2
22797,599997,599998,38
41368,1000000,5000000,3
153568,20000,20000,10
153566,30000,30000,12
28468,30000,30000,26
28463,125000,360000,6
200029,93380,315803,971
76581,99909,158909,9
45883,19999,60000,4
52248,5061,5072,18
158866,1000,1000,29
168956,15200,15298,70
24281,52802,500005,8
204237,171,400,678
19275,5500,5776,10
62677,490,490,65
38871,95593,97887,93
198506,50000,50000,5
202290,800,890,467
105724,500,500,26
17036,3684618,3684618,4
162555,100000,100000,5
18287,5225,5500,31
32453,5000,5000,20
11018,70099,75047,18
90553,40001,40001,22
168501,11012,11912,68
52238,3389,3389,20
128849,5063,11063,85
27442,250000,250000,4
173104,8000,500000,20
19975,259599,259599,10
3391,1999,1999,852
112293,1000,1000,25
23441,937,2018,2096
201188,18764226,18764226,1
201191,876488,876488,4
184394,700016,700016,3
39916,538082,538082,1
6041,45082,45082,12
113277,297076,299076,3
194575,5700,5945,8134
194870,1000000,1000000,8
192684,300012,300012,1
32686,211483,211483,48
52215,5394,5394,38
180059,7399,7399,7
39900,734,734,48
31917,200057,214805,11
144408,5513,5513,6
59477,47500,50063,20
138983,100000,100000,5
161346,10000,10000,36
52139,3333,3333,7
5363,2829643,2829643,5
18300,1718868,1718868,11
32596,120063,120063,7
52149,121029,122373,3
190236,169668,169668,4
29574,3639307,3639307,8
18594,7100,7100,86
130177,277,277,1697
23922,259567,259567,3
151720,8000,12500,101
29573,9046750,9046750,11
30509,1271539,1271539,3
41475,50003,64003,13
200797,89820,90020,60
76586,30000,30000,7
200823,45057,50057,92
76598,9000,650000,7
36930,5000,15000,1375
108391,18500,18500,19
3670,1500,300001,424
71834,20037,20037,13
9088,9999,9999,124
118704,499,1411,563
163157,4000,4000,50
76605,90706,90707,11
52210,3087,5763,28
42411,309999,309999,6
67289,1950,1950,118
40072,1248,1976,35
20419,246193,246193,1
191369,1030,1050,447
143853,566521,566521,12
104196,1013407,1013407,1
33093,5700,5700,67
38851,59203,101673,41
71855,29150,34470,72
194829,2399,2450,6424
32206,2115,5000,1356
144397,2899999,2899999,15
144396,12576304,12576304,1
32226,989,5000,1012
32211,751,15051,885
173079,5000,750000,67
127714,120000,120000,14
173085,11611,500000,40
178543,1672659,1672659,5
180055,250,999,414
64396,15019,22103,19
86574,178900,178900,10
105723,500,500,46
111675,100,100,2109
54624,338791,338791,9
39965,446,500223,2
56201,2504,2504,17
56968,100050,100050,10
192898,1800,2399,278
76620,50000,50000,7
76887,9799,9799,43
179291,70000,90000,3
136555,34500,267250,4
27443,500000,500000,3
23385,500000,500000,4
55976,100000,100000,11
40118,4900,15000,89
40041,4043,4043,26
40025,10000,10000,6
112283,2446,56840,6
40163,19990,19990,19
40145,23345,23345,15
41401,28089,28589,11
44754,200000,200000,3
197851,500,500,275
116147,999,999,2110
11385,80000,90000,27
52232,2528,2528,31
127732,999999999,999999999,2
9399,10001,10001,1
43341,10000000,10000000,2
32728,30000,30000,16
69841,762592,762592,3
104348,1000,500000,16
159871,9999900,9999900,5
76580,6500,6500,5
28461,30000,50000,3
198440,30000,30000,3
28458,2000,2000,6
43647,1501,1501,41
188684,45383,45383,35
76556,2682,2682,16
159876,4000,70000,29
37143,2050,5500,36
21030,7507,7507,40
21546,3999,3999,3780
71823,34500,34500,16
18225,200047,500000,15
23105,282,927,7
52116,596,596,6
25446,10013,10013,3
62451,500000,500000,1
57099,2560,2560,46
42408,50000002,50000002,1
128851,1000,1000,58
169115,100003,100003,14
141209,10000,10000,8
169117,1110408,1110408,27
169120,66666678,66666678,7
169118,19900,23067,10
169119,20000000,20000000,9
169116,4664978,4664978,5
76667,4744,289100,29
20876,200,2391,279
153512,2400,9996,90
41586,24692,820887,9824
171203,380000,19500000,27
183205,100065,100065,7
201046,3601,3601,1259
24027,5800,5800,42
52247,5006,5006,22
52204,10097,13654,66
20432,650628961,650628961,1
136575,500000,500000,2
43574,500093,500093,7
180347,100065,300065,2
113909,499999,500000,7
57060,500000,500000,13
138972,3519,3519,5
54625,100,500000,16
8924,20000001,26666651,2
6950,10000001,10000001,1
158830,45095,400047,4
168806,390,70000,29
5173,20000001,26666651,2
182708,500000,500000,1
163640,500000,500000,1
172145,500000,500000,1
184283,500000,500000,1
36781,3452,4900,180
179016,444429,444429,20
179022,500019,500019,20
20514,11300038,11300038,1
39933,100,10000,10
39940,200,200,5
176884,500000,500000,1
44617,20,202,44
66946,1324376,1324376,2
17405,500000,500000,1
69772,70000,70000,31
39935,300,417,5
173098,7575,175000,8
173048,45000,50000,1483
192695,100000,100000,10
35503,196309,196309,5
5524,495,500,213
76560,750,750,48
128729,42499,42500,6
162574,6814433,20000013,4
54627,95000,95000,21
38581,500000,500000,1
54632,5977134,5977134,2
45981,300000,500000,8
194690,2300,2488,59
59489,15000,999800,38
187823,43000,43000,133
182714,2500,30000,8
71837,83854,83854,22
41488,1238,1238,11
24035,4900,5000,17
52141,1000000,1000000,4
41446,1500,2000,13
52124,8806,8806,4
140298,4900,500000,30
130179,2100,3500,206
192552,2496,2498,550
22572,4700,9000,2604
187825,19599,500000,71
40179,25000,294800,29
63299,99900,99900,6
191348,2200,50057,448
24478,125,5000,2145
32229,40,2500,19165
171348,100085,100085,2
52212,12500,12500,31
52230,8503,9513,49
194820,1799,5099,54820
197785,135,899,14292
178130,500000,500000,2
10586,12057,124026,30
34841,1957070,1957070,3
144398,143577056,143577056,5
107461,293,200000,20
56052,500000,500000,1
52105,12052,970000,49
52151,5095,5095,8
176875,75000,500000,4
127731,4495200,4495200,4
93706,1245,1245,24
52240,6999,6999,68
23944,150505001,150505001,2
52237,1000000,1000000,4
68741,9494,9494,19
52250,1000000,1000000,25
163156,99936,99936,28
163399,12500,12500,20
163395,200,200,47
52229,6625,6625,21
32599,127521,20513760,10
10308,4018,500000,76
9260,485,530,520
172903,200,200,159
191508,3111,3111,10
178539,500000,500000,21
40087,1134,461151,56
68687,445,445,176
169446,35000,35000,16
13755,7500,7500,375
44274,10000000,20000000,10
44275,149144,149144,6
200107,87500,100000,3
12215,1100,1100,270
138974,20000019,20000019,1
197783,298,298,17295
44332,9000,9000,27
39691,666,666,85
12643,150000,150000,11
163137,747,747,16
76525,449,449,3
179013,500000,500000,1
4481,46737,773368,2
31887,5000,5000,12
44207,5000038,5000038,3
133940,300,345,2766
192899,2799,4496,716
4367,1650,1650,119
62667,296,296,4
194821,200,300,1198
191336,4900,500000,266
15993,800,800,135
128761,10000,10000,67
200059,1159219,1159219,2
204312,120000,120000,44
194797,19900,42931,1001
3713,3000002,3000002,5
2692,5000002,5000002,5
194798,10000,10176,775
194796,10031,14873,839
187827,48698,48698,11
71863,20000,10375000,20
16005,26518,26518,12
16040,49956,49957,43
41461,206,500103,2
180991,1000081,1000081,2
18294,12700,12700,65
180992,500066,500066,1
52136,2000000,2000000,1
52159,128,128,1
53051,3145,3145,88
200634,55568,66668,103
140204,999999999,999999999,4
128847,4397,4397,396
52109,6122,6122,17
41436,130854,279500,11
152867,444940,444940,1
31869,350,499,11
57062,20000000,20000000,1
4278,12500,15599,175
130247,79899,79900,55
81917,13263,13263,166
176879,500000,2652989,4
182797,25000,25000,5
90548,407314,407314,1
128158,750000,750000,1
182756,7003589,7003589,1
4623,9798,9799,9
63396,4889,4904,50
197857,999,999,310
128844,1954,1954,32
71859,29524,34470,36
71817,39785,39785,9
62237,69998,4206969,791
128013,524187,524187,2
9315,2847,9690,24
92057,583097,583097,1
42955,1000076,1000076,2
193946,59900,75500,510
40360,200000,200000,12
169956,3500,500000,24
180881,50033,50033,13
180884,400032,400032,1
180885,200066,200066,1
179283,2197884,2197884,2
5205,300022,300022,5
183204,50000,50000,3
25548,2500001,2500001,1
24539,100001,100001,4
178123,250000,250000,2
4422,23270,23270,12
101747,440121,440121,1
173051,5060,20560,20
18288,100089,100089,26
80433,1100,1900000,689
30513,500000,500000,1
32409,160404,167373,14
191505,500000,500000,6
116170,1495,1495,74
42545,40000,40000,49
5133,200,200,26
1478,2556,2556,3
112179,9800000,9800000,77
11389,500000,500000,1
44766,1000000,1000000,1
52174,211119,211119,3
22828,9595,9595,42
178247,25000,25000,71
112276,25000,45000,14
52176,4500,5673,5
3388,7599,10000,282
200053,55524,150024,110
191511,1052,5292,227
182715,600,70000,19
198294,4339,4339,47
119099,289545,579090,5
19938,1500000,1500000,1
180317,2495,35000,487
176088,1000000,1000000,2
72095,5910,10000,8028
24406,500000,500000,4
52142,1000,500500,4
201698,4600,4600,1928
163058,50000,50000,14
52106,5000,5000,5
24404,50008,500008,5
41482,1290,1290,21
196584,7519,7519,207
32222,915,915,44
194688,300,300,282
35760,881,881,49
62680,496,498,2095
205244,500001,62750001,2
134054,412333,412333,2
108351,55000,55000,25
19273,2000000,5000000,3
52299,13040,14540,18
40095,1824,1824,22
41434,1000000,2169703,3
52148,153408,153408,4
39934,2001,3967,4
28459,500000,500000,4
39917,321,195904,19
76583,550065,550065,3
71833,59978,59978,29
19441,8999,10000,5571
76599,100000,1000000,6
52135,12000,664578,3
52298,9890,9890,5
52175,8000,504000,2
41485,1000000,1000000,4
76630,49994,49995,9
76604,100000,100000,5
153567,210600000,210600000,2
4872,21060000,21060000,5
163782,3500,7500000,145
191335,37950,44598,2960
52302,9490,9490,6
34220,1000000,1000000,2
52120,730000,865000,2
28464,500000,500000,4
76621,1000000,1000000,6
39937,696969,696969,3
23329,259242,259501,10
54633,250000,250000,6
41432,772,772,18
59232,18000000,36050000,2
52161,2575,2575,9
40003,1734,5534,9
45882,270421,270421,4
41460,1000000,1000000,1
76600,35097,35097,6
40053,150000,150000,5
144283,514559,514559,1
52119,1000000,1000000,1
2725,240000,240000,2
39964,1000000,1000000,1
44088,226000,226000,23
89676,7000,20000000,3
41451,1000000,1000000,1
52241,6496,6496,11
3340,119878,119878,28
140272,89969,89969,39
140273,400,500,59
52134,482126,482126,1
39984,1000000,1000000,1
44084,1000000,1000000,1
68660,500000,706770,3
41483,232,500116,2
52110,5579,5625,5
40029,800000,900000,2
108361,13004,13004,89
39958,820,500410,2
24059,15000,332500,4
44087,226000,226000,5
76588,799900,899950,4
76578,75000,1000000,5
2091,100000000,100000000,10
52169,60000,530000,2
45881,136758,568379,2
105719,500,1000000,26
41479,1000000,1000000,1
93707,65429,65429,5
89679,36573,36573,4
105721,1000,1000,5
44078,400000,400000,5
41502,1000000,1000000,1
39961,1000000,1000000,1
105722,500,500,7
52088,2314,2314,20
52209,32110,1000000,16
138294,9908,150008,5
64397,500000,2500000,1576
39960,1000000,1000000,1
5480,18627,18627,10
19230,1910,1910,22
128014,50000004,50000004,1
32727,800313,800313,1
163700,14000,22245,19
42455,50000090,50000090,1
77532,840,1250,570
139318,23412301,23412301,5
191519,6900,7000,4291
44156,599,100010,32
200871,12500000,12500000,40
194680,75000,75000,397
24243,1021,1021,492
140275,4498,4498,100
128848,3362,4162,46
175056,376,376,6
133980,5101,5101,50
138973,4500,4500,10
109221,1076,1076,56
140266,37558,37558,60
140265,35811,35811,15
128853,1620,1653,125
38430,41221,41221,20
43652,1685,1685,12
33462,78,80,45
161126,2000,2000,280
136376,1504410,1504410,2
167739,3500,3500,20
193554,125098,125098,13
194569,2399,2496,1389
19767,46999,47397,1321
43480,50000,50000,68
28053,10000,10000,3610
10450,500000,500000,40
21716,22800,22800,11
39356,15000000,15000000,1
109218,447,862,313
138986,4000,4000,11
200580,3600,3600,228
4875,100,100,12
39911,341211,341211,5
127712,1021515,1021515,2
160942,5250141,5250141,1
190880,1600,1700,331
105705,20000000,20000000,20
153134,10000,10000,3
153133,10000000,10000000,2
184049,5500005,6500355,2
194570,1500,2500,102
112295,3459,41500,6
112285,50000,50051,17
198268,8998,8999,477
63025,50065,500065,22
90457,21800077,21800077,2
187648,5010,5010,1198
158811,400000,500000,6
190881,1029,1029,39
192665,178581,178581,1
163150,4500,4500,209
163558,10000000,10000000,1
31893,1291,90075,9
160579,10001,10001,2
20004,10000,10000,373
2460,4998,4998,2336
153623,36654,36654,2
3745,25069,25069,1
104343,2500,2500,40
142262,500000,500000,24
141207,5099,5099,30
61982,99,99,3172
162010,5000000,5000000,1
163050,3919,3919,60
162575,96900,100000,21
163051,1019,500019,53
32470,1000,1000,93
117474,500019,500019,22
44157,999,3510,35
43367,4000076,4000076,1
2735,150006,150006,2
129002,100034,6312703,4
20863,35,50,645
172501,20000,20000,1
11384,500000,500000,11
19282,2100,40000000,31
4556,115701,115701,18
20676,1471,1471,37
20677,1499,1499,60
104344,1020,1020,12
187836,24897,24897,2
198165,10076,10076,190
163100,4200,4200,30
198292,10038,10038,32
19726,7750000,7750000,7
200807,7636,7636,3
105720,500000,500000,1
44749,507,507,15
159897,4500,4500,20
33092,8007,8007,6
115512,500004,4615004,2
89329,231,231,15
178541,1798658,1798658,10
178223,4004343,4004343,22
178549,5196500,5196500,1
165733,52629,52629,88
8394,10319024,10319024,26
81889,8553,8553,60
178220,99972,99972,5
1081,50533228,50533228,5
182713,500,500,12
8483,587988,587988,5
37147,10002,10002,7
182710,125000,125000,3
132207,106432104,106432104,1
128996,500073,500073,1
162570,100019,100019,36
2665,1,5,2143
163136,300158,300158,1
162551,491140,491140,4
162552,5925455,5925455,1
161153,27501,27501,9
104339,1100020,1100020,1
92431,184024,184024,1
163094,1000013,1000013,2
32773,8478633,8478633,1
20857,500037,500037,4
136565,35460603,35460603,1
136552,33385629,33385629,3
79292,287740,287740,7
13364,120577,120577,1
62275,132,132,65
12430,564036,564036,1
178535,500000,500000,2
65892,480000,480000,16
23782,9921,35521,275
76577,650066,650066,2
76582,650066,650066,2
161348,50000,50000,18
61979,1100,1176,8777
162563,500000,500000,5
162568,2500000,2500000,2
162582,50002,50002,5
163057,750000,750000,1
163117,375000,375000,22
163118,100050,100050,5
30355,250000,250000,5
60224,3572,12272,4304
200574,2000,2000,182
90043,259960,285762,7
3033,2262,2262,3491
10548,15038,15038,51
115464,234505,234505,3
20543,285000,285000,1
20544,156371,156371,3
37602,304770,304770,12
200805,500000,500065,17
52154,40819806,40819806,1
9358,7500000,7500000,3
147775,60001,60001,19
141212,10000,10000,5
42964,2000000,2000000,1
42912,1234500,1234500,6
42735,500000,500000,5
42741,358780884,358780884,5
13460,529589,565697,2
179017,685363,685363,1
42738,500076,500076,6
33803,50000,50000,1
28056,50000,50000,1
67511,12499000,14999900,3
34825,493096,493096,1
193469,2277691,2277691,9
162572,5500013,5500013,1
12436,10000001,10000001,1
20526,9508,9508,4
19231,2399,2967,5
198230,7500,9000,36
113274,60005,60005,3
159873,2000,2000,15
58278,1995,1995,50
204311,4800,4900,32
194799,49900,99999,670
163104,39730403,39730403,4
162567,100000,100000,5
5066,1000001,1000001,8
52021,100000,100000,10
130204,291242,291242,11
130200,175977,175977,14
6986,120000,439347,25
159878,4019,4019,45
3776,4206969,4206969,61
128995,35125,35125,1
9356,4110041,4110041,4
160330,1999900,10000000,32
194725,5999,5999,62
34769,1200,1200,30
191514,10076,10076,1
179310,500022,500022,10
158850,2113,2113,3
194011,92551,92551,6
3825,5999,5999,22
184392,150064,150064,3
163053,5899919,5899919,8
39906,696969,696969,2
41450,696969,696969,1
200849,250032,14200032,15
37159,10000002,205000002,2
24405,200024,200024,3
187197,71931736,71931736,1
27656,25003,25003,20
137644,330793243,330793243,1
198280,4999,4999,98
117472,31356,31356,18
178122,25000,25000,1
60743,10900000,10900000,1
16583,4950038,4975038,2
5140,4500001,4500001,1
19261,10088,10088,2
35794,10007,10007,79
201163,20000,20000,1
4880,435695,435695,1
34768,77708,99908,29
44768,53573,53573,16
177840,20099,20099,1
20418,300000,300000,1
25723,499951,499951,11
179290,500000,500000,2
33556,500000,500000,2
46390,52631600,52631600,5
23949,10051,10051,7
29454,3598,3598,1
49602,5,5,41
141641,7020,7020,1
25436,14100000,14100000,1
45776,50033355,50033355,1
32948,725000,725000,2
32600,120035,120035,5
62016,90000,90000,4
32597,127535,127535,5
49601,16219752,16219752,119
163109,6500019,6500019,1
162113,999999999,999999999,1
89512,8307889,8307889,2
49254,17780,17780,120
44779,50951,50951,11
153569,30000038,30000038,1
62278,274700,274700,2
200767,2545,2545,36
39207,445852,445852,16
119096,4000000,6000000,2
88529,476964939,476964939,1
153219,25,25,1
36789,179481407,179481407,2
33630,80,80,1
179003,64,64,1
5569,504,504,1
31903,2600,2800,2
130201,1239460,1239460,8
162566,19,19,1
18254,80,80,1
114013,5000076,5000076,1
192692,19752051,19752051,1
39999,166969,166969,1
200794,4200064,4200064,11
9264,102702,102702,5
28104,538,538,4
12003,21809488,21809488,8
556,2000004,2000004,2
22845,4879,4879,5
128740,500051,500051,11
163855,111523,111523,2
40097,15000076,15000076,2
138978,5,5,1
151391,5000,5000,4
92437,2000001,2000001,1
192703,181905,181905,22
188760,14999949,14999949,1
