item_id,min_price,median,quantity
2838,10,112,33203
115351,309,540,75
52181,2544,3000,478
4305,50,87,4319
34068,119,172,9453
25719,1500,1700,63832
41805,819,9033,3706
193236,19200,23800,529
192615,58,63,153566
81406,33,50,723
74650,198,1999,716
52765,11,50,80
2772,607,700,16460
2456,65,100,335
172051,13,15,1813
171831,461,693,15238
52188,128,129,1195
115355,52,76,307
166344,225,225,223
117437,112,406,92
152576,6,905,1025925
24105,29,44,89
118415,7000,7000,194
191472,4290,4484,38518
171278,4000,4500,1437
14047,8,19,160062
191500,8187,8187,2954
17196,35,38,444
193249,7399,8399,1190
11403,69,891,200
201467,500,8226,119
173121,400,400,88
62664,469,500,176
74863,398,500,4855
12809,2189,3526,5471
173034,9,12,31526
173127,1767,1869,1845
12206,123,9300,1228
168583,419,800,33614
173129,1998,3300,2603
81414,13,13,664
117452,341,869,252
20878,563,5074,219
3712,194,203,1909
154897,7,7,14856
12184,9,1863,20033
3575,621,750,16439
197722,2800,2800,3749
20882,684,5088,195
172052,7,10,24836
2842,1650,1700,7058
117568,630,777,203
21877,8,12,73188
119022,1950,2019,137
20875,171,990,191
197782,100,149,33416
29739,100,7500,26875
20874,124,5071,410
140187,399,500,149
1179,8,100,1514
200105,65,65,137
20865,30,31,515
179315,7,100,70196
192883,3595,3895,1806
12205,8,44,6573
190530,9099,13198,2953
155910,22,182,235
62660,87,88,92
132184,20,20,231
8167,300,700,30322
36929,233,495,7345
5466,65,159,1626
199977,594,594,1084
62674,39,55,74
20862,85,125,1254
8154,15,42,8750
20861,74,300,1582
199987,2882,5000,223
201045,275,285,213
20860,31,31,677
74919,1922,1922,124
21072,7,39,763
20859,31,31,790
22578,925,1495,1475
23756,29,1377,245
8170,230,5014,20934
20858,31,31,584
27677,25,250,5044
193254,4725,7099,31037
194797,5000,6800,1826
24072,77,1888,161
124110,11,15,6757
22572,3992,4290,1147
192630,68,100,328
2319,200,240,132892
43695,2500,12499,28
4304,465,475,4240
158811,6500,6500,7
187699,420,500,39888
33447,69,297,319
5342,648,649,36
187701,2605,4400,50226
193929,1429,1430,2766
6888,1,54,1012
201180,10000,10000,23
24477,4,33,49596
201424,68,68,715
190329,1930,2187,73784
193926,8799,8900,359
52761,3013,3800,84
192609,100,157,210
192712,7000,9000,73
201222,64,64,41
192747,69,69,1106
193253,647,897,49857
193237,10599,10799,735
58262,9,1209,234
41604,28523,28523,58
58257,7,83,825
200773,4249,4251,29
74248,133,951,8737
5472,3,95,1287
179292,1499999,1499999,10
21882,44,74,5287
192979,2500,9051,2311
35563,20,269,1189
89112,690,1000,34337
197756,112,117,234750
22576,1400,2400,2709
109629,102,122,648
199216,157,157,2468
192978,94,148,2451
3662,25,69,327
87277,185,300,786
43551,457,6500,171
23769,20000,20000,117
80588,2772,6500,198
2589,7,7,109617
192975,98,98,947
167539,1416,1673,657
87885,3613,3971,391
104138,1930,6500,227
43394,6458,6500,182
79538,3498,6500,203
149755,1594,1670,382
43334,3654,6500,247
2996,12,19,168510
43350,269,274,1529
85221,4392,4632,332
42751,945,4449,251
104120,1169,3078,247
118061,384,399,498
87883,1485,6500,183
192884,1515,1699,5719
43386,2312,6500,134
43366,1293,6500,387
104108,141,300,745
42459,1209,3078,272
104127,1154,2004,388
41100,5079,5132,396
89868,3286,3971,377
45789,2903,6500,237
45768,1999,6500,249
43398,4900,6500,145
43400,6147,6500,218
192673,160,160,322
49084,2900,6500,282
87881,1500,3911,279
104105,245,6500,224
40919,989,2911,292
104122,1490,6500,268
104104,1138,6500,209
87392,3907,3929,245
43535,4342,5400,206
87888,962,1600,323
80587,6219,6500,218
44922,3982,6500,370
104099,927,6500,249
3576,195,729,8204
43373,2754,3990,291
104126,3991,6500,225
8846,1009,3144,8856
6037,292,309,33052
115352,4471,4540,114
27854,9,14,709
115353,1213,3583,368
192704,3105,450000,16
192622,65,65,1512
29449,12,2032,298
12202,3,30,2829
111662,69,70,689
117442,89,89,263
39970,337,1137,4694
192859,1824,1957,2064
2447,220,2922,9904
192852,1871,1888,1360
65893,253000,253000,1227
117453,85,91,231
27669,15,9300,1009
38787,69,69,287
13927,676,2071,79
4625,1050,1470,10301
130248,67426,73746,66
38997,505,510,18
19223,8,1508,1992
200054,563800,580079,687
160092,4080,22500,844
17119,1,50,8233
116981,95,100,4715
194012,3400,3400,2264
2251,10,33,3254
194010,2000,2000,1857
109136,100,198,5029
39002,175,176,28
8364,1999,4374,427
38806,20,34,23
171441,199,399,152
38802,18870,18870,89
733,168,3510,584
38871,59899,59996,238
52783,8992,8992,84
75037,24,823,134
111434,20,42,666
9061,1486,2064,190
81403,100,4525,282
43987,7879,7880,35
191374,3000,99900,5425
5784,19,28,4078
197795,4500,4500,1325
191371,18270,19497,6647
2674,248,395,1871
7072,33944,45549,12
27671,200,888,1590
10505,75,104,3574
4306,7,20,120894
191376,180,181,1970
108324,60,63,1550
12218,98,105,69
203416,7420,7598,1983
2770,199,300,135482
132525,12000,14949,30
8150,6,8912,2816
38376,6025,8600,44
109134,49,700,6267
1705,50,327,17219
171271,30,30,560
200023,15268,15422,3162
124441,400,5519,27514
5525,3,200,1275
193050,10,12,3154697
190320,973,1145,204114
184201,500,1600,265
163698,1389,1400,51
191365,6499,7973,10059
88487,4974,4974,108
193922,59,69,810206
163691,991,1792,51
194969,32,60,1770111
199962,1300,1499,139
197787,130,130,20541
193893,80,88,3223
163700,997,4090,155
30183,201,210,1236
197749,18,18,207167
93208,500001,2500001,142
115807,126,527,42
203408,28000,28000,1284
190451,915,1229,53554
172054,7,7,100495
190328,180,217,678368
193222,1320,1921,3073
194123,177,180,439873
137267,53147,53769,226
4606,57,2563,284
111664,54,73,3252
192887,12998,12998,210
188658,640,919,123104
193226,14000,19455,1161
203411,13333,24900,2438
194738,845,847,258
193245,6899,6998,684
194124,900,900,97784
183109,459900,459900,18
197781,90,93,26858
203415,7000,8080,961
192636,59,59,25876
3383,415,881,610
199971,50075,50099,75
197745,74,84,873015
190330,890,890,30171
23572,100,376,1774
154165,2,7,556267
113264,50,100,21765
201404,25093,26499,13243
197748,31,33,1776911
22450,72,999,17019
154164,7,101,117858
53010,98,140,95889
36934,502,563,58
198217,328,494,979
123918,610,614,211987
7912,3,9,189985
36925,2500,9999,657
193256,6354,10621,11373
124108,51,2450,11632
198189,1999,2030,809
12365,3,4,126948
6371,988,1250,1445
36909,800,2900,31658
22202,64,9300,11246
85583,1805,9300,643
109133,136,297,16190
190327,9949,10055,46850
31908,4212,4212,18
43013,20,60,5334
3857,4,1105,28118
41806,129,9300,775
83156,100,100,421
198223,1803,1803,156
10940,76,183,61309
160398,42,44,2925
53038,1399,1400,38172
128500,30,9300,586
55053,149,200,88
133588,25,25,1416
172231,25,34,203046
160709,29,2500,17136
133591,50,65,2268
2862,1,1,1524
198192,4500,4995,1394
124438,1,5,234067
198186,2195,2600,1861
198549,1496,2500,406
142335,2,189,87143
202070,38,109,9414
194970,23,39,1295444
4384,20,21,196
20868,352,455,34
158771,31,31,116
202071,41,41,6502
191943,18,19,169
197760,40,48,4843
155593,40,40,118
191358,998,1718,48535
194817,200,295,900
200786,1990,1990,84
81412,13,13,329
197747,30,30,557412
194824,20,69,585
193252,770,770,11299
71850,115687,115687,28
71853,78661,78661,24
56502,158,8948,86
25802,5511,19531,8075
201315,500,500,393
200813,658,658,240
62518,24,241,155
163914,500000,500000,2
68198,16,16,483
62519,500,1100,57
45190,100,100,276
191465,970,1500,113976
139362,39012,43338,206
198183,521,523,816
197750,46,46,4021
124640,488,12300,5905
7081,5077,11191,3013
155608,32,949,436
191510,488,488,568
171833,750,902,33707
22794,690,899,1869
167861,1598,1998,1628
191503,375,498,248
198219,1498,1598,2419
15419,6500,7000,9222
87577,350,350,39
109076,370,398,13183
198195,32599,37500,270
198198,19000,19769,296
60486,50,50,278
200040,11232,11345,2390
62421,25,50,191
40109,663,1046,513
62435,50,50,78
127836,198,280,533
191493,20850,22000,365
38882,2946,2947,16
8948,13,1515,311
193208,400,619,14240
193216,7617,15653,4777
172059,16,21,9970
191496,5890,7792,3226
76663,548,558,11
72094,1164,1423,7616
172360,73,73,490
76613,9999,9999,8
76580,15056,19556,6
76651,1200,1267,18
38767,98,100,97
151565,699,2900,35673
38778,308,309,27
178786,9,20,6451
52231,8043,8043,26
38981,1997,1997,38
193251,471,8888,234600
35836,60074,69082,7
32715,13400,27500,101
52302,26031,28031,20
151585,8494,11205,205
76683,2074,2074,28
89675,925,925,13
190395,300,335,62001
32717,15010,99999,41
24053,1164,1164,40
172359,87,88,382
136553,500019,500019,1
23105,182,182,53
32716,25000,99999,144
190532,30399,30800,1893
62271,28,28,168
192862,1699,1900,1842
115804,125,125,44
197741,4,28,3109459
191873,198000,198199,194
62778,30,384,5665
158745,115,115,127
43268,40,65,145
4588,500014,500014,2
199964,1499,1500,570
199972,30044,39917,131
155610,41,41,209
199961,704,704,115
74861,349,410,2979
154899,7,7,22266
192625,70,70,1492
158865,127,127,75
191260,2000,4000,509
79010,63,117,5860
192994,95000,98995,799
127846,92,199,137
192647,182,182,379
20535,29844,29975,195
7077,7,60,63617
53069,18,44,1087
7068,5,204,24642
20676,712,712,1075
20679,1650,1875,918
192631,64,64,1474
201405,19898,30000,48832
52327,1350,2469,21293
193218,15144,15490,20505
158210,31,31,103
136556,900,1000,53
30458,70,70,91
159140,119,119,30
7079,150,2500,7548
191475,760,779,1343
111438,49,50,467
33575,114,114,115
201403,14800,30009,8172
111439,44,49,621
9224,4998,5768,307
87579,200,372,35
111445,88,99,946
200053,77599,125050,982
87580,400,9999,40
172410,100,3665,216
17011,333,392,6274
194730,20,80,1888506
192843,600,697,1049
69237,34,98,6498
29426,3131,3400,4689
124436,1099,1100,6551
192850,500,679,53020
29453,90,1260,64
108340,10,100,4606
176868,50,50,55
74249,5,10,791357
154121,350,351,859
168649,503,2925,79704
52722,150,1104,4645
192867,1750,1941,8838
192838,600,698,21202
154125,350,351,390
52750,28,49,82
184308,99,100,3297
191461,119,262,368056
153705,250,251,824
47556,240,1180,3975
192971,96,143,857
17010,475,699,2695
153702,254,255,680
192910,900,999,38
192839,699,725,5461
17012,50,8900,6725
52292,60000,70000,7
39958,1640,1640,31
52249,9911,9911,44
23120,790,790,118
76511,600,600,26
71832,62225,62225,24
192977,74,138,5290
171263,40,500,595
40166,5044,5046,67
24032,990,990,18
194573,600,4500,410
4587,4000,4000,21
191515,2743,3090,6278
182737,19,20,318
200508,28900,29999,3028
200507,277,499,13162
108350,27145,27145,10
19270,935,1250,68
200783,75600,75600,33
109627,111,9300,575
118902,180,300,39
30815,4990,4995,10
200012,110099,180397,180
44760,600,600,42
158859,110,110,337
192614,63,63,735
113355,395,399,257685
151257,700,700,1903
43115,1099,1499,3509
39338,811,989,9835
192605,166,166,273
197769,393,418,260
2318,95,100,88982
198214,3000,6000,185
43117,799,1160,3225
198211,1900,2500,684
43116,1090,1190,3231
81055,15,21,881
39774,299,406,10037
201729,500000,500000,1
191468,988,1764,145353
113111,88,149,11202
43119,255,587,4049
201178,500091,500091,1
193932,12120,20627,530
172416,21,95,119
6826,490,490,40
2799,6,9500,2860
192933,1224,2700,118
191384,79,296,2033
190326,1002,1011,123363
192674,4800,4998,991
159,1,3,17448
172411,150,10000,2373
172358,78,79,289
117475,7500,7500,121
191372,109,153,786
153487,198,200,3066
186017,3128,3132,1468
172419,69,354,128
197857,125,125,536
192938,26600,34000,3131
21213,80,10000,11725
192729,2189,2189,32
52340,277,20563,1321
192715,166,166,56
45200,385,395,122
192628,63,63,250
44146,1883,1921,23
171830,300,592,27215
172361,99,15564,3479
192627,64,64,656
172367,94,6522,193
172055,7,64,161926
35953,9,9,198
158855,1498,2021,5
198185,456,459,28957
31911,500,777,37
155629,34,98,802
158380,1000,1999,1078
67229,600,2556,750
1080,36,9300,1747
192644,163,163,238
4599,5,71,464
9260,900,900,1101
21536,909,1200,2319
171276,6588,7000,2121
43102,4700,7114,5954
173036,33,2400,53073
41611,15098,17500,67
58256,7,75,614
192635,61,61,1961
172357,73,210,1228
87647,400,415,75
158778,119,119,61
109126,125,150,73383
191466,1315,1500,28505
59594,22200,36091,30
192617,64,64,2905
173204,100,113425,179586
197762,158,158,4121
153605,5000,5000,26
192934,4890,4990,46
4402,6036,29900,199
193224,5000,6010,16460
197774,393,500,3866
172053,7,100,119863
38786,800,804,32
24059,1048,1048,48
171841,13,98,64988
187704,10,99,71783
130175,479,489,175
21887,449,1336,12081
203407,9000,13000,1427
153624,24897,24997,13
158863,119,119,213
172414,12,54,71
192961,42499,47500,267
198202,3800,7008,424
173042,100,121,151
201406,30200,33986,31102
199959,500,750,219
193956,148,3005,1743
191498,8998,11128,36502
72096,710,774,29657
136636,202,640,277
199948,500,519,543
199958,500,507,189
32227,570,11880,4933
199957,500,505,311
71822,40000,40000,24
72104,29510,32800,3182
38775,35,53,39
128727,4999,4999,9
152512,500,763,58386
173039,9,12,215
76513,175,422,88
192632,200,238,470
197776,62,66,5626
32229,120,1000,21774
32230,60,5572,2993
197757,128,199,65768
194737,600,600,371
38867,168,406,150
198257,99,4998,819
194567,398,495,825
194580,1400,1600,305
197764,629,677,11660
41462,207,207,16
32231,227,2999,15420
199952,500,500,538
101630,890,890,171
61981,200,237,11854
32249,31,4529,1909
76084,360,1040,246
193242,6100,13332,973
194568,485,9300,266
52102,3651,3751,27
34664,254,400,2640
191334,979,7082,7757
172089,50,100,675171
168185,490,1397,80166
118428,39,100,71
199936,548,550,220
192554,495,9300,357
193261,6,8,233073
52979,120,4520,26856
38769,40,40,38
24058,536,536,59
76506,225,225,16
109135,100,2500,1533
198491,50,9999,1327
38971,47,77,71
38812,37,574,69
2771,211,702,19999
192928,26500,31200,877
52766,189,9488,160
192937,4999,7890,63
152513,145,1036,51930
192878,1901,1911,9624
171437,13,13,1754
193217,6945,7272,65499
20424,200,800,4289
27441,1000,120000,30
198175,500,2100,1906
109118,85,298,55769
151609,525,550,411
191351,400,531,653
154169,300,489,5095
109119,174,233,18535
200004,3880,4275,234
124113,92,985,55298
192634,80,80,2402
192688,5400,5499,128
191516,4900,4998,2937
199991,500,554,21
8845,4200,4498,801
198236,1559,9300,140
192654,200,290,65
43009,299,450,2257
27676,400,400,23
193019,1000,1000,187
128314,15000,69999,262
74653,99,100,491
168499,5500,34997,792
172364,50,20085,3351
189571,29617,29617,12
168447,7597,11185,179
76640,1125,1125,19
194735,12900,12900,293
62781,45,370,2032
6289,4,40,5012
76652,2183,2183,3
169300,398,10440,100
76700,795,800,123
6308,24,2518,5728
158848,599,788,75
2454,100,185,1100
192880,120,171,532797
200056,457000,457400,409
192974,175,175,2538
192968,78,100,1833
11404,200,250,266
41509,75,75,196
38261,65000,999934,47
192914,245,780,555
198222,999,1500,333
106824,83,83,118
4461,445,3464,2359
116923,28,29,145
40164,19900,19900,36
40160,5000,5000,44
192833,367,380,13040
198305,4999,4999,331
60336,400,500,27
201325,152559,160000,4074
40157,8091,8093,54
44739,383,403,218
40154,7396,7396,18
191363,65,199,5450
180733,999,1249,4945
40153,4496,4496,27
5477,845,845,115
29536,90069,121573,7
192907,700,840,300
40152,26588,26592,55
62675,469,470,93
198240,1000,1654,219
27665,1695,1695,44
62669,296,1999,576
33874,948,984,2704
198191,1899,1999,12310
192855,2007,2041,23297
27635,654,743,107
27660,300,475,196
21570,12290,12386,22
40144,3567,3567,18
16766,65,66,179
5095,897,898,326
168192,368,3999,2504
62656,39,50,425
198293,2600,2900,207
72988,14,25,429974
168189,369,375,450
40142,9991,9995,91
31672,1068,1070,22
198317,4994,4998,635
6290,52,54,419
21569,66808,66809,33
3726,13151,13152,46
34832,288,290,1080
201312,500,500,472
40141,20047,20047,41
62667,868,999,808
43488,185,185,126
191339,2055,2190,541
62652,103,500,219
39151,558,587,11793
34761,497,500,350
38938,17,420,186
25898,37500,37500,28
62670,250,250,1092
38783,588,588,10
27659,1848,2250,147
68741,2280,2280,15
62662,102,103,3135
168448,7597,9390,90
33872,701,702,51
68780,9998,9998,151
5479,69,71,187
136852,345,350,295
40130,9079,9081,53
21574,481,482,2842
2682,500,5399,314
1082,418,423,84
20520,10799,28800,6949
61979,1000,1783,7919
40129,11807,11809,65
40088,1796,1796,7
192858,1900,2048,11882
200016,55989,69000,456
139437,24367,47380,245
38799,100,172,98
41396,7574,7574,18
200010,9800,55500,1607
39909,489,489,35
4874,75,75,18
41395,6697,6697,19
23116,823,826,91
192861,1980,1980,9530
38894,13373,99645,11
41380,2764,15000,32
76518,200,200,21
141910,9900,499997,41
191509,90,98,156
176870,509,509,12
198238,34999,34999,283
40028,4860,4860,15
198176,30500,30500,133
38897,19,41,117
76527,330,335,9
172451,195,238,303
71865,16684,17250,39
38811,91,91,14
116810,530,530,798
41456,315,315,10
40025,18439,18439,8
163563,1000,25000,224
71855,27995,27995,81
41333,9998,15000,30
158818,5000,73185,19
158839,39,10000,272
124671,7900,8580,10278
5075,488,595,1291
127834,25,60,1776
40171,12513,12515,54
178113,50,50,26
200795,755,755,189
4480,2000,500000,73
40179,15992,15994,86
1206,1900,8598,4778
172058,12,12,7150
783,250,273,1769
3356,547,773,12180
35557,4997,4999,487
198314,11879,11879,47
45912,29599,49000,181
2775,2600,3000,3212
76658,1565,1565,14
76690,673,988,42
38990,3150,3150,21
76547,340,340,12
52103,4363,4363,25
41498,48895,48895,9
56049,50,50,15
45196,50,50,345
2835,25,30,104965
56033,610,882,154
31867,536,536,46
41381,2141,2141,26
52085,800,800,29
124102,540,1500,69607
52113,882,1080,15
3299,25,25,164
38978,23775,34661,14
40039,19043,20045,55
785,175,1542,17788
11407,2538,2538,21
106867,30,30,412
25897,59796,59796,12
2836,10,101,27280
52117,1499,2375,15
33470,23,29,263345
102542,75,6575,3322
33568,230,4500,27088
76081,60,60,1423
200224,23750,34529,6862
15412,1313,4873,861
199944,2525,4725,114
198436,2290,2296,45
43011,154,9300,1370
176882,4000,65000,39
62651,896,897,109
10308,1743,250000,66
192611,59,59,1027
537,6000,400000,20
3858,944,1704,3960
176810,100000,200000,13
158806,167,167,42
158808,140,150,84
6533,44,46,509
192620,61,161,465
56051,400,4400,26
192655,177,177,144
179006,500,1000,13
8950,12,100,1128
155598,35,35,121
197791,30,66,9733
200822,1610,1610,111
200944,1060,1316,203
155635,350000,390099,20
190324,24450,26900,19401
193211,40,42,2050403
199998,700,783,4505
171269,275,282,1689
176862,83,83,234
198318,217500,217500,368
124105,1095,1192,26741
199055,195,199,913
25421,48,49,275
3928,15,20,795
184390,300,400,32
194579,699,1282,2017
7069,698,1299,3588
152099,200098,200099,54
73260,24,120,462
194822,123,125,10355
190953,14,15,1408
177025,10000,120000,27
25699,225,390,10449
158871,21600,21600,19
192623,60,60,208
2320,1,1,1562502
191944,100,100,9858
40091,1600,3550,10
39939,4152,4152,21
41385,30099,30099,11
40124,16264,16268,94
39211,99,179,173
40145,23345,23345,26
6358,400,5887,1367
40119,2492,2496,76
40118,4900,9900,87
38905,721,721,23
32199,601,601,380
39977,359,359,13
40115,7999,7999,24
197744,910,1400,31550
40089,4985,4985,8
40112,5996,197500,358
197789,144,146,104147
106875,147,147,34
40111,7088,7092,87
41398,35039,35039,19
189153,935,199900,1145
24028,9494,9496,129
38805,45,58,53
71878,51287,51287,37
63303,392,400,150
71834,60273,60273,41
38929,711,711,214
41379,5933,5933,18
38878,28992,32255,25
23381,690,2000,21
24507,70000,70000,25
38963,400,400,13
71857,18427,18427,24
1707,48,76,969
25418,13,143,884
25428,600,700,122
4607,10,382,197
25901,19000,20000,20
71880,418110,440116,36
2289,7,15,1688
88493,891,891,319
25430,97,97,528
38986,599,1646,19
25451,12,12,136
71830,39099,39099,28
25453,505,550,172
52749,100,100,57
40038,1254,1320,95
52112,1199,1199,43
28058,1572,1655,83
56197,600,600,19
159466,100,5131,197
4338,8,99,235682
71828,22023,22023,22
60396,30,500000,29
62268,26,2526,111
35315,29377,29377,55
10285,108,114,5009
38782,59,509,288
68197,25,180,283
74711,85,91,113
90554,400,500,12
44470,312,312,36
40045,8371,8371,12
76528,150,150,13
1288,2,3,43673
8151,108,192,269
52746,1499,1499,36
40135,25083,25085,27
76610,19974,19979,10
38303,3617,5000070,85
12208,3,54,17374
147869,1499,2619,2275
14344,38,72,168006
12203,4,1004,52693
168506,400,15000,624
4234,700,1250,50200
8171,125,8925,7397
124442,799,10599,6698
193053,29,540,31737
12804,239,497,25209
130246,69391,69392,32
128538,760,16070,46
19259,1797,1798,34
19278,1247,1248,48
191321,600,1070,579
180457,4350,4400,559
14227,200,789,5679
19279,8035,8045,40
132752,228,228,115
19280,1252,1297,32
12037,11,19,39512
10562,8,8,707
171266,25,26,1553
15408,184,4402,3021
19261,693,1078,52
192972,150,200,504
4337,34,7862,8148
19183,1,1,3814
2592,8,35,97338
1529,100,999,5890
19273,6439,6838,23
38837,1920,5023,34
93970,50,100,45
124437,19,99,811748
38829,99,100,24
124115,368,659,7781
128540,300,499,80
38810,274,459,318
124439,3,99,132647
197780,92,93,23760
38792,149,149,33
124109,544,5000,16674
38771,84,89,309
173124,998,1500,107
38777,99,100,88
33451,19,125,805
38848,100,199,79
124117,25,650,87281
124118,5,2433,8993
39691,85,85,100
1210,80,1000,11266
60576,21,30,464
38375,199,199,178
4580,185,25091,82
60397,68,68,17
40068,198,898,129
76097,106,477,210
13463,530,1717,14361
194808,12008,99900,1062
108979,180,180,80
193894,8905,9700,194
109624,7,105,13979
171287,270,4500,10974
201399,1898,10080,17313
109217,90,907,1692
109220,32,99,265
5467,99,9300,190
187802,100,300,1139
52110,1104,1104,11
40001,7018,7018,5
38820,3977,3982,21
40044,998,998,13
52098,650,650,6
178133,99,99,494
40182,3598,3598,29
159789,800,2112,49
160298,8,8,9580
76568,100,198,45
71829,28205,28205,34
71861,70172,70172,28
184391,600,35000,59
40139,18587,18587,36
68357,1487,5767,26
25890,61902,61902,22
172056,13,13,6477
41307,8038,8038,19
109147,898,1125,939
40169,5007,5009,45
194693,565,566,1072
178104,650,650,44
38876,4973,4974,50
40168,6067,6069,29
39954,568,598,6
40212,563,1250,460
52115,1099,1100,19
68356,6975,6975,30
40167,1592,1594,140
38781,90,90,36
52086,297,529,109
71858,20317,21453,36
27438,135,5000,2684
32212,4000,4000,241
38828,68,499999,24
40149,15086,15086,16
58091,369,700,307
71847,88276,88277,30
171301,100,100,364
40013,1510,2010,17
40147,2376,12380,69
40143,33665,33665,53
40000,8511,8511,7
40057,6133,6133,9
1477,3,3,228
71824,37736,39722,19
76505,100,100,45
44497,4202,36777,18
52240,6991,15000,50
24065,2000,2000,30
193933,8500,8500,1328
71882,349793,349793,50
109218,74,100,474
39982,8564,8564,28
71872,27074,27074,26
38818,249,340,205
52203,3538,3538,40
127849,3056,5000,1597
40127,7994,7996,22
71844,35347,35348,42
76555,105,110,26
39991,343,343,15
201408,1099,1100,1602
40026,4999,4999,15
76896,5300,5300,23
39997,5000,5000,8
52209,4585,4585,15
40040,3178,3178,9
24055,1395,1395,54
154127,377,525,161
40037,2365,2365,46
38846,40,40,137
40014,8097,8097,15
38830,10,13,120
76517,684,684,17
24036,1733,1733,28
40052,2405,15000,37
52100,3000,3000,12
71875,34500,34500,50
152542,5,25,450464
124101,369,583,129206
71823,34500,34500,21
52219,500000,500000,24
76671,2198,4368,38
56196,1264,3981,30
52238,2499,294800,29
40017,3996,3996,16
52241,4000,9500,6
198417,8818,9000,6097
153713,282,287,180
153712,251,251,126
198414,2045,2045,4302
43121,999,1506,2303
200113,28322,37701,46900
21557,44,44,2661
132204,21,21,1094
192670,189,189,64
60392,700,800,161
29740,1800,5999,10489
192717,2024,2095,319
192918,7902,11968,161
192624,70,70,2839
21226,780,781,42
22203,14198,19901,625
198265,19999,27463,387
194071,3743,3743,240
191399,1495,1600,244
192648,175,175,1635
152543,84,85,13224
94536,1007,1007,48
20871,95,906,119
46379,986,10669,294
2687,4,12,763
1205,17,22,748
192646,159,159,494
4395,1999,1999,45
192697,2300,2300,119
4538,35,38,583
414,1,13,307
38862,100,1634,295
193215,42,55,636238
193954,295,450,11758
161053,35,70,1792
21840,42,63,5681
52982,250,1501,10997
19943,7980,10000,1186
194562,17925,60023,1023
192837,500,975,1859
172233,4000,4991,1009
4340,48,48,14276
33185,99900,99900,25
79011,32,46,76479
25679,728,1867,46
41397,3012,6144,19
117439,90,91,193
194575,2899,2899,645
38264,389900,389900,6
31904,99900,119900,15
191340,2400,2400,2165
138729,9,100,18217
193551,355,4422,10401
109219,93,94,439
192943,9994,14094,42
192730,176,176,173
168788,369,369,17
168796,300,390,20
18234,5000,5000,27
21227,1710,1710,28
194035,1218,1218,959
81205,48,48,302
108978,109,109,113
132199,295,3535,218
61986,49,2550,240
163842,25,25,61
201317,900,3500,57
42942,50,99,419
158746,29,32,37
192853,1700,1960,4995
192727,2284,2284,70
21225,74,550,430
200842,1516,1516,65
111557,55,100,500481
132193,20,229,262
18512,496,497,54
200848,2197,2197,38
200820,1269,1269,199
158817,486324,562196,5
113263,75,100,29357
192629,59,59,1791
192666,1669,1969,197
115504,75,9300,4488
200808,567,567,141
118565,38400,38500,23
192657,164,164,343
22529,10000,10000,170
200768,937,937,106
124120,3,39,16786
9336,200,13661,40
132239,350,3182,14
18230,43,45,141
192621,66,66,944
124440,100,1099,34997
1180,66,3590,145
111449,15,52,528
188811,7500,10000,95
4424,300,394,112
204234,298,299,133
23782,5850,7136,700
21991,40,1018,1552
174327,300,370,3034
193384,182,182,775
23785,5000,9400,326
81404,14,500,256
112449,7,14,1299
151564,197,1096,130759
16204,85,1000,86165
197786,149,184,40145
192945,44199,47500,3337
192992,74900,78000,227
21215,44,48,145
114015,224,526,123
36926,200,398,12524
8831,1314,1333,14915
30821,400,80045,32
40165,1762,1764,61
40173,4411,4411,35
38796,790,790,300
40049,14973,14976,17
192672,168,170,225
36918,374,809,1471
139338,52664,53283,246
71841,33399,33399,43
192675,200,500,154
153490,120,140,522
199986,1800,2705,1239
191359,24398,31197,26313
172406,45,6545,509
15564,13,19,134
134053,1539052,1710057,7
198210,2900,2900,55
199949,600,600,235
174283,19,19,986
2325,9,10,15228
151718,3562,3566,1483
191368,12797,12800,3917
200106,187,187,61
200827,59094,61599,38
4291,23,35,6386
22573,29,75,19536
176809,47,47,85
192645,190,209,64
176874,278,278,205
176866,60,60,342
171370,88,88,2663
176853,38,38,64
111456,13,13,2396
172057,10,10,8814
176807,135,135,34
108356,425,9300,502
173361,127,127,16
108980,49,49,71
108331,355,400,923
173874,155,155,185
178136,45,45,141
87246,49,50,384
173362,340,445,89
201422,5043,10000,4264
173360,86,87,755
111446,150,150,206
172346,95,97,295
151256,684,687,1879
191506,88,95,381
173877,262,65000,35
175955,99,99,166
5567,75,96,16
13758,200,499,1534
13760,105,700,1995
176869,45,15000,256
201466,100,100,34
7909,50,350,2705
191341,2924,3450,168599
3864,600,2000,7530
38888,3737,3737,27
36922,3704,3900,8177
38860,294,446,84
197752,126,126,17903
3355,598,638,6067
3818,1400,5549,4008
139783,299,380,41
192844,599,699,8585
76677,1099,1099,32
115805,145,188,93
71869,24999,24999,72
71825,96448,96448,54
38785,95,96,102
39927,400,1900,42
153441,300,1273,84
38909,1698,4023,16
44456,25,333,65
76646,465,480,14
5527,8,53,240
52773,753,783,30
38870,1411,1411,89
52126,100,104,15
39979,20150,500000,4
52137,145589,149323,7
52083,785,785,18
52755,3615,5651,30
71856,50920,50921,61
71835,28480,28480,34
198193,3200,3200,5005
52296,9999,9999,35
71843,43116,43116,80
68358,3996,5895,6
58090,80,80,423
38974,215,320,26
40050,1908,1908,14
71851,73449,73449,58
153709,1199,2871,186
52721,186,700,11728
52294,10302,10502,17
200579,2800,2800,553
23104,650000,650000,1
39915,175,175,19
38914,102,891,156
38904,9895,9896,40
136825,53790,54990,181
52295,11266,11573,21
52104,164,2115,12
87560,513,600,89
173032,7,10,20861
199982,500,500,320
33444,5,205,449
90407,49,50,11662
52101,3530,3930,24
115806,125,125,25
74850,690,700,2789
79253,619,823,14188
182653,20,56,340
173168,100,105,1054
163077,50,50,171
165692,4800,8072,74
129003,9998,22999,15
52298,9989,9989,6
52977,172,9300,978
60375,298,298,1762
118007,15,137,1295
22829,75,119,679
168215,1600,2000,4911
22832,50,75,268
198310,100,1999,278
198550,184,1484,584
181468,5876,6055,7931
36907,305,1086,8788
33448,60,60,288
107517,2929,2929,185
153050,10,50,161424
18288,823479,823479,25
191401,2999,2999,6729
33452,98,1505,161
159867,94,94,277
35947,8,1508,421
173058,2444,5062,23980
192608,63,94,616
194009,800,2200,827
171840,24,95,567376
35952,32,32,358
4865,25,31,156
20518,7575,12575,325
20678,595,1396,967
35951,18,1524,351
172063,480,485,2979
58263,28,823,357
192651,197,197,197
197736,145332,145332,463
81413,13,13,1324
22459,380,513,159
68778,7499,7499,124
200802,4500,4500,114
199981,733,733,1098
13929,10369,10369,90
3776,4000000,4000000,63
163224,514,515,924
12810,932,932,4159
59227,100,2200,108
13754,1121,1121,2191
74864,497,732,2373
9332,90,536,31
34764,75,93,450
30810,18,549,85821
154882,13,15,1031
173171,1000,1000,1191
192955,33395,46898,2506
100739,134,150,1064
191329,42040,52048,2624
20545,663,664,936
168806,2999,65000,37
20552,1615,1615,918
20677,595,4995,981
108343,74,100,974
36812,367,368,327
27501,20,1220,660
201409,374999,374999,201
138967,18,19,3597
27503,71,1283,654
41094,737000,737500,6
202712,79,90,247
27502,642,1548,635
76096,497,498,372
204072,612,612,12493
200003,569,9000,936
33443,99,99,525
127850,700,1299,354
40116,9971,9971,28
52768,350,608,34
71831,42876,42876,53
71845,17932,17932,29
76561,296,296,47
38803,14,14,240
154128,351,351,150
115803,128,130,151
76522,255,1430,4
35501,30000,30000,23
37603,60,60,77
108353,65,9300,743
38933,34,50,310
52109,1296,1423,30
52091,2475,2475,29
67509,30,10000,297
188827,11000,11000,23
52758,10,15,95
60394,522,522,16
76137,149,2245,3064
18222,60,60,290
2608,223,65000,48
153476,300,440,153
97623,100,122,540
158775,80,80,186
158936,998,1000,9
76598,22842,22842,6
9333,48,548,109
188791,5500,10000,33
58267,168,178,1168
9335,63,63,75
110638,1188,1485,36
192626,66,66,667
18224,110,110,208
60398,21,21,394
76140,375,2110,1351
2886,288,9300,457
60399,45,45,93
13932,200,200,393
15420,9900,9900,99
192691,2000,2000,11
58266,217,220,100
56205,66,207,141
59230,150,150,640
9334,868,868,98
56204,56,213,84
62653,55,55,128
200836,1244,1244,155
34763,400,1189,153
89678,184,222200,107
76539,475,475,75
27500,40,2548,556
23108,100,100,20
25895,102420,102420,27
71836,39835,39835,31
52216,14980,14980,33
76514,121,121,73
157844,50,100,376
153494,75,90,213
38900,2380,64165,12
140276,38,39,224
44771,49,2550,142
192865,1855,1986,14402
52116,1273,1273,15
18045,89,411,99
71839,45838,45838,43
24060,563,563,20
38845,2111,2111,146
41488,350,380,13
71838,51109,51110,52
76507,345,374,14
178550,19,19,511
198356,294,294,411
178552,400,500,69
111436,150,375,267
172050,215,215,393
172044,27,35,720
76088,399,1133,367
107392,49,55,66
76526,295,295,160
80431,400,9300,1039
191933,30,30,1154
192969,84,85,968
42702,14486,14970,154
22449,285,521,11237
197755,37,59,152439
132526,4990,4999,20
132528,15000,20048,10
187700,1600,1700,26576
90561,25047,74047,9
200771,17000,18000,80
22445,158,467,80312
32470,549,550,205
198241,1352,1462,257
198311,2873,2975,434
198233,29900,29900,337
90553,900,900,20
17203,13894,63630,6598
18562,3899,9900,5702
80595,89,90,81
198188,2089,2099,18889
80590,216,266,576
62269,98,2598,48
201469,900,1425,716
24245,3000,3300,804
8838,800,5549,6016
8169,400,490,2030
15416,2099,9300,3309
110609,75,985,61422
200021,10590,11000,1776
183955,1000,1150,3118
202065,100,100,1077
787,72,1702,514
198397,400,2999,17804
153635,7,16,59930
192935,38900,41100,1272
41808,24,135,7996
6362,8,16,791
153051,4,100,402032
34052,100,170,75222
12238,169,170,27
200777,738,738,151
38625,3750,9300,158
116405,9595,9595,157
199052,12000,12399,88
60379,499,499,1676
130216,250,256,172
116409,4575,21500,388
116406,9899,9900,64
130250,3384,3562,156
205235,80,80,27
43647,2036,2036,210
43646,90,99,166
41751,330,484,352
43571,738,760,523
40120,7296,7298,61
152506,65,100,250262
29454,2205,2205,144
193924,70,80,1987484
200046,80094,80095,331
142262,4000,4000,38
200052,444444,650012,93
191949,185,185,27488
44154,500,2202,23
133577,90,90,667
132516,5700,5700,1554
191348,1095,1285,143
168825,6500,16199,24771
198215,7299,7299,342
200830,5000,5700,165
191864,2500,4895,10
194758,5000,5000,57
201697,1600,1600,3558
191948,180,199,911
60224,4997,4997,4572
190531,8174,9200,10520
25649,200,399,5074
20528,7475,12575,352
3466,69,85,9917
20526,1231,12500,374
205237,1900,2111,10
77467,1149,1184,761
200009,62738,63000,74
20527,2500,12500,399
20531,9999,49975,163
20533,14999,30000,162
7966,55,365,3450
200011,40048,50099,112
43001,259,261,111
38866,77,100,420
44780,10039,10039,116
60395,170,170,93
158828,40,50,60
2997,33,103,109407
158188,323,5000,4861
34054,44,188,241375
23575,136,336,124
41464,2854,9999,17
39976,109,309,14
152505,70,200,165701
41475,7385,7385,10
39981,330,330,61
200020,68057,70057,601
21718,22541,22769,62
6657,500,500,654236
21716,10344,10453,230
194793,11497,12000,2982
21714,22543,22770,179
21071,65,1253,6830
172437,1900,2100,11401
35948,10,200,277
191378,291,448,4780
111444,19,24,1321
76094,22,23,224
7078,285,448,24032
203410,20000,22200,636
111442,70,75,388
128763,300,500000,85
12359,90,125,32036
12404,9,25,611
203413,10000,22842,4213
16000,50,9300,1799
15992,497,499,2131
44963,26300,26400,31
194826,2054,2054,2835
6889,200,9889,18546
53072,8,900,4806
111656,75,75,1102
53068,27,5041,9953
2290,25,50,303
1711,2,4,333
159959,87,88,15710
25886,2420,2468,1338
1697,75,175,57
3674,150,191,26
199980,568,568,110
191532,400026,800026,124
3171,1300,1571,71
191533,1000,9300,1510
54831,99,100,289
76061,6241,6245,27459
5376,2000,4206,6
5566,350000,500000,6
5368,2500,13900,25
4776,10000,65000,39
133563,13,15,838
3931,34,50,66
23425,250,925,106255
200826,1494,1500,95
3301,50,74,75
3167,675,775,174
8146,200,200,75
2295,70,65000,32
3181,299,300,204
12735,651,1794,28
779,100,20000,25
127991,75,9300,1704
198507,550,550,201
60491,50,50,58
198282,899,899,298
198279,3502,3900,319
199188,434,4998,553
198304,299,999,1047
31915,498,1048,55
177962,449,4485,608
198619,9700,9700,79
168663,499,1175,23496
6445,10000,40000,20
158186,5,5,5033
5133,100,810,22
169333,32,33,298
163208,100,100,30
200784,14000,14000,10
22527,7,8,459
200831,20000,20000,34
192690,34600,34650,17
44619,2200,2500,69
200817,2076,2276,212
190315,900,1085,76663
165755,525,999,662
160059,8,9,10363
52078,2727,8373,78812
2453,168,3368,13081
765,134,3296,9080
24368,3000,6500,491
173093,19400,20000,5
818,398,530,5014
200824,29373,30000,191
200045,74815,88915,636
31916,1045,1199,50
191352,100,190,5583
182581,9900,358900,637
3357,534,1699,15928
154122,510,730,1891
49884,1000,3500,236
128836,2281,2281,27
191322,788,1120,400
23333,1440,1440,57
2776,1100,1700,23062
7972,50,3324,7741
193938,33698,33699,653
22793,600,2145,7596
32228,49,120,629
158866,165,175,17
198216,85,188,1486
154881,98,123,1365
85570,1650,1990,31
190396,290,350,368702
56156,90,90,34
128793,90,99,69
56151,4500,5000,22
3010,8400,8400,13
36810,3800,35000,48
187712,100,144,103
33629,1000,1000,41
27437,1250,1326,1937
199934,600,900,86
103789,7683,7683,107
38373,1000,54473,49
22795,112,123,205
28362,7504,7504,986
16023,5700,5700,112
194570,899,1000,724
4398,3993,3997,197
168646,398,400,1587
11406,2254,34464,27
199963,650,650,108
192912,2426,2426,236
37702,495,620,3854
18640,600,9999,741
137287,63950,64080,333
137188,39882,39990,172
17202,899,979,43780
139436,38495,47493,206
190380,8746,8750,312
139271,53779,54390,238
137288,58972,59095,248
137191,26104,42495,280
162027,3900,4179,149
43369,7431,10000,129
162029,5914,5916,226
184097,4186,4187,383
188761,2282,9999,386
111595,59,59,6879
38852,10,38,423
60577,999,1297,99
45628,44,44,106
38953,100,390,138
177715,143,232,163
129028,43518,46090,227
143750,44866,66600,157
139270,44644,45534,184
56047,1534,2034,54
67388,1169,1299,20
137293,56877,58500,200
129019,34860,55500,110
184096,5000,5000,356
147119,51670,52279,184
139278,57085,60554,169
129021,48299,56213,145
139352,52953,54970,199
137250,28495,33300,175
139438,35926,37658,181
172368,194,99899,6522
137274,24965,41192,220
139417,53659,59346,343
170168,8524,8526,178
136826,51397,54500,279
162022,8781,8783,313
187936,64699,64800,171
139348,52371,52500,177
199974,54999,70411,59
190378,9745,9747,204
129029,43959,44575,226
137238,28981,30000,134
188164,42558,44000,138
129020,49864,49986,255
129017,53486,57578,175
139310,43492,44122,327
152510,1000,1868,60690
116654,400,500,403
147870,53,88896,2877
193957,282,9300,666
192964,29400,29700,1607
193958,499,9300,618
3820,277,5525,6146
111447,75,80,521
76684,1000,1000,23
139289,51792,51896,178
139358,40380,42500,230
137239,31691,50000,109
139311,34700,65000,83
153031,40174,40183,183
129018,39757,44765,349
72985,290,320,1624
43850,3209,5150,1611
140630,55584,56097,136
60377,499,499,940
197778,160,160,13031
23573,3600,3953,2519
171275,535,545,589
13757,299,1223,539
141898,47699,48800,140
139435,38394,38400,120
137249,42121,53041,167
137269,35867,38400,191
139339,29990,41677,217
151540,44786,44788,129
4367,1395,1397,511
77101,6500,7837,282
184100,3580,3580,387
192919,44900,45900,1642
170164,46383,46386,33
13363,900,50000,26
33576,469,469,61
4405,247,1113,832
152577,89,110,662147
60388,100,100,216
60406,38,38,65
60389,39,39,138
108996,2,97,24766
163902,250000,250000,8
35562,300,7500,21315
5829,100,199,84
19933,1549,2549,28
163918,250000,375000,6
4873,75,55000,103
2677,700,7500,11382
31910,600,844,53
200806,1698,1698,56
39212,25,25,53
2452,200,610,41819
136569,3065,11465,650
163898,1499833,1499833,3
13443,18,25,166
23448,10500,11250,2163
118899,139,150,77
56046,85,100,187
39516,125,125,37
194049,198,200,2415
32897,18,7500,14134
155636,40,40,99
67510,27,27,25
163908,30000,32200,13
163911,99500,99500,16
155618,40,40,298
163906,28000,28733,24
163896,495000,500000,13
158874,108,108,93
155609,39,39,133
62413,370,537,147
67511,989,1000,19
163915,22533,22533,4
163910,36069,42000,15
118898,78,78,35
171196,3600,100000,76
5503,10,94,2664
109125,125,149,37611
39358,300,50000,28
187825,40099,44499,151
108355,489,9300,966
19221,4,75,945
108306,2520,9300,707
108344,855,6500,602
27657,122,124,217
108359,2100,9300,491
27662,100,101,185
27666,220,680,202
155600,2770,2772,20
198207,1190,1190,101
200569,300,400,477
116148,474,999,2097
57191,971,971,152
34113,19900,26065,955
22710,119,177,2849
194852,3996,4510,15880
35622,3499,3500,1525
29451,6,1000,986
199954,500,512,431
76138,1075,1800,2711
39690,2501,2644,1239
39682,350,5500,1973
72103,1044,2210,29123
23079,131,2500,1318
191512,6985,9485,279
36903,195,479,25809
199984,500,500,175
56203,50099,70099,22
25456,1611,4002,13
23112,114,200,864
12363,13898,14584,6532
31903,874,999,83
179992,47,55,662
41603,999,90099,55
193370,1390,1621,92676
13465,420,1548,13346
194787,19700,59999,1359
8165,1000,6500,1074
112296,1100,1100,35
8839,984,8947,3819
19264,1300,3310,75
63122,197,221,1509
52764,455,855,71
191375,818,826,109
19232,1089,1100,70
199935,579,579,152
31901,760,989,96
27858,5,505,405
4339,50,75,3352
112272,1380,1443,45
108328,125,175,2248
3819,2012,3364,2775
128304,220,338,68016
72120,65,200,202920
111601,167,169,18079
113289,240,300,2000
79101,640,710,51501
60488,80021,80021,15
158861,150,153,51
192669,162,162,228
38975,55,85,46
38988,1390,1391,36
44465,2888,3454,24
74727,227,124999,56
89737,141,146,59
193946,88700,99900,617
3824,588,588,414
127841,5202,9000,366
22851,2644,3044,297
22853,2500,2500,1302
111672,70,70,8864
22866,6874,8000,1466
194122,26969,26969,38
193214,30,45,374909
22836,50,75,415
31889,25000,27594,16
168822,1800,1824,55177
152615,9599,9799,156
172439,600,1210,7900
191324,2350,2475,129
52976,555,770,44549
118472,1799,3471,14655
19272,9702,9702,13
58268,33,34,138
36901,270,859,13355
197743,967,1404,41264
36904,302,659,3653
127847,5000,5000,2110
153440,198,500,243
37701,29,9400,5284
128315,659999,700000,104
168313,150,150,494
27857,35,39,634
29448,1420,1420,149
198174,700,9300,127
76090,235,265,279
154888,99,149,537
197759,99,100,1119
76095,60,67,603
76092,87,89,229
43105,727,828,10846
199219,1788,1997,311
197753,359,369,41253
7911,100,580,46918
79254,64,79,20251
172096,608,1999,194723
201991,25000,35999,5608
172092,17,59,354437
118631,1308,1309,435
138875,100,100,176
200780,1149,1149,118
193927,28,34,366785
200024,528,528,1031
76093,83,599,599
17197,665,52500,675
85559,96,112,140
194689,400,400,1037
21929,95,434,1359
79868,30096,99996,552
43109,592,693,7585
139442,42586,44200,152
176861,147,149,213
191389,7400,7600,134183
199206,120,300,1077
192719,2020,2020,69
153666,2330,4956,28
171264,25,86,1066
158870,100,100,141
58259,38,38,336
36906,189,692,14474
194731,655,799,211
172045,13,16,2222
4232,150,349,5641
192946,14900,23752,229
27668,15,40,2348
192895,75,2500,7070
179985,100,100,50
194734,5513,6013,347
192610,61,61,502
34057,482,2985,57192
200816,2269,2269,87
4814,279,300,86
108329,622,7200,1217
5114,30,50,98
5367,60043,134343,8
57058,152557,282805,25
168828,14989,49995,23587
120293,115,118,156
45087,20,22,6013
38992,620,620,126
44463,10438,10439,102
44493,9171,9172,51
71805,299900,379900,409
6532,102,201,289
23440,493,493,523
200027,99000,99000,932
76133,125,1305,3009
171291,239,475,12487
192658,196,763,2984
10592,2500,20003,488
199960,500,544,292
44761,1500,1500,44
171289,160,273,9096
171292,221,4583,8882
197754,18,53,121229
193030,3275,3574,405
38374,1000,3650,71
18287,500000,500000,12
29547,7919,19999,10502
113139,60000,60000,3
46000,9916,9917,6
171288,75,315,37623
192954,16646,16887,52
81408,98,390,113
197853,99,149,575
112093,45,80,85
198307,1800,2000,26
180088,1782,1900,30
198308,1300,1550,464
189143,660,722,43014
76085,498,728,404
193255,7315,11195,7647
200565,2400,7662,249
18335,88999,88999,146
74646,1000,1999,441
2450,232,650,74120
44128,9000,499900,3580
18294,2500,2500,202
52118,5483,5490,12
198258,189100,189900,383
168794,3230,3230,11
89512,2500,450000,65
52157,43144,43144,7
173065,100,100,390
18227,25000,300000,9
40070,1395,1400,106
200800,949,980,252
198196,25740,25740,3361
127843,345,383,151
173202,4,8,2487697
129158,37,87,3468
52226,1602,6641,27
163225,72,34981,513
192700,12000,15000,11
10593,900,999,656
199195,3000,10000,69
153133,60000,99900,5
46378,1419,1750,110
35128,199000,199000,331
133564,1311,1311,113
38879,3675,3675,13
43463,100,201,121
171438,17,18,632
184393,900,1200,51
8172,425,585,3377
4236,10000,11824,2926
19281,949,3638,25
198203,3400,4360,1280
19283,800,1027,26
127835,149,150,157
127844,800,800,327
19284,1199,1250,19
12190,1000,8096,119
18283,150098,150098,4
152509,75,285,35782
201220,175320,175320,3
107462,120,120,14
166664,8000,8000,57
198082,2750,2800,153
133688,91,4998,61
172365,203,213,58
19299,18,200,1765
5500,784,784,213
38896,9477,9477,36
38823,12956,12957,54
6522,1075,3000,33875
173067,9991,10000,83
2841,233,745,37886
3577,820,3558,38573
43501,300,500,1249
172366,167,10087,4754
9187,4879,4995,228
21033,514,1519,344
191336,600,12400,855
49908,713,720,822
191939,97,99,6450
192857,1600,1889,5205
188669,600,699,433
109145,625,650,239
1175,1000,4974,59
36927,2400,2425,148
13454,585,1000,167
22825,1782,1782,447
58092,598,1090,176
171290,189,400,7656
58146,362,363,119
28100,105,108,76
32067,450,450,914
40067,120,124,261
40081,60,92,114
39666,999,1700,215
40093,52,75,299
199953,500,501,300
34440,70,105,89
162554,150,1682,133
132183,1100,1249,182
44327,1859,1862,287
201400,204,211,10881
58089,2000,2400,638
58144,1200,1275,438
58148,1550,1550,336
41482,873,873,22
38899,2859,2860,20
186522,2934,10034,362
52195,4790,5200,256
132190,612,907,13
41334,6572,6578,204
132217,278,278,35
132200,649,649,37
11284,8883,8983,7489
37201,3888841,4888841,20
192664,179,179,52
109226,90,92,1368
158747,192,192,44
32720,49900,49950,1778
154722,4,40,840089
56150,70,49900,56
128984,17999,20095,20
7082,2555,6372,10410
4877,50000,50000,31
62328,400,490,96
192920,2499,2500,99
52082,5000,5000,45
77542,3370,3372,14
76541,525,525,28
62512,100000,444444,57
55973,3500,5428,54
55983,100,100,80
32388,6000,6100,6020
29800,6900,6969,43
82443,366,585,52
52130,41672,41672,11
186726,64,68,248
41595,11000,22570,1474
31899,20035,22510,14
29799,200,200,89
171272,35,35,1299
13442,2063,2063,357
192863,1650,1885,6170
74252,75,145,1747
42225,99800,99800,427
4787,90,100,395
192916,745,748,437
87226,700,979,249
25708,5800,9900,17801
97620,110,9300,497
17771,141500,145000,788
191337,1200,6013,575
110649,1305,1450,37
37921,235,821,15880
52147,10099,10099,6
41339,999,999,62
52167,10089,10090,11
38868,10609,10609,51
52134,482126,482126,3
76529,335,340,6
177062,990,999,2588
191369,400,800,259
38995,3500,4048,54
159899,2610,500000,30
7071,737,747,2874
123919,269,869,238066
198536,3515,3700,739
155812,200,250,100
201318,500,500,274
14256,5027,7427,25218
19262,4500,4500,12
124461,1899,3920,12333
191338,23037,32900,1696
192652,300,600,216
5468,15200,39900,165
36783,7500,8898,1368
8544,106,506,394
71808,17357,39959,145
22792,785,2784,9697
22526,100,100,114
23426,33650,59900,5054
194968,24,95,818538
197788,70,70,74184
191367,183,184,12413
44752,200,200,46
70139,35055,148900,24
76645,2250,2250,21
55975,90,100,56
112299,1182,1230,18
13453,5997,5997,40
12799,200,700,21115
23445,1397,1455,65600
4235,9395,29900,4182
12364,273,298,21827
193560,1843,11023,771
191330,875,1025,2575
44770,15000,65000,31
77589,75,95,736
10548,9900,10000,66
191328,1500,2600,8136
23386,777,899,27
8959,75,100,288
52770,99,99,52
38861,50,90,198
2449,243,709,13466
18255,280,35040,2468
28059,20913,22014,24
8153,42000,69989,6069
180445,29600,75000,418
187850,9000,14500,147
198290,699,4998,344
199945,550,573,135
109129,125,150,63947
19233,2475,2499,16
19230,782,897,75
151651,50072,187423,13
19231,787,1225,41
192872,35,70,692607
192720,2182,2188,107
173859,19,19,562
53050,49,55,20295
200652,6244999,6999900,179
42641,75,285,587
42546,14,14,1057
199966,3822,4544,115
19268,680,1250,64
19271,990,1000,33
200838,10000,10000,308
159825,299,433,2091
197858,199,199,334
190536,26016,26279,1049
104316,19980,40000,4358
25432,200,200,20
17405,6999911,6999911,22
191471,4020,4131,46595
158860,127,127,32
155615,40,45,99
200829,66666,474876,107
18567,272,372,2705
19282,548,1248,15
192902,3412,3415,2332
191467,1000,1098,18233
92741,505000,1000664,202
33631,75,99,409
203418,2300,2542,3253
191470,4078,4174,9548
19263,1038,1250,17
42999,2099,2100,74
107461,1200,1350,68
44314,1598,1599,119
31882,1000,1259,154
13926,27500,27600,5270
133567,44,44,634
3663,8,8,273
34762,25,50,218
200852,3420,3534,128
168216,250,990,18709
39520,88,200,754
57099,295,8888,122
172019,5289,5394,173
109144,2,20,10428
109131,47,586,15861
153646,2200,2200,22
44330,576,297475,74
15410,280,892,4873
3170,24,24,129
42931,300,300,103
36811,192,192,157
159826,137,137,253
190394,390,479,146869
151538,49494,49494,203
4387,1329,5273730,301
170173,65000,65000,97
83763,10945,32937,112
190311,1017,1293,248341
83764,19800,19950,69
83765,15744,15744,117
190313,4510,5948,135628
153636,250,1982,23342
187703,1462,2924,22260
153033,64585,64693,319
15414,4055,4055,10105
3713,8500028,8500028,10
3182,12400,29975,6013
94288,73,80,540819
190314,8140,10000,31941
36928,4353,9900,3486
52329,1990,2029,21912
13462,46,46,428
54849,2700,3250,3312
13466,1470,1485,23115
68784,28653,28859,29
23424,663,1900,52036
130181,37500,38500,774
75016,95,100,258
163692,200,200,72
199054,11489,11938,96
153617,19677,19898,18
101662,16999,16999,841
197720,19900,19999,85
153632,1097,99900,14
171195,49699,49799,118
153627,4998,10498,6
152508,80,270,253534
153618,79999,84499,35
153603,1200,3500,32
19768,21880,99900,3709
19235,9900,33955,15
18237,200,320,224
18236,2091,2093,172
71806,17499,49900,418
29292,536,9936,104
37140,1200,2427,77
122347,100,207,1395
153604,14980,490000,9
132212,22,250,330
34752,200,200,268
7097,2001,2001,42
153614,8733,99900,20
43000,4054,4456,303
21885,16125,16135,2367
153609,6095,6095,43
153621,4980,4980,25
120257,1198,1200,1588
128159,7500014,8966314,7
41594,10080,29986,1187
152511,70,276,119597
43491,590,600,138
187707,6866,9500,1227
79869,23319,24547,764
157842,54,55,1363
169445,6500,6500,490
59493,46297,46297,14
39341,591,770,8490
39340,1146,1346,6425
153669,12,19,16325
61980,100,225,11552
43127,1369,2308,7339
39469,987,1333,11273
79251,14,15,25329
61978,1679,9300,13982
39342,449,549,6767
194792,29200,59999,1141
172230,14,100,478675
199344,2746,3050,8522
194966,20,39,1299035
44574,450,600,185
180405,42,43,14
147775,15765,15765,223
4592,55,55,913
192866,1922,2049,1864
44573,100,300,178
192894,30,44,3930
40036,53,53,247
44575,9,515,338
192900,3068,4768,74
105718,75,1099,29
44571,400,2000,176
52087,125,1980,38
71879,299998,299998,157
71881,305291,305291,131
71883,344999,345015,134
6529,25,27,2871
21224,97,97,211
27516,20058,39900,144
110639,1185,1191,30
62659,57,60,232
110625,650,700,64
22452,775,816,23001
21886,6773,7168,6183
194863,24933,24933,7791
23737,431,750,162
25867,42578,42593,785
127004,500,9300,4086
90146,100,207,2876
36919,2744,9895,1308
23449,63099,67440,2055
36916,1375,2999,46862
15415,75000,89900,3709
11370,1900,2997,10294
23329,93,95,13
19767,22000,29600,1844
151719,3500,3898,2734
114056,150,1925,1355
159471,98,99,109
38776,112,113,35
38779,270,270,48
38934,210,263,100
52751,349,422,64
76083,800,800,184
113585,380,550,293
56477,98,100,164
158327,11900,15500,92
52245,10491,10491,32
163051,119,119,57
39950,9334,9825,26
52299,9900,9900,14
76543,150,166,6
4557,99,78500,35
52246,1440,7276,45
32836,7997,7997,20
52301,9900,35193,13
40048,4649,15000,34
40162,28051,28053,102
4601,41,42,628
114836,1025,2500,805
3667,54,274,1686
202314,10499,10499,195
187829,34000,34000,33
168651,14925,16500,868
198423,400,422,29119
198420,4643,4745,4754
200007,11024,11025,126
189541,10400,10500,638
62671,285,1555,553
87240,2450,2500,56
22451,50010,55412,2530
198160,1485,3000,583
74725,1220,1250,1336
128561,970,970,535
153438,275,900,315
200044,525,563,59
168592,8500,9197,80
177661,95,95,208
159786,3510,6542,41
188836,98020,98515,8
19698,2215,94900,2424
43122,1582,1799,4062
19699,2391,70000,3759
43124,399,400,7196
19700,1884,2044,2284
19701,1987,99700,3042
19702,1863,99400,3005
19703,1997,99800,3828
19704,1790,98899,3447
19705,1987,94900,2964
19706,2650,99800,3202
130183,631,631,308
32423,3000,3500,392
192950,14055,14261,83
44143,1348,1379,58
132531,8500000,9000000,9
39917,272137,272137,26
39949,204,204,20
142263,85,1073,549
128989,59489,59497,8
71827,102052,102052,26
39996,12887,30206,11
128993,57795,58077,46
128987,99700,99700,28
41401,22597,22597,10
32410,102784,102784,19
25893,157355,157356,5
76559,2200,19114,52
115815,54835,55398,36
76521,14100,14100,9
115812,29699,58501,27
35503,142859,142859,20
136857,72899,74999,18
52224,20147,20147,51
142102,99295,99300,32
128990,83500,83500,25
24479,17076,17078,3649
176876,195000,500000,96
186677,40052,299952,21
41444,236039,236039,5
45880,7499,7499,7
23437,380,4200,520
46361,10000,90296,15
71810,25000,26217,143
41803,200,275,3017
187933,35690,65000,89
41801,499,510,2439
169332,16,115,608
165016,150,197,394
25429,411,411,83
132229,100055,360055,10
132232,1000,59439,38
199950,500,500,598
19305,1,705,1245
6299,84,92,127
13930,200,200,111
177843,5088,5088,129
87648,409,509,88
132220,100,100,76
86592,650000,9999900,513
116268,100,218,855
41814,1099,1999,1928
124111,21,135,6483
194794,5900,9500,1591
193230,6099,6500,12806
19225,19,341,706
198291,74999,99999,82
109184,75,75,4013
38768,19,21,137
192885,1292,1449,19804
199057,199,5489,2476
62276,598,598,40
199994,500,600,256
68140,50,50,125
192952,33900,41093,976
180059,8800,8876,118
193554,123598,123599,152
180060,8872,14984,254
136342,190,199,1152
34767,1999,2000,110
109628,120,9300,613
81410,33,6034,148
60838,1200,1300,33794
38849,75,182,18
143588,63700,64900,340
139312,40889,41500,128
194819,100,100,14648
32620,3550,3595,3501
194799,20700,59999,1154
194796,7798,9800,2402
199990,508,508,176
112177,2625,2753,266
82445,5502,7450,17
52759,45,49,65
198187,4080,4299,1731
146406,49995,69800,37
79288,240000,250000,7
108337,181,392,1012
191521,3800,5850,3232
52170,2399,2499,14
194784,99,160,5237
12360,12735,35742,5897
171203,31000,99999,171
6471,49,80,1637
171828,93,336,213747
190321,9742,11447,49127
32464,259,583,1693
193258,21,126,109744
44084,12999,12999,8
180404,65025,142019,10
165017,2000,2541,251
38266,2500001,8750000,2
55982,49,150,59
198299,225,1148,649
27636,15999,29900,165
111431,114,125,824
25650,208,209,480
153700,250,251,989
200846,40000,50007,101
60853,143,144,400
132207,6500,150000,16
19224,14,1550,533
168193,400,792,901
154166,115,118,522
198495,775,875,413
34722,30,2016,2636
76672,1565,1565,12
141641,34404,34404,9
76686,873,873,52
190450,9999,12000,13664
199053,3450,9300,131
199059,1484,2000,484
193930,833,885,15896
194789,22700,29800,963
86070,811,1162,85
200509,24,100,104964
194804,7800,49999,1777
194805,7800,59999,1543
167862,1500,2390,2139
205241,50,50,202
194786,21500,25133,1711
138728,30,100,14506
194790,20000,59999,1298
169146,15000097,15000097,1
194814,6700,9077,655
23334,89,90,18
132234,294,294,63
168412,14000,22000,1032
192960,16595,16899,116
41470,2246,2364,29
52229,6606,6606,18
52234,2021,5459,27
76609,30000,30000,4
76597,35056,35056,11
52248,8172,8172,2
76607,225359,225359,6
76536,1074,1074,28
192619,64,64,234
192708,2035,2035,62
200837,6591,6595,41
192656,600,600,19
158864,130,130,48
171350,310,319,623
192685,2000,2000,115
44776,269181,500000,9
39681,2218,2240,1321
23783,2200,2360,2601
37663,45500,46000,418
39683,12078,35518,290
2455,2,1050,398
193420,189900,189900,11
132514,12799,14099,3858
86074,1111,1111,59
74654,95,100,374
21589,10,33,143
193385,195,200,356
22577,325,599,5333
129289,57300,57300,807
188671,240,241,212
192703,4400,150000,24
5480,23290,23291,45
183209,5000,137500,12
200828,2969,2969,49
176867,22000,45000,26
29562,500000,500000,6
180881,500033,500033,11
12820,11500,11500,110
172008,2200,9898,284
200787,1569,1569,67
172010,3230,10000,188
129034,2395,3600,7198
5379,449975,450000,5
199051,7319,9000,82
22373,221051,417707,22
4603,1250,3333,7760
56035,5000,5024,11
111663,40,75,3392
203409,29900,29998,1954
130180,4100,4100,331
173871,39,40,164
190316,9935,10000,5776
64397,324999,2500000,1334
176871,160,160,281
58480,35400,79050,2028
187827,15099,19899,85
168310,79,80,1040
81415,66,69,92
158379,3,5,1255
168652,16299,16632,1223
87230,741,741,255
59491,50000,126700,13
43852,60,60,234
59477,20050,20050,23
172046,13,13,562
193941,889,9300,344
153616,1412,1412,29
52720,100,300,1638
52719,469,1403,3843
19300,1,20,2745
10939,155,375,105349
4399,177,9300,740
177256,1500,1500,109
4428,99,35750,44
203419,2270,2270,4477
27655,50,74,251
192705,2198,2198,62
152559,150,150,135
203412,18190,18300,650
81400,124,124,505
60393,990,10000,45
771,24,45,64
25431,100,100,1748
25425,189,199,74
25454,494,504,21
155631,40,40,106
151608,410,18869,220
152875,94,985,139949
137558,2213,2213,68
6986,99000,99000,15
62668,509,516,67
62666,202,307,205
14529,85,9000,1308
176856,105,105,26
200055,138987,138987,127
62676,174,188,338
5124,800,900,65
194825,198,300,24772
198501,875,875,116
198221,17995,17997,1473
28102,1030,5523,667
4867,85,70000,40
6457,3999,3999,62
90043,8811,9500,36
74708,772,772,109
19938,10000,120000,20
8343,43,45,4333
174322,4169,4900,23
176873,4500,4500,34
20816,400,1221,1249
133572,240,260,359
166343,100,100,877
156525,2000,5000,293
152548,119,291,2407
74647,7500,8599,232
35285,998,7996,530
51950,2626,3200,9455
176855,195,195,16
129100,23,23,12752
52303,24097,24098,385
191522,8295,8496,5171
35625,3994,4400,1524
192942,16999,19900,1776
193895,1050,1089,501
194736,600,614,314
128537,350,350,77
34850,100,400,237
197742,10,22,1344770
200814,100000,137114,109
101747,50000,50000,12
101750,49900,50000,21
4586,205,211,35
101745,10000,10000,50
200074,2835,3100,15662
9088,1466,9999,145
36923,128,555,3269
197746,19,24,978231
23099,380,380,40
39933,400,400,76
87559,1300,1500,89
36917,149,500,4112
52247,2044,6641,22
194967,22,92,810915
28420,122,1890,178
189145,347803,723800,508
173937,1650,1650,76
3241,119,120,84
41266,4678,4678,646
101749,10000,10000,20
52250,7496,7496,53
76681,775,800,49
132982,54876,61014,37
193378,12997,12997,904
76557,2000,2000,22
193923,318,332,255372
193925,388,396,195169
52208,7197,7197,43
156930,307,311,24429
192718,8000,20000,75
39908,1700,1700,14
193939,32500,33642,3687
200843,4648,4648,17
41437,2228,2500,24
52225,3600,3600,13
193940,38681,40000,646
112282,8820,17099,30
76665,797,798,13
76566,196,197,68
34721,222,222,339
39910,400,400,28
39912,500,500,18
194811,7400,12999,1105
39905,1000,1000,57
41447,100,151,17
76510,288,500,16
38937,60,525,12
199941,500,501,198
76567,179,180,29
35624,322,390,2673
172018,4691,4791,182
198045,989,1099,13
25444,1000,1063,49
191507,9800,9898,155
56198,1200,65000,41
774,100,238,29373
192870,11300,19750,3449
198503,1174,1328,110
85569,100,100000,221
85568,185,1564,57
858,7,29,2343
172449,33492,33598,170
89893,68,68,322
153667,236,250,113
76893,5800,5800,26
153664,2498,2498,48
76632,1534,1534,15
76504,100,129,16
153665,115,1380,35
929,27,32,3876
82442,230,230,29
153668,133,267,171
77544,2469,2472,42
1710,8,1586,2320
201165,450000,495000,3
15417,440,643,127364
192663,1498,1500,28
200047,114000,120096,508
730,12999901,12999901,1
191861,99,100,230
154898,7,7,12670
192096,95,99,576031
124669,811,5555,28636
11419,19900,42000,16
193389,170,170,78
154129,365,365,382
154126,399,433,271
76701,344,1320,27
158823,334,3140,71
76611,499998,499998,15
111458,290,305,4964
118008,3375,4500,29
76678,1259,5000,24
76509,100,100,167
76699,2024,2525,228
76698,176,2548,63
76693,450,450,38
198184,675,795,4409
197777,28,30,5494
197761,21,28,2785
29563,6000,6000,286
197775,200,400,3357
29564,4595,4595,48
29548,4000,6944,1602
111650,60,60,1143
197792,5600,6887,16419
3239,5,10,576
152541,39,123,988585
37703,200,377,18227
173163,3500,4500,1255
178217,25,85,670
197783,149,181,25584
197794,6450,6469,18938
111666,45,70,1830
200797,5090,5090,52
191319,752,752,5487
168311,111,123,1540
191331,1550,2798,11166
191386,674,970,9658
191394,891,974,623
198224,3000,3000,616
200834,30000,30000,38
191364,100,100,24048
191370,299,398,4811
198268,5000,7500,89
144304,2537,2538,122
128547,7404,7405,68
128545,18495,18599,110
12217,6000,6000,65
136654,1240,4600,549
198492,197,288,4935
198493,30999,32100,1077
168792,1499,2145,34
136377,50,67,885
193896,1000,3000,1327
197771,43,43,17601
38371,9999,12499,32
198496,16540,18340,1025
198499,12497,12497,361
198508,6785,6785,324
198256,299,9299,649
4558,980,1580,16
52236,1489,1499,5
191396,119,134,1348
74866,100,135,2924
193944,1978,9300,423
127840,1012,4074,79
74839,189,529,3654
193963,1000,1599,2385
127839,2580,4111,202
127837,570,800,193
72093,85,100,59089
40022,499,499,65
193960,673,999,2482
93351,6812,6812,104
193952,40,106,28453
80433,313,321,325
89683,64,64,24
127838,3749,3749,801
8244,84999,84999,206
194008,900,900,218
194015,14000,14500,1238
52163,180,180,18
200033,7999,8500,1821
52173,1900,1999,10
12800,295,393,6631
200031,10093,10093,3510
52129,900,900,14
199976,1455,1499,644
199979,1500,1948,206
41440,2599,2599,7
41490,5087,7489,32
152640,1900,2570,1602
200008,14999,19595,285
41502,14999,14999,3
200005,4755,5066,213
128994,15095,15095,36
52141,9999,9999,8
199997,1800,2535,3949
128995,79500,94999,52
128997,15000,15000,19
199996,1200,1299,2744
128996,19950,99999,155
199995,2374,2881,2383
200001,500,500,149
199993,500,500,246
200000,500,525,170
199988,630,630,78
45883,75000,75000,11
173049,200,2450,386
116392,68980,70000,102
199975,44999,53000,111
201314,529,629,52
201311,590,700,56
23077,200,618,2501
198237,1480,1480,251
194823,1699,1699,29392
76590,49900,49900,8
76637,1094,2222,159
200002,500,545,51
140567,45998,46000,82
25700,1000,10000,855
194820,1750,1750,30367
76894,5628,5628,15
192552,1999,2999,1356
72237,29,4523,43626
112156,800,9300,247
151566,11,475,102925
44284,104999,104999,10
102541,75,79,1119
76697,1325,2500,91
136856,9000,9900,21
122742,50,69,126
76661,999,1100,22
160053,1750,1950,613
76641,800,900,18
93705,843,5520,12
76895,6000,6000,29
111668,50,62,1470
38857,100,310,39
52763,3034,3034,32
151567,12,101,428701
52986,700,1269,41047
111671,71,143,3600
86599,25759,25759,7
90046,29995,31498,64
38780,255,559,275
111667,30,934,6189
154884,194,997,1506
111676,50,155,3124
38856,56,1331,380
74715,145,250,149
109143,24,25,2203
5066,809,900,77
111670,116,128,1646
200575,700,914,417
192613,197,197,27
108302,623,9300,570
13457,100,100,1003
158751,97,97,614
200792,18844,19988,42
109137,25,50,16679
95373,65000,85000,430
192967,20500,29600,1750
38839,50,100,42
76619,99999,99999,9
41434,150000,170000,18
76618,15000,45000,24
6297,6090,6090,72
20007,19129,19129,832
132753,107,108,291
173122,1707,1898,135
44087,119370,119685,4
44078,12999,169800,10
118414,4699,9999,3455
193243,1999,2797,1550
76626,11998,12000,33
199973,1070,1900,276
44601,10,13,183
74717,390,395,34
11285,9000,91848,48
32428,98,550,2750
192973,27400,27500,520
111454,50,75,1478
199992,500,500,154
111675,85,87,2830
165733,47624,47625,117
74659,145,150,802
108346,3589,3589,120
74832,475,500,1723
85585,438,449,988
76594,34473,34473,5
1702,500,500,93
74852,400,595,1846
74854,105,9300,231
76591,30286,30286,7
41807,88,9300,837
27422,85,193,984
27435,25,2464,1664
160711,105,147,4561
13935,68,69,78
6887,1470,1500,1081
192746,900,55000,38
201184,128692,128692,5
12361,102,275,8187
194754,2393,3103,2191
5471,15,509,5912
193262,5,40,113861
41593,8555,8555,1768
200801,2800,2825,75
74648,1319,1999,819
172438,200,349,5672
74656,35,37,272
44773,799,799,676
39004,96,1079,7
20002,5199,5199,1372
169451,1400,1400,2935
203865,1999,1999,813
13422,100,425,5493
154168,4055,5355,306
11184,1800,1800,2680
43007,135,230,5273
190322,2400,2446,33073
55985,300,1000,53
44757,600,2090,19
192958,37300,44700,2457
39353,4800,4800,11
30466,1500,76500,20
20770,250,250,68
6455,8516,8517,225
5137,33,35,44
21884,34000,45555,9667
191524,6794,8181,1013
9308,79,999,3026
176864,500,1000,7
11188,2000,500000,2927
24274,131582,338293,8
25463,2561,10000,1863
189542,5390,6799,16667
158378,27,49,53886
11754,150,1350,21849
116147,923,999,2495
154891,13,13,2571
140568,57598,79998,16
68049,300,300,781
52843,4274,100000,848
14048,40,236,48846
199194,1500,1500,26
90556,200000,240000,6
55054,7558,10058,287
3927,25,99,2832
192922,36800,37399,3412
71998,70,7550,36788
64394,9749,25000,380
133557,13,114,450
133561,720,799,614
152546,98,400,5906
133571,162,199,574
133576,135,149,2258
133575,13,13,3513
1181,100,1097,96
3012,100,5273730,34
23947,4000,4000,27
23949,2000,2000,26
3013,100,153410,12
37097,37,149,53
954,100,693,36
128739,67000,68500,8
175970,85,142,33799
168662,790,1033,32920
74250,49,109,50851
194684,111,111,9775
169701,200,317,38745
3859,750,994,13215
36932,212,541,10211
11185,779,499999,1055
192944,19400,19500,54
71852,29798,29800,152
74841,52,2075,53121
44457,619,625,59
12803,3999,3999,1726
31944,137,137,9
200039,13001,13001,1029
192936,8190,8364,77
192956,898,1000,261
197772,100,168,2310
50816,17477,17478,44
38987,900,900,41
44815,2497,2497,46
34831,199900,199900,11
193950,49,9300,1501
191523,20000,40037,120
204308,575,699,226
74838,1363,1434,1401
29560,18000,18000,32
25435,20,21,227
38991,800,1005,38
39006,2300,2300,64
12607,2640,99999,729
130268,2000,2000,14
24231,99,99,90
130264,500,500,104
130265,300,300,10
44329,399,399,70
40211,363,550,294
162111,80740716,80740716,4
201883,58000,65000,1042
21842,346,1133,2079
23793,3384,3384,5016
2672,25,45,1819
34055,72,385,215285
5465,9,59,4288
5373,5000,10839,1975
122343,1495,1500,298
192728,2098,2098,17
27429,48,9900,1630
11186,383,3561,695
3730,20,500,1899
169280,359,359,495
174352,500,500,314
109142,19,508,132527
75038,889,1096,161
193250,10799,12398,1167
12434,349646,349646,12
173128,1872,1875,800
132218,1900,2000,27
152631,7,25,16032
18251,9408,9408,22
162517,20000,20000,653
194801,57999,59022,1870
154990,6500,99900,144
7965,693,693,1196
194013,190000,199900,544
76134,160,1364,1664
109132,45,54,795
199951,500,500,422
34537,1179,4000,48
168640,2598,2793,244
180732,3,4,93365
13889,109,111,8427
13759,125,999,3265
12643,108,108,174
168639,499,500,72
200037,9900,10247,2523
111652,180,199,561
112095,3000054,8148000,30
124121,30,994,11324
39356,1900,65000,28
129032,795,805,54895
193567,4515,12477,198
39360,200,65000,38
65365,7750,7799,847
200032,8999,12870,1956
13464,423,1296,11310
188684,31996,31996,21
178548,348329,348329,1
44482,10,12,134
130247,77574,77978,79
52687,300,5000,40
38766,99,100,392
108335,20,550,7852
114008,2000,6900,12
36913,1519,1700,12938
22790,170,494,11160
198294,2850,5550,149
192701,2068,2068,13
192671,189,189,142
192847,589,739,20446
194859,6300,7439,389
153714,265,265,195
76630,19998,19998,13
76585,35063,35064,18
33460,48,119,114
76620,12130,12252,10
59029,675,675,45
191380,495,598,163156
40046,688897,688897,5
76655,270781,338781,2
194050,155,165,39855
163580,20000,20000,4
40056,550018,550018,1
76575,9581,9591,26
76087,899,900,567
192913,100,590,662
172094,10,275,383651
172232,50,201,93561
22447,52,999,5732
39948,114,114,8
76659,2400,2400,20
3470,68,70,1418
76680,695,715,18
191398,1788,2078,1225
111455,13,13,1029
172048,19,20,993
52124,2964,2964,17
200028,82000,82527,1152
4404,500,1834,2434
170554,250,2585,30267
76689,2206,2356,8
4600,79,379,452
116408,4900,21500,330
171286,285,500,3301
191393,122,175,2775
76558,110,187,10
201192,27000,27000,12
192948,37900,41200,3284
82441,125,143,3354
25409,40,50,291
132192,270,270,75
198292,2300,2400,127
198281,800,900,79
35314,243000,243000,13
44272,9989,10531,28
109139,37,40,10477
201194,150000,150000,7
79312,96300,96311,9
44264,171785,171785,17
44277,15101,18879,22
62007,77500,77500,13
44267,87500,87500,22
62005,34390,34390,10
201219,10097,10097,27
200938,6000,6496,3770
74641,249,500,230
139288,43282,49660,214
127714,115000,115000,13
76892,5917,5917,31
127848,4500,4500,1126
200794,3558,3800,81
191385,425,780,2071
72986,135,3008,1673
187887,44481,50132,78
47831,1501,2001,39
4265,33,35,352
192925,26900,33900,3418
23119,374,579,53
192932,36200,37900,1042
34751,38,39,136
198201,8499,8499,44
43853,99,99,358
63530,1000,1000,69
3404,653,2000,780
199955,500,500,208
63348,1100,1195,139
200006,4500,11199,98
34056,40,485,45725
158821,168,168,49
138382,3366,12000,13
191495,20556,20560,13427
34861,16,20,347
191502,190,280,493
200057,59500,59500,381
199968,6993,7425,40
38895,8199,8200,28
71720,33175,60051,36
136638,594,699,199
67399,100,20000,50
32714,35,45,68
7100,475,500,52
43480,14998,25097,580
4582,101,199,46
38924,119379,119380,53
21024,492,8893,981
38903,126912,126912,18
110635,819,822,30
173130,998,998,1246
44455,490,770,22
178219,385,485,84
163548,253,15000,35
153480,8000,8098,57
168637,3900,3998,583
159791,1467,1467,252
158797,5000,14000,7
194733,893,895,234
198504,1194,1350,111
200578,380,9300,589
38814,561,661,37
38801,1921,1921,45
52760,2020,2020,62
52122,2200,2200,7
52108,450,450,46
158204,3044,10000,1480
200841,1675,1675,64
43330,210099,230099,2
18233,100000,450000,29
168529,500,6735,207
115526,1899,2094,431
6048,6,400,380
5121,199999,199999,1
192905,3890,3895,2812
153036,48392,48393,120
22457,15300,17395,5909
8173,75,200,167
32725,99999,99999,1
168624,17910,17910,40
193387,499,35000,57
197790,1258,1269,14902
6052,85,85,1009
74860,1200,1293,1022
194827,82500,98888,88
9262,19,29,6555
23529,6837,6837,70
23528,3029,3029,131
3486,200,465,1358
200567,1888,1888,884
192769,4000,4922,106
144329,900,7500,458
178106,5000,10000,11
179003,497,497,16
179004,10000,55000,8
5048,270,270,682
178127,120,120,118
18223,1841,1843,72
6049,85,476,3066
181713,200,200,32
193391,248,249,43
176859,79,79,108
178123,1000,2000,14
178173,460,55000,45
153706,1398,4997,741
22574,2955,3400,6586
139786,22399,22500,1229
173070,4575,7500,57
156872,500000,500000,21
159750,5000000,5000000,1
198199,15047,15048,1686
28363,11400,11400,119
28119,23180,23180,246
28123,8000,8000,145
200798,999806,999906,27
59596,388,10428,237
76131,1045,2000,1067
109991,76,99,4007
19222,24,168,559
4539,20,80,553
41511,545,550,1247
4602,99,100,639
8952,9,100000,630
5469,136,2500,2756
30813,370,370,13
16040,49943,49943,62
4370,20,220,146
16005,19018,19018,49
198416,7521,7900,8776
194871,2849,2890,70
79249,300,300,36
172920,70,1603,960
153622,4780,4897,61
12655,1074,1075,11142
34599,75,100,320
19304,2,402,1712
21151,11,13,1040
140300,434661,434661,7
44941,11,1411,725
74822,13,345,1576
4852,36827,156567,12
200035,775,775,28
76080,172,175,272
33866,756,5999,771
23827,5025,5025,21
112090,725,825,4032
198247,1520,1900,370
6452,130,2500,273
67415,67,90,160
27439,185,9300,3367
8827,1000,5655,1097
3823,500,900,626
180058,2596,2999,204
46377,1503,1600,114
184090,466,479,566
198197,41699,41699,1424
3386,45,567,256
13446,96,1439,3841
76564,3500,3574,90
152496,35,100,261
76545,228,233,39
109160,350,10000,319
33825,8997,8998,106
109223,87,500,1169
30817,3,99,19780
183950,710,760,2590
160710,22,23,4514
61989,18800,34400,30
174351,190,399,679
2685,7424,7427,185
3664,106532,106532,39
17222,50,108,228
62677,1437,1639,34
198232,200,2900,1744
5237,380,500000,23
6947,243,1800,51
24281,5435,357035,11
2892,119,500000,28
194732,799,1200,127
3775,189,3289,50
81201,110,110,260
5504,399,640,2152
168654,14999,14999,1126
3669,50,400,42
83157,90,270,1019
186981,1500,1500,77
172902,300,6374,20
132510,90,90,163
15993,1489,1490,52
25440,5000,15000,31
77531,441,4606,66
163781,2000,2898,529
10646,400,450,123
171273,239,350,2374
172091,250,500000,498
200615,1052,1052,29
62514,35054,35054,75
7099,24500,24500,18
33052,359,359,270
156526,18989,18989,354
154887,14,14,622
17194,50,99,8610
41146,2475,12975,34
28284,1075,11682,182
111450,55,55,674
44940,24,27,470
153631,4851,4900,18
153629,1250,1300,12
3358,569,938,8497
153608,4898,4898,33
76130,110,999900,6788
38931,85,991,80
180409,2009,4909,32
172904,100,220,343
61993,85510,85510,15
43125,95,385,5547
62000,75000,85250,6
163643,120000,120000,10
61994,33597,33597,24
61996,65000,65000,5
108301,750,5000,928
62008,88888,88888,30
62015,77210,77210,15
79305,17000,17024,20
62010,29003,29003,15
62017,47539,47539,18
61998,20567,21858,35
32063,6900,6900,80
117,1,10,4295
61992,28499,28499,9
62006,27500,27530,33
62001,20000,22000,14
62014,68800,68800,19
200025,700,720,44
62013,24800,24800,20
43851,27,29,75
4872,500,50000,7
62770,50007,50007,11
61995,87700,87788,20
61999,22188,22874,36
111651,450,490,1925
18945,18,134,43069
130258,112,500000,9
131729,1111,1111,25
109123,170,217,2069
61991,26500,26500,34
62003,20370,21012,16
42780,69,122,54618
194809,34396,34999,1368
188670,34,34,812
192653,198,198,121
143636,12345604,12345604,1
14343,65,980,35018
76891,10235,54489,6
158202,3294,3294,215
3371,1,10,1988952
11584,75,1275,158
130222,4000,4933,37
163076,650,650,478
159919,809,809,30
23939,150,150,97
161383,548,548,527
2321,1,2,44678
200856,500000,500000,38
23977,100000,100000,7
118901,196,65090,41
117440,14401,14470,83
200614,795,999,572
179277,3530,3530,103
175054,797,797,96
723,50,9300,5294
178220,40511,40511,99
2604,1,1,211235
58084,425,1999,1143
188835,200,203,524
5478,2300,2300,49
20074,150,257,91
12213,178,200,184
40078,654,654,317
166270,195,195,727
152557,92,123,189
3825,4678,4678,28
3389,800,800,328
76076,334,335,409
9206,2500,2526,129
168501,1099,7661,210
8951,297,400,184
54629,119,125,402
60405,23,23,366
192868,1880,2000,14934
76079,411,999,2161
168500,8999,16642,786
9179,382,1586,240
141640,3311,3311,124
22826,1693,1693,273
199969,3979,15695,166
52191,4388,4800,220
23118,287,300,55
35759,500,538,396
23097,789,799,20
4542,18,897,736
192713,50000,67500,5
23113,900,900,53
178218,9900,9900,320
133562,63,109,363
169449,45,50,252
108297,1138,1543,1175
17708,8900,8900,83
1177,90,150,44
90047,500,500,21
192668,748,848,20
86432,3800,3866,36
201420,278,278,14956
132524,155587,155587,32
198289,498,500,284
173095,28133,29003,10
168427,20399,20399,305
114016,275,300,133
193248,14129,14230,786
62414,50,3195,135
200845,15207,495000,63
112181,4000,9300,596
62673,60,60,484
76576,2200,2323,53
109221,170,248,450
154883,20,24,511
172061,20,144,4407
109585,200,2499,1637
192834,1200,2448,3785
200573,1599,2100,340
63316,60450,350000,18
194751,1250,1275,3072
63318,44370,272220,4
63317,1581,63000,112
63310,1116,1116,89
192898,1400,2532,1384
37093,72,78,83
5997,45,125,1168
112182,7490,7495,793
87234,43,48,547
168487,884,3999,17254
87242,49,49,371
31900,76500,76579,19
198421,333,395,27121
74649,1260,1600,263
19931,39200,40093,292
198422,325,329,17328
194857,2500,3490,2213
38869,3994,3995,45
198487,100,100,101678
3827,43,44,742
198412,4700,4800,1998
198418,1400,1652,2637
198255,245000,245000,146
192835,1210,1210,614
9144,85,2999,11070
177028,30000,440000,6
176087,500,500,138
22830,3450,3450,211
193368,1700,1700,18485
193369,1363,1400,36145
192856,1722,1888,1603
192860,1600,1845,6206
71874,27500,27500,114
10620,60,65,234341
20867,1005,1099,34
182459,3430,42069,2561
108341,31,55,1824
155607,19000,21600,40
140188,260,499,61
21592,200,200,35
192683,174,175,56
21562,95,95,66
21595,4090,4100,82
21559,48,48,2757
108323,49,93,1765
17307,269,269,82
5523,50,92,1049
158834,299,299,62
202401,222,222,149
90057,295,295,52
17304,97,98,564
23530,218948,218949,49
127368,29206,29501,5
180318,80,114,216
22842,3800,4100,283
12808,5900,8499,968
153442,3300,3444,166
187849,42494,42495,157
124112,19,100,10316
186982,4797,4798,58
193556,5200,5200,47
183952,418,700,4159
111452,150,274,695
129286,9700,9700,234
53064,475,500,708
134860,63,64,152
171268,25,50,1106
199967,2798,2798,128
174281,423,459,196
172049,72,75,977
177040,19,19,733
172934,150,306,9677
38772,216,559,1097
8545,69,650,3437
4470,1,1,352341
5428,1332,1333,40
117457,25079,25079,236
198161,188,190,1280
132517,144,93409,58
14530,79,750,1019
132515,599,600,231
38968,60,90,37
13512,50096,50096,294
2581,9,10,22727
21023,8804,8804,621
108345,1373,9300,775
174348,197,1000,630
127712,1677679,2999800,3
6451,44,100,1273
113290,100,100,130
184281,50000,50000,5
3300,500,100077,581
3531,3,202,2038
33824,2225,2225,833
15872,6263,12500,106
130176,250,530,4884
111453,66,81,282
19260,2558,12025,38
153708,1970,3026,128
188795,4950,4950,15
188794,344,388,80
188682,280,281,293
116428,1000,1000,190
52149,80065,80066,11
52176,4587,4787,20
191474,470,470,16900
52139,6333,6333,4
110617,253,258,61
110626,338,341,49
110652,1900,2000,39
110624,473,474,64
112160,993,179999,14
110633,239,241,23
54448,29999,29999,44
172415,125,345,108
110654,1600,1850,39
173191,44,7504,1790
110628,526,528,24
116979,10,10,949
44449,70,7980,87
38825,14,14,174
133589,415,9300,1052
178174,2990000,2990000,6
182121,83,83,39
163103,196,15000,84
163019,81,15000,94
162560,337,15000,53
38940,46119,49845,19
118006,36,215,1422
175962,1000000,1000000,3
55057,76,87,59
118391,99,178,888
74857,300,619,1494
193210,36,100,1664686
179993,154662,450000,40
25899,21660,22772,31
49397,31559,140924,4
128742,80000,80000,7
31917,45000,50099,19
101661,4096,7806,68
193555,285071,285071,17
128714,750075,750075,4
56195,666931885,666931885,6
31888,24687,31562,9
103786,5940,5940,152
44263,44338,45709,19
31895,19452,19452,11
108364,7734,7734,147
179295,3988,45000,41
31913,5500,32492,16
108348,101,101,1095
62018,199917,199917,6
168232,19604488,19604488,1
2735,62000,62187,8
80593,800,1499,432
136566,9521,9521,14
63299,500,38313,6
109140,14,18,5244
113277,75000,75000,7
13159,583,2090,108
136557,1000,1000,20
193259,96,9400,442963
19227,190635,190635,7
117415,9480,9480,46
62505,250,250,66
128734,43000,45000,6
166240,69999,69999,19
112280,7000,7095,93
19236,49489,54999,15
52785,11945,11946,30
39563,498,500,30
62270,56,2557,141
192689,400000,400000,3
172097,102,193,42603
110645,1186,1532,38
770,9999,102224,4
6662,2000,2000,2206
192908,2050,2050,395
90044,635,635,16
6041,45082,45082,26
43004,75,5000,3333
192929,1299,2000,104
179314,7,10,15391
173035,7,99,12142
173033,7,9,21951
192959,10000,10999,71
198212,5000,5000,2439
172503,50000,50000,3
173123,760,1263,169
113276,166549,166549,5
109152,900,998,422
63246,531,799,475
71826,65036,65036,51
196440,122,4860,142
57061,25,45,36
74844,28,70,21894
192711,2298,2400,26
200785,4740,4755,16
200832,524,524,255
1520,100,100,546
132513,32900,32935,278
22642,8455,8900,22
71842,20000,20000,71
42500,800,800,44
82449,89,3558,172
108326,50,81,5696
153597,7500,8000,3869
200451,1800096,1800096,7
55056,20096,25098,20
23736,49,49,299
192976,8800,8800,497
38880,9881,9907,38
153430,289,399,89
203414,39018,40000,1156
153435,74,450,41
160502,44,100,1336
200770,22400,22480,25
109153,745,825,409
198280,5000,5497,419
123956,3365,3370,303
193945,1089,9300,1151
38808,19,20,200
38798,672,673,119
168302,74,124,4462
44749,3997,3997,112
192970,9999,12999,1348
38425,1999,2297,5898
174350,74,75,484
128732,23000,222000,4
132238,50058,50058,9
128736,30000,30000,12
118630,599,5958,86
132237,300,344,253
178223,50045,50045,7
109222,199,216,110
52747,1500,8757,17
35627,1700,9300,812
153439,249,3999,417
36860,4401,12000,7354
38773,43,9999,18
193031,3296,9297,637
28458,20000,20000,6
199056,6924,6964,133
199060,2500,3000,55
190235,86669,222244,68
199058,10000,19000,138
194681,200,200,666
172921,500,1000,239
197793,200,200,1739
11420,500000,500000,21
556,1800004,1800004,9
11417,10091,10091,16
195459,300,300,657
108920,168,168,288
139036,400,400,569
23380,7200,7200,21
30512,200043,699543,13
33546,578,578,30
136708,13589,15490,243
9060,5000,5000,132
56053,10000,500000,13
107472,107,160,107
57059,115,115,18
57060,500000,500000,21
67323,10000,10000,26
67281,7500,7500,32
200043,549,549,917
67280,7500,7500,30
81409,45,338,646
62525,200,500000,14
67289,10000,10000,39
39513,33,99,33
193029,3500,3500,273
107393,200,120000,24
5329,125000,125000,13
1645,19,132,1715
4784,15,18,283
107528,99,200,277
20763,1050,1050,6
52212,9999,9999,75
5128,95,65000,28
33048,12,117,626
128737,650000,650000,18
2894,5,431,1231
67405,500,13055,16
30610,1072,1072,26
89639,275,379,1027
43103,1800,9300,238
200049,129500,129500,822
40215,23215,24436,85
128744,399999,499999,3
169952,3000,3000,11
193564,80000,100000,103
32224,724,724,61
198209,1800,1899,187
17408,7499,7499,20
140266,20307,50087,13
198309,17571,17572,74
3671,100,65000,35
115012,440,250220,8
129002,149000,150099,18
129000,82995,83297,30
8152,80000,203300,72
168956,13198,13198,28
39562,29,29,70
199937,517,517,51
197852,1468,1468,343
153663,490,2806,70
6293,100,55000,47
6458,300,300,240
128991,5000,5000,13
200796,10000,20000,77
23987,700,700,65
67749,200,300,1886
67407,120,65000,39
175788,75,300,65069
19440,773,130000,16
112157,550,600,469
113530,345,646,129
200506,19,74,16778
72238,545,3840,28862
21561,100,500000,65
72235,29,2500,16600
142336,13,995,7069
166583,12983,12984,116
44781,2574,11685,25
200851,15000,15000,43
129001,158000,160000,25
128998,74995,74995,19
194803,7800,10049,3335
128999,20023,20023,10
128988,7598,7598,18
168960,5000,5000,99
7076,28,3357,8167
36912,670,690,62064
200018,65000,69595,2133
4390,85,253,191
173048,11099,11100,405
191462,275,497,183088
112281,900,900,12
52328,1383,1800,15038
124103,488,1500,47270
54626,10000,10000,15
105723,350,350,95
36797,50018,50018,4
193552,1998,2634,46
81917,764,764,389
136376,808323,808323,18
45882,152000,198750,4
200014,79000,96508,638
200017,54999,55175,90
44279,40011,40011,8
40085,454500,454500,4
128720,118070,118573,4
29579,150000,150000,12
44466,900,20086,151
198296,5244,5245,395
194695,190,259,784
16166,1288,1288,662
63691,1452620,1452620,1
117472,3048,3049,16
1703,557199,557199,8
127763,999992,8341492,2
6373,200,1496,397
62004,70000,70000,30
12003,27261860,27261860,11
200029,112099,315803,1500
8953,7,67,560
155907,831,831,74
183738,45,45,140
4361,299,399,134
184690,15001,15001,168
155620,2000,2000,9
186975,136,137,130
160399,133,135,1756
147776,665,699,1831
147777,894,12594,1042
147774,2370,7570,406
33234,1550,1550,181
74843,122,143,1505
33254,508,508,301
3402,85,65000,42
33246,7500,7500,90
116266,399,399,270
74645,4545,5050,137
172500,1576900,1576900,1
11391,130,144,229
203652,14073,14073,1379
190312,4384,33256,11052
171285,350,460,3472
97622,200,264,747
89679,60070,60070,7
180429,999999999,999999999,1
11394,183,183,182
1251,10,86,983
11325,70,2545,568
115813,10089,10089,12
158862,142,142,136
20869,1120,1500,67
12436,500000,500000,5
39967,411,421,15
41435,1450,1450,33
198306,150064,150065,68
41455,1994,3223,5
39920,5053,5053,3
20381,13999979,13999979,53
52090,328,328,24
168795,1089,2222,46
168790,200,200,41
5263,3087,7010,69
192660,189,289,28
31866,4246,4246,45
52133,10366,16097,12
102218,43800,43900,424
204310,450000,450000,11
120331,450000,450000,2
24517,1222000,1222000,3
192616,60000,60000,8
39684,84,9300,694
179369,305,305,54
100738,755,15055,30
115811,40587,40999,26
193563,1900,3800,659
3729,20,25,129
192927,7900,9399,46
7098,2000,12500,38
195359,100,100,13
44481,18,18,121
44599,10,27,209
168650,10,500,22557
29570,50000,50000,39
127037,395,507,3239
74848,222,270,5225
52756,99,199,174
199970,120000,120000,48
3530,200,200,833
172069,13,13,666
92430,33002,33002,4
97619,287,9300,370
111669,29,73,3973
111674,72,75,1646
16168,2088,2109,418
169149,1600,250000,12
21114,13500,368118,161
21593,9400,9491,45
128548,75084,75084,25
44325,400,2299,130
21558,33,33,2680
14342,11800,11800,1013
194723,2156,2222,73
69840,300098,499999,7
130215,198,486,78
130217,194,194,38
130218,190,195,191
74729,244,448,40
130221,3750,3898,77
74643,90,90,259
31673,313,317,44
2091,48227813,48227813,10
160942,1000000,2337547,2
41285,14400,15000,8
39914,98799,113068,3
137557,2360,21075,73
61997,122500,122500,7
20416,230000,230000,5
153607,4900,5000,15
130904,1500,1940,1855
20432,80104485,540052242,2
200048,140098,140098,359
152564,1900,16999,172
200576,2809,5041,148
39350,1688558,1688558,7
163841,200,200,83
159464,3556,4500,36
153192,300,1999,495
76098,94,97,507
136561,72,72,40
167738,329,5537,12030
52980,38080,39499,3539
6042,10000,10000,31
161153,200,495,30
4585,140,200,120
22525,12,13,211
128546,5397,9272,40
128560,809,809,105
128554,997,1598,29
38844,200,314,210
38822,146,516,328
18594,2497,2500,76
52757,31,321,78
38794,46,46,69
38793,10,14,288
32206,845,845,1112
34748,275,410,1084
34207,3276,3276,49
32205,378,15079,1942
154705,1624,1624,291
35761,700,700,1225
32226,780,780,979
38430,150005,150005,9
1468,2,20,14943
43118,1900,2499,1815
152579,499,819,38564
72092,330,1029,63595
32211,1233,15033,880
108304,85000,85004,26
113574,300,400,57
112273,38415,38415,5
11415,100,1728,39
200778,39600,45000,71
173098,19998,500000,11
158868,299999,299999,15
193228,22998,30000,679
108299,546,9300,482
192966,9995,17069,387
29534,72500,82799,15
130192,7042,7042,317
112287,1450,1496,121
31912,3097,3997,15
178130,20000,120000,19
112291,2400,2429,28
192841,575,825,15374
22375,480898,480898,124
68134,2097,3865,102
178107,500,1200,14
113261,68,630,29165
178135,4000,4000,15
187702,50,444,90263
45199,32,12565,34
185479,3500,4500,16
45195,500,44500,31
129284,5527,9300,30
185476,1200,1500,95
38824,555,555,56
179022,55519,55519,20
44617,90,90,44
184394,120099,190049,4
158805,2600000,2700000,3
179279,1022,444422,23
192851,780,947,64151
35758,525,9986,1285
112283,18354,18928,16
168446,7597,8315,137
32198,581,9981,1649
111441,150,155,291
32200,945,950,1432
128979,3927,94221,13
4457,100,100,189
172413,15,15,148
180168,47,47,75
192947,22500,23070,171
52983,300,6570,47832
114001,74900,75000,37
33462,111,140,98
81918,399,400,524
173037,10,98,44767
52984,1108,5575,22934
111457,1000,1600,300
109128,149,150,54197
40769,4998,7666,3324
63306,2175,2200,717
23841,2944,4544,78
10918,221,30040,15
6296,200,200,59
81204,9900,10000,36
24232,199904,199904,6
81197,295,300,709
7974,15,24,37725
191872,7536,10995,655
200853,11000,11000,30
4391,2499,2500,12
153479,1900,6200,79
16203,129,200,7787
34330,700,900,137
154706,1500,1500,450
20452,500,566,43
45932,400,400,85
58086,3000,3088,248
58085,2088,19999,640
25651,8980,8984,13
59595,22999,33052,63
32201,1500,2000,1588
168653,15076,21699,1430
3821,4724,7500,14139
74718,619,620,215
199938,1000,1849,22
104348,500,500,70
173041,48,48,138
132223,268,268,55
191476,849,849,49829
32203,5445,10000,1297
193943,44433,77733,7
11393,121,1092,226
32225,4752,4899,1082
133607,7,17,13051
32209,3600,3600,436
52152,377,419,11
122344,106,106,217
32218,2100,2100,351
32217,1199,1199,67
42433,11100,250000,50
178542,9799,9799,15
4595,396,399,175
25652,15500,15500,8
200776,28000,29901,64
200774,9900,10000,45
200809,84999,85075,51
115808,500,500,27
76643,800,898,15
79301,73644,73644,3
138292,18,18,430
175053,800,800,24
200633,200000,200000,10
74644,2340,2599,174
158381,8,22,1450
54817,50001,50001,5
54819,350001,400001,6
32196,4817,15000,716
183203,2500,2500,10
2744,450000,500000,7
138290,868,868,58
127845,749,3086,132
10938,95,500,7218
9357,749999,750000,6
142266,2,521,13510
152876,352,7900,11895
162012,5987,42069,453
38926,3999,5845,30
90457,500019,500019,1
114017,80,80,105
29112,27500,27500,46
22831,1900,1900,166
168315,68888,70000,217
30820,85,100,33
36814,64,64,109
137643,300026,300026,10
172363,100,10088,5214
36813,2720,2720,91
4097,100,189,24
54818,700001,700001,3
41337,249,256,96
74851,289,289,876
74660,2375,9300,644
179986,97,97,47
128632,200,3500,2043
173359,170000,200000,12
132231,22,22,671
132233,22,22,560
132185,769,769,17
9312,100,3979,1273
128650,111,111,4263
82328,15,23,204
41510,190,544,5865
173126,200,200,38
168642,1497,1800,348
41166,21000,21000,61
23436,2875,3398,446
174353,1,1042,239169
24027,5800,5800,101
63291,15,20,149
2934,100,225,2646
199204,100,100,116
194048,195,198,857
194685,900,14900,1537
200766,25037,25037,36
192650,200,200,48
194806,15000,59999,967
20866,1700,1700,72
130245,98798,98798,34
10507,497,498,300
38885,49987,90738,14
22788,5990,6319,159
130178,1199,1200,432
153662,2598,5506,57
10290,15,15,32338
109625,110,289,740
41812,56,4199,895
158212,3399,4546,198
180410,4999,4999,5
31886,1500,1500,41
88491,2519,2519,143
174890,4584,88884,107
53039,25000,25084,289
38864,588,599,97
158789,10000,10000,8
187831,32060,35860,351
201316,9900,16600,185
13444,30,73,359
62658,142,144,38
128018,3384300,3384300,1
172047,71,71,205
159468,814,11187,202
162559,196,196,553
163133,387,391,140
74636,115,115,622
108327,188,221,643
178225,74,74,204
6714,1879,1880,171
171315,425,993,14211
19026,500,500,78
22789,432,3500,13157
36905,175,371,10043
52985,300,403,22960
168586,250,490,46227
76675,594,594,5
52114,450,450,20
52143,1188,500000,19
38833,24,25,330
90552,99885,99885,10
162663,45000,45000,6
111603,25,50,571
198395,99,329,11139
3860,500,567,8429
11371,19598,19598,4168
13931,10,60,64
113588,1015,1234,10011
107663,1642276,1675791,3
24405,20000,20000,24
24338,199,199,121
60485,34,622,1887
11018,9700,9975,370
29581,450,450,31
961,50,225,46
4536,1,1,1801
24291,1250,3550,1002
163843,4915,5015,13
158760,175,190,63
158752,400,569,58
194016,200000,200000,205
195543,208,371,64
200681,67846,67846,126
192706,2442,2442,392
52094,400,415,26
107518,148,221,40
194862,49399,77105,402
41400,9999,9999,38
193470,6400,7750,35614
40035,92,92,559
27651,979,1225,202
128848,9874,9874,72
128849,18728,18728,55
138977,2605,2605,21
197848,303,303,489
61984,431,500000,162
63251,3488,3558,200
162010,5000000,5000000,3
52718,137,167,7577
76615,28480,28480,8
45981,35900,36000,11
38682,15,15,21986
39354,1,1,282182
52230,14999,14999,53
187636,9603,60000,1960
191469,1920,2567,48269
2798,1055,1875,408
23571,100090,100090,586
194870,190000,194900,6
58269,10,2510,243
138486,1290,4500,4164
2675,10,96,2399
138488,3441,4999,2835
81402,175,193,189
76089,75,105,321
178149,475,742,224
169675,133,139,951
169674,75,159,1177
169673,165,178,1098
38928,23,1324,220
168489,9884,9884,466
200769,476,476,228
20404,34,99,57181
178175,1000,5000,15
204235,15,59,978
199978,990,990,2658
77529,20000,28077,23
198194,3490,3500,10536
191525,15091,15091,873
168638,4000,4000,228
36921,445,10000,1873
112276,2009,2200,35
52291,13101,13371,52
168636,4994,4996,530
138727,198,1000,13683
22528,56,59,768
198312,290044,290044,376
39005,699,699,14
3702,250008,250008,2
129285,7760,8000,263
162516,20000,20000,73
198502,10000,10000,461
52196,102500,137987,598
76606,1500,1500,29
76667,1499,1499,13
200058,499800,499900,209
193021,42000,42000,182
158740,400,500,74
194802,11500,99900,1198
194785,58900,60000,1463
116149,803,999,2393
15869,77,100,91
194807,9599,59999,1837
187836,21098,22039,133
43126,298,500,3612
21571,1095,1096,2762
87764,1485,1485,397
21576,348,349,2668
152561,222,2982,146
192993,5078,5081,2653
128011,2515326,2515326,7
79255,1000,1293,2732
128558,998,998,558
39343,275,323,24524
76642,399,399,39
76649,879,925,60
43123,2400,2772,1833
76650,3835,4617,24
76653,99999,99999,8
76664,999,1125,29
76674,449,449,9
76676,5000,5000,8
76679,390,599,20
89674,5000,5000,7
89680,2150,2376,47
191326,7000,10194,273
76682,600,697,21
76688,1207,4040,97
76692,5644,5644,238
76695,333,1004,28
76696,2900,3847,35
142264,1469,1469,293
76639,5200,5599,67
76638,3000,4500,38
173761,893,963,178
76636,1090,1095,19
113262,58,94,68008
171829,300,4652,19203
153478,15700,15700,161
171832,991,992,39329
193438,2400,2475,20
71862,27958,27958,32
25521,76601,76601,56
38964,811,811,115
106870,90,99,240
44458,611,611,186
40533,245,1273,1316
74707,1111,1111,352
193561,8000,9899,553
153437,74,802,303
37156,1509,3569,57
173160,8459,10000,310
32222,3900,3900,231
173162,10000,10000,291
112289,1000,1177,72
192553,448,537,1438
194571,1700,9300,384
194576,2499,5505,313
161344,38097,39999,1092
187823,9596,10096,54
52186,2500,3500,24970
18662,400,3964,389
198302,19892,19894,86
116811,100,500,1596
108342,395,495,1370
52326,1399,1999,93207
108333,1000,1027,871
57064,900,1000,5
92432,499902,499902,7
151390,400000,450000,13
40042,200,200,97
173057,17,25,118940
32079,500031,500032,7
171436,65,366,335
81196,75,195,298
194694,199,199,352
173760,854,854,99
71876,22500,25085,54
12644,49,52,1023
44570,5,319,366
158927,993,15000,52
7067,200,5599,4941
52211,10037,10037,75
192845,717,2329,27741
199983,500,518,287
17303,94,95,488
74701,96,99,43
108298,1568,9300,476
108300,386,479,1170
108307,1970,9300,512
62526,65,75,46
97512,577,9300,902
21844,600,600,1435
6303,21,35,14837
39916,526244,526244,5
163844,300,250192,6
191497,4300,4300,18063
4278,1499,111437,172
200059,90010,90010,284
38984,400,1030,32
110610,3,21,7968
71848,149799,149800,46
22850,202,224,30
110682,14993,14995,46
10450,500000,500000,40
29412,1509197,1509197,45
192911,1097,4500,770
7964,30,500,162
74705,2197,2197,26
22847,7500,19898,522
200581,300,672,238
49110,40000,57500,136
162573,7193,7193,74
199940,500,519,283
7286,111,1120,3748
172937,211,9211,6689
192924,3000,5500,234
44266,17547,17548,45
38890,99888,99889,20
102543,70,111,881
20541,536,626,399
71866,49980,49980,31
198298,88,245,79
52222,9083,9088,31
194788,17800,59999,1256
201162,3442532,3442532,2
153431,198,3999,105
191950,2509,2509,3865
172501,5000056,5000056,3
3685,24,74,8766
23768,100,159,1449
32576,446,446,248
38925,18996,18996,62
192962,8399,8399,47
4233,514,656,2212
128761,1822,1822,49
76599,80000,100000,7
128838,4022,4091,66
56516,2900,2900,1338
152812,9440,15795,1038
192709,15000,190000,12
4289,1,1,247263
158773,127,127,77
175052,400,400,74
74722,1111,1111,230
32221,4076,4077,109
163018,599,15000,61
198239,991,992,164
103797,621,621,627
38923,315442,315443,19
173085,28500,29998,25
133590,20,34,2030
112300,9291,9480,33
112463,86,171,573
98111,95,100,62
52093,400,421,36
179020,301089,301089,5
67401,5000,44401,11
197856,1026,1527,1718
139890,86348,143755,985
5429,250000,250000,7
67277,700,749,35
109127,148,195,47104
79283,229000,229030,11
79303,500000,500000,3
176885,3500,5000,12
152897,398,398,102
19269,1600,2265,44
36933,770,982,1445
191350,9670,10895,1197
3179,500000,500000,5
198278,3454,3454,56
36920,124,397,1757
159868,1855,1855,47
52168,450,450,10
17020,499,499,101
10840,500000,500000,3
32223,500,500,178
62529,500000,500000,3
55981,479,550,41
55984,79,9900,50
192921,9006,9500,44
6470,25,45,3734
23385,350,65000,29
42997,845,845,557
62340,75000,75000,17
192951,13900,13999,72
190535,74480,78800,4601
69863,1075,1100,17
31079,5898,5898,409
69864,44900,499900,20
4357,14,36,39100
161128,272,272,568
74716,113,370,130
171348,3199,147899,3
113274,82693,82693,1
79291,27300,27500,16
79293,19900,19999,7
79298,36100,37271,19
79314,15799,15897,12
18232,7655,11807,409
38432,79957,79957,72
76508,346,346,30
177842,427501,450001,36
44758,69,70,71
153710,250,251,331
158743,400000,400000,2
76534,150,150,33
29575,20000,80000,35
174891,1544,88844,63
76078,1431,1896,935
44287,169999,169999,11
44288,21922,21922,13
177026,900,900,6
103795,4802,4802,40
83064,25,599,3480
192871,106998,250000,2561
24054,681,681,27
133573,14,14,336
63127,3373,85000,541
112288,1103,1156,24
198190,2100,2150,687
43010,700,3300,4699
43466,100,100,121
43464,649,790,201
58142,25,80,1646
109584,10600,120092,147
37094,295,295,74
133574,799,845,239
163054,24931,24931,95
58093,995,1787,407
83120,250000,250000,3
2871,333,333,267
198259,200055,346255,7
197766,980,1049,18428
168419,7000,7500,92
112284,3700,3880,39
32215,2000,2000,222
38850,825,1731,88
38886,17500,28496,8
46098,21590,21590,12
52180,2490,4095,5116
153434,59,837,116
52774,13937,69468,16
124125,9800,9906,47
22846,1800,99999,280
168593,6900,9987,147
52772,5455,7266,22
59489,15000,15000,18
178540,520019,520019,6
180882,1000000,1000000,1
36782,75,9300,953
158750,500000,500000,19
194577,1900,1900,527
955,100,545,42
20963,1208,1302,1136
191379,450,980,2256
201182,189900,189900,8
200764,3900,4000,203
36784,10701,29900,459
74720,127,127,263
38959,300,300,15
109626,2489,9300,782
74726,1499999,1499999,5
198283,9708,9956,89
81401,150,300,157
162026,697,15000,67
163075,686,755,427
193227,10934,15000,1550
61983,593,593,35
201421,10998,14999,6042
151720,4700,4700,290
81198,164,164,29
17031,60000,74500,16
128499,700,9300,596
62238,478,40082,25
194574,6999,9300,198
39003,1637,1637,45
52293,8970,8970,12
9154,228,1639,1219
52771,27,222,51
76886,5390,15000,33
32220,4900,4900,83
39209,65,65,110
2940,5000,5000,24
18262,1049,1049,50
52218,9298,9298,62
129022,49889,50000,147
60378,100,100,468
187796,210,520,693
173051,13089,13092,47
32902,9,15,1708
22374,400000,400098,15
158758,111103,111103,1
39210,497,497,74
142334,379,460,437
192721,27000,29800,21
14341,65,100,6939
63272,9900,9900,15
67335,5000,15000,1714
86069,24,24,126
34765,148,150,146
68047,1865,2486,6
81411,25,41,162
21752,199,725,11319
5206,45000,45000,33
32062,4454,4454,255
31892,1075,4597,74
29460,7499,7796,6832
25447,7538,7538,21
178539,500000,500000,52
62011,39900,39900,10
38873,22598,24599,84
63273,2900,2900,33
116276,89,791,308
192849,422,1410,10483
56550,46699,46700,38
198213,6599,6599,154
57194,109,128,70
38853,400,500,41
140286,173,174,107
200782,3000,3000,62
38790,65,75,106
196583,5000,5000,530
79297,106722,110022,9
193360,14065,16714,663
200680,150000,150000,82
130219,4800,4802,16
82344,1437,4520,67
52289,14096,15096,40
82343,57,3657,73
83095,1680,15070,31
23787,28500,39295,1131
193469,1518565,1518565,11
62009,70000,70000,8
74837,1043,2628,4870
112295,8448,8450,46
112293,1127,1150,32
200844,35000,35000,34
194846,1072,1199,19645
144408,2500013,2500013,7
178125,60000,65000,36
180327,100065,100065,1
34125,216,216,101
185483,20000,27500,19
4394,2999,3698,384
185968,220042,220042,11
175056,1302,88800,181
2863,5,300,484
115511,1995,1995,49
105704,10000,10000,100
58260,10,108,978
33449,14,14,728
82450,45,45,941
130204,65000,65000,63
35950,320,320,634
130203,20000,20000,164
83094,96,154,110
201820,1031,1100,194
196540,725,800,521
38854,7492,7492,16
178226,853,853,255
86026,69,69,102
158831,148,148,66
6444,17500,100000,107
192899,2296,10000,851
23427,1500,1615,26794
2723,4,85,859
37145,5088,5088,35
10920,500000,500000,12
8391,50077,50077,18
34766,322,361,20
67397,999,150000,25
58265,194,194,457
6807,50,75,161
17404,100,17500,23
22376,295000,295000,4
133981,3501,3501,242
205242,290,300,58
52239,2006,5767,33
59479,10077,10077,8
191520,9900,19500,97
128543,4766,11084,64
198535,2098,2099,170
74703,1499,1499,24
173125,3515,3515,17
19275,18099,18148,12
197784,150,161,16016
118711,679,2210,1631
200107,95000,97450,2
112298,29476,30077,60
169299,5777,5979,1390
152550,598,602,217
38881,8715,36537,37
128730,40000,40000,16
132225,58703,58703,8
152503,1299,1347,326
152495,76,152,741
126935,5167,5167,34
153634,21948,21950,74
153633,17823,19950,20
44958,1900,2829,717
44331,798,970,102
128715,110058,110060,14
141320,3754,120000,55
56551,65002,65002,39
198401,9000,25013,164
87806,4034,5040,217
43106,2064,2265,6288
77468,438,809,1431
179270,20000029,20000029,17
58145,119,119,484
128846,7617,7617,76
141214,5369,5469,43
140302,1869,1869,39
56158,34,34,40
128559,994,994,194
194688,370,370,308
152494,55,229,902
38979,349,349,70
128723,807186,807436,10
38841,48,48,69
44328,561,1146,92
153251,569669,595000,32
110632,500,500,31
153630,1597,6595,48
56850,3525,4028,10933
74651,600,799,162
153626,4880,4998,17
128725,49999,49999,4
38789,91,96,68
60743,405000,475000,55
88156,20038,20038,9
62530,26,177,62
17406,80,4500,237
88155,1000,1000,7
176392,200,200,12
7191,368,999,2482
31670,1000,9300,797
176089,199,199,25
9356,100031,1499031,16
56517,7224,7224,66
56503,5200,7800,86
126936,4800,224775,122
193931,1218,1225,26526
74856,1076,9300,6604
171349,1200,1275,1078
27667,79,123,277
83092,2351888,2351888,45
178017,50080,50080,16
176086,124,124,119
187805,1000,1494,87
55974,17,18,69
60858,1556,3800,146
43015,1579,1640,193
44618,300,300,77
2593,3,125,608
2595,70,75,270
189154,522500,584550,368
140587,1404,1404,372
176391,180,180,25
8766,7,20,188
172935,11,12,3993
189146,350,1200,2656
189148,2000,3998,3422
187635,900,2931,2971
110647,1091,6005,14
128729,135000,1577775,6
38874,1382,1474,60
38832,343,930,99
119095,40645,458568,7
58088,12075,12575,1610
200580,1245,2400,184
21177,5004,700023,156
120150,807,1261,192
34754,500,2000,409
179019,30097,30097,29
157798,400000,400000,10
108439,12400,22922,1103
67404,1299,11500,307
97624,300,9300,512
36910,5000,9935,5018
190452,1380,2599,19347
2678,1,1,161553
22849,1032,2832,1868
119097,25079,30117,15
38949,11,11,83
163082,96,999,1775
52179,2000,6500,2329
76691,2995,3000,64
198165,14099,14599,3757
63396,320,320,140
62649,2449,2608,3724
204311,958,2373,151
12214,17793,17794,105
154123,350,479,764
160705,77,77,4661
128768,160,2525,1096
76141,425,477,350
44332,1160,1195,236
76139,1000,1338,2252
79295,10033,10033,19
76586,4098,8692,6
76662,473,531,14
38993,500,10616,177
52762,87,98,56
38951,99,99,69
38962,40,40,66
40900,1248339,1248339,1
163912,3000000,3000000,1
62661,113,198,250
4460,118900,119496,49
38817,11,115,1981
62277,25,25,93
62273,44,44,107
178134,250,35504,36
40213,9995,9997,57
6051,85,85,963
6050,60,433,1065
62523,300,300,59
62272,600,2069,76
174284,184,184,130
52555,650,925,10137
34756,1009,3511,116
34753,2400,2497,184
44953,1000,1250,26
6150,119625,119625,23
12209,684,500000,306
106888,75,90,246
25426,25,36,389
180880,500033,500033,4
25437,500000,500000,3
27729,738111,738111,5
27934,200,200,32
34053,49,9300,840
29571,200,500000,103
25445,200,200,89
13468,84500,95555,1439
30812,179,198,33
30510,392,396,26
56202,500000,500070,19
56201,50099,500099,12
56200,4118,10003,4
15994,304,9300,951
124104,398,1500,59007
44756,600,600,147
124106,5951,7000,15734
7070,30,704,15556
7075,5,2505,10270
193231,21299,21299,3058
44499,350044,350044,15
3673,900,968,166
133579,8816,8816,1404
1687,4900,500000,4
34750,100,248,136
13467,585,699,9125
1701,89,100,73
13365,26304,400031,11
94535,2500,2500,74
25414,900,400000,12
25412,90,95,76
25411,75,90,142
17407,500,500,37
155603,32,32,126
124444,5000,9400,3522
193244,9999,9999,5979
52140,1027,1027,8
76616,15045,15045,5
193934,7600,7900,9181
203862,1999,1999,144
189149,17498,40099,1200
29577,29380368,37651526,61
27682,43,47,5775
31885,39999,40000,19
29393,1797,1797,225
2673,462,9300,963
31905,1000,1200,41
19265,20000,21722,28
76531,150,150,13
205240,450000,450000,6
22448,245,2515,2765
76544,283,403,42
22446,198,275,87874
74247,50,100,113079
200833,49951,50001,24
182122,369,410,131
38372,12009,215083,25
74662,12130,12130,113
76525,437,437,4
76515,162,162,26
10286,24,1640,10526
3745,35080,35080,9
168589,419,474,25644
160483,27,100,102
22845,2079,40000,527
4605,100,269,154
199646,15037,25000,76
197785,149,200,4124
191250,2499,5390,66
93706,420,420,48
52178,1853,3499,3096
197779,189,199,8475
200038,12276,12444,2433
162561,180000,180000,19
162556,2500,2500,10
76524,1000,1000,13
133545,10000,10000,5
40128,3699,3700,84
40125,2038,2038,36
130200,25000,25000,104
129099,50000,50000,34
67385,198,500000000,75
204237,98,289,908
133566,540,540,214
52106,4800,4800,9
38788,598,599,24
155605,100,200,97
44782,75030,75030,15
152507,70,125,101942
52128,1000,1154,16
22785,370,3322,8948
201320,1101,1101,118
188762,100050,137500,36
124119,50,100,52136
52144,10000,10000,2
154707,200,250,63
40536,45,57,1124
193223,1132,2225,85366
20514,10500070,10625170,5
169456,2499,2798,403
41163,10900,10989,2214
37118,43,54,717
63305,1998,1998,76
188683,2367,2367,17
22854,3722,3723,427
44208,40000,40000,7
182714,5000,150000,4
52074,137,238,9
7296,474,1167,40
9355,100,150000,11
180332,500000,500000,2
43658,10000,65000,24
33553,500000,500000,2
151393,20000,210000,4
89739,4999,4999,5
176852,130,130,42
175957,300000,300000,12
128312,803263,803263,28
21747,63,66,44
45189,5831,5831,7
205244,5800,5800,10
169130,7392,120000,32
151394,2900,70000,27
169143,444949,444949,5
158790,2337,2338,11
54830,550,550,5
5125,38882,269441,2
55978,81,90,32
60579,63030,63030,8
3177,100052,100052,10
201163,200000,500000,3
35788,500000,500000,1
176877,2500,4000,22
11940,5090,10291,69
24403,700,700,23
5432,25106,25106,24
192665,340052,350052,4
36809,65000,65000,28
111245,100,224,11278
195360,477,65000,20
180992,450000,450000,3
109693,136,350,81784
2515,190,500000,26
90555,1100,1100,20
25427,110000,120000,28
169132,285,285,153
158754,27498,27499,6
39549,500000,500000,2
25723,10000001,10000001,11
90548,80000,100000,17
62772,4000,80000,25
175886,10,10,10797
44772,60,60,2531
162547,5000019,7750019,2
82300,100,100,58
62520,100,500000,61
62521,2099,22382,86
97161,60008,60008,11
198534,6999,7600,25
62341,140,140,5
5134,400,40000,41
5135,1549,65000,28
192707,2977,2977,51
11387,500000,500000,1
188790,7500,11323,56
30477,2500,5000,66
54834,500000,500000,1
192726,11226,11226,221
179294,500000,500000,1
13362,104290,500000,7
5115,999,1029,72
56160,10077,10081,12
23948,2000,2000,38
21223,297,298,355
158850,8470,400000,6
134051,202500,237500,10
11416,90,90,26
62524,100000,300000,6
56236,499999,499999,7
3168,82211,82211,34
54634,300001,300001,7
169145,500000,500000,120
200623,39931,40000,61
2460,3399,3400,1542
67507,200,35500,22
49626,500000,500000,6
189151,1000,5000,4773
39222,90,90,63
39220,200,200,113
192659,250,260,26
181247,500,1059,14
188760,213413,500000,17
57068,500000,500000,1
200532,4869,4884,10
39223,4960,4960,5
179005,235010,235010,3
178114,146,146,165
6712,1342,1345,195
37101,49,49,161
187348,250000,250000,13
132240,500000,500000,1
32728,20005,20005,26
158856,20000,20000,13
20848,500,500,45
128985,35000,35000,16
33639,65000,65000,34
43521,2589,5089,4
62522,300,300,283
44206,10000,10000,12
173875,65000,65000,18
4775,17500,17550,14
151444,50000,50000,5
106889,475000,475000,11
81200,50,75,256
141446,15,15,19
20008,100,2500,497
185480,700,1000,35
58865,9900,500000,13
44778,500,500,4
35691,2500,2500,229
11409,675,50000,23
40195,388,436,4897
132230,2540,80000,17
174282,2633,2633,85
168188,1398,1400,1310
29567,2300,2300,116
2070,302,24274,337
35799,7240,7313,21
163709,3742252,3742253,22
169135,95,95,342
44501,124444,124444,128
43522,500000,500000,3
45198,4900,4900,50
5506,400000,400000,3
5569,9300,9300,93
3676,282,285,7
23383,400,400,20
30814,18000,18000,250
24519,500000,500000,76
128983,24599,24599,18
20813,125000,500000,25
3180,3000,6053,115
169139,2500,2500,12
138383,1125,1136,18
168789,500000,500000,6
2512,8000,8000,201
185737,4000,5000,31
3033,2000,2000,12
46003,50000,275000,2
176872,15000,300000,33
44754,200000,200000,21
38583,200000,200000,8
81203,400000,400000,34
4459,500000,500000,3
134054,81000,90000,7
29580,100,100,102
39357,130000,130000,6
11384,5000,5000,9
4876,65000,65000,13
184309,500000,500000,1
39567,44,44,55
39361,2200,65000,19
192702,50000,58940,19
24516,500000,500000,2
151389,500000,500000,2
45978,11480,11480,24
5117,4975,4975,12
188681,533,35000,58
181246,50000,50000,7
187633,4000,8850,1324
16747,1100,1100,13
33458,123,30000,265
39512,222,202898,163
182733,199900,199900,112
24521,10000,10000,22
44500,299994,299994,14
53065,6020,7020,5579
129288,7419,9300,359
173102,2550,24250,44
24067,5898,5898,6
173097,65000,749990,29
108336,99,155,1347
4374,1955,1956,6
20544,14875,50075,39
20532,22012,50075,161
52182,2100,4300,3970
44759,349,349,109
108294,2850,9300,510
27498,500,500,350
133569,1000,500000,49
201419,3070,3139,889
45194,100,100,485
189152,20050,60000,3666
24271,59900,59900,1753
189150,769,9999,4735
190388,700,4895,6022
39218,400,800,48
76603,3900,3900,2
200804,3065,3065,59
34759,199,507,147
139315,42898,43503,98
71873,39981,39981,62
43104,434,1665,2708
140347,90,296,125
155813,197,15000,44
71840,38800,38800,54
34760,110,111,136
153661,350,926,79
119213,704827,852413,2
37159,15935,15935,54
192716,185000,185000,1
69839,56698,56698,7
44076,12999,12999,6
87578,349,669,34
76570,2200,2200,9
4360,15,23,566
136606,2000,2000,73
28101,900,1338,214
194829,2399,2399,1179
41602,27803,27803,28
37098,250,750,86
187931,46622,54316,121
52081,1900,1933,49
198220,4095,4095,2700
38827,110,1154,219
194683,279,279,1001
22837,1317,1317,312
191327,10050,10050,21
67310,49500,49500,37
74724,2700,8700,202
76879,15000,56872,4
163149,50,100,111
10647,29,33,1343
183951,340,862,1190
159849,129,612,45
183954,980,980,1629
81921,878,878,332
81919,306,375,620
58264,44,44,655
38426,89,190,1841
117441,5743,5743,98
163060,1875,1875,33
197751,64,65,13528
194692,149,149,513
178787,11699,69900,107
160712,18,18,9877
183953,4422,6700,1004
58258,50,50,330
6530,4,4,707
163156,3099,3099,102
200860,475,490,16066
58274,50,50,592
81920,449,449,2614
81922,1610,1679,360
6450,100,678,1681
190534,13677,15461,10551
81175,67,67,12
72095,4990,5425,8799
52213,12325,12325,48
769,25,2400,4230
52185,1036,1475,75073
153623,4573,4573,23
44315,1990,1999,123
153613,900,8497,45
12811,5078,6300,1904
158382,800,1199,553
76631,17500,21000,10
31676,1000,1484,65
76563,725,750,35
112164,13498,14999,22
23117,201,598,801
54836,2999,85000,27
127759,1088,1100,6075
8957,30,2245,512
198437,19800,19900,7
17034,88801,88801,58
38919,5990,5990,78
38910,100,851,154
176811,56,56,348
197854,229,229,343
4231,375,9300,737
44281,100000,200000,32
74719,300,700,205
126934,3475,3555,198
82448,300,500000,160
33053,800,900,56
194856,2300,2375,1859
28421,121,180,893
76596,9885,9890,6
38944,10290,10500,20
168596,8979,9984,645
53066,25,99,9266
191534,299900,299991,423
192917,8900,9000,113
4375,747,9300,256
171428,2910,3000,18252
53643,590,634,3097
4791,93,730,161
72163,4975,5503,10957
182776,1045117,1045117,1
40055,2500,2500,7
200840,149800,149900,20
45881,98800,98800,4
112180,508,9300,638
193951,63,4999,2234
108360,7241,7241,480
2679,49,75,752
108347,350001,350001,17
108352,13054,13054,290
108354,175,175,1133
108362,9199,9199,77
200789,2498,2498,89
38797,63,64,47
197765,395,395,680
63304,118,118,18
63308,372,375,238
46023,480000,24999995,14
153612,3499,3500,46
191513,9900,14308,2745
23848,25,2271,865
10309,1007,1455,25
74845,534,534,1686
163569,2,2,6814
2751,99900,450000,3
2750,8906,8906,11
2745,8900,8900,6
2742,25006,25006,9
2734,99900,400000,3
2740,8900,8900,4
2732,500000,500000,8
2730,400000,500000,5
2728,500000,500000,10
3771,20,229,388
3388,1000,2000,524
5634,5000,5500,370
188946,5200,6900,57
66945,506353,506353,1
52338,1400000,1400000,6
38791,98,343,9
38679,50,310,6088
32468,1990,7099,916
41375,1149,1174,42
173101,9880,9975,51
191325,966,1229,452
3670,2751,2753,85
32686,500012,500012,56
200819,1000,1000,58
168645,8,620,123471
168303,8,23,44969
163100,4000,4000,31
168217,3410,3410,16665
23938,3000,65000,38
130174,300,300,1286
151722,600,903,2539
62237,17423,4206969,730
1178,10000000,10000000,60
39317,500000,4444462,6
141208,2000,2000,11
141209,2469,2469,17
141212,5669,5669,29
3164,150073,150074,19
6370,2550,2550,491
200616,6593,6969,950
87228,2590,4090,43
201313,11100,33300,74
160330,1999910,1999910,53
10559,500,2818,949
158756,29250,29250,37
39569,464108,500000,10
179308,100,65000,15
200803,700000,700000,25
191504,3038,3038,24
163917,500000,500000,1
42930,500000,500000,2
54832,9500,10000,11
158770,19900,19900,11
11418,275,300,12
38889,3800,3800,25
179296,120000,120000,8
187180,45000,45000,31
24511,12488,300000,196
11630,500000,500000,1
11392,95,95,222
11939,360,360,28
173908,500000,500000,10
112286,5000,7000,161
176088,2000,65000,23
3175,500000,500000,4
45745,500000,500000,1
23353,300,300,127
136596,20099,20099,104
23332,220031,287231,7
175960,500,500,15
163701,6744,200000,33
62527,550,550,41
57063,500000,500000,2
41165,8000,8000,1000
54837,200,210,57
60493,149990,150000,10
11410,495000,500000,3
21222,221,525,797
112279,24863,25370,82
41106,500000,500000,1
39525,500000,500000,1
7073,150,150,67
42411,350000,500000,8
185482,15025,24725,59
183110,475000,475000,19
114004,1000,500000,24
178103,500000,500000,9
3169,29,40,44
46001,129789,500000,9
184392,275,275,11
57067,500000,500000,1
7096,1100,1200,86
45188,85000,85000,35
153647,220,266,106
180476,200000,350000,2
56234,400000,400000,5
179372,490,490,5
54620,500000,500000,12
25442,100,1000,10
20498,500000,500000,6
44779,6440,6440,45
56190,500000,500000,2
21590,77,79,63
17057,500000,500000,2
18285,500000,500000,13
119096,76017,79151,8
52021,500000,500000,1
3030,1046,1046,5957
158857,9200,100000,23
112155,20000000,24250000,2
3403,100,520,23
18944,1000,1000,250
188948,2016,2036,95
42907,500000,500000,1
132213,500000,500000,3
24510,500000,500000,8
140351,200,300,125
158796,1597,259970,6
1015,5,32,12403
172412,199,18978,906
151584,12499,15500,158
151580,1676,10083,329
172362,100,2248,4639
40113,4998,15098,200
179309,90,190,36
13851,200,200,445
200577,5099,5499,194
178547,99919,99919,4
33549,90,90,54
62012,25176,26336,16
191464,960,3000,12935
25443,50000,350000,8
68779,7800,7897,143
130172,2212,2212,10
185477,1700,1700,17
20709,51,51,111
160484,216,51658,16
195457,400,400,445
152560,261,20000,1112
76668,580,587,4
183823,65,68,391
42778,10013,10013,20
76519,286,286,11
6372,1500,2529,2473
35949,1150,1150,1265
2459,499,2500,3057
44066,87509,87509,1
66946,2200000,2323376,3
13366,100075,100075,4
204442,39,40,49
56052,1200,1300,19
106825,1288,4288,21
197721,1888,1970,230
18286,4430,4430,22
61990,29000,29000,12
7101,75,75,23
56036,99,99,9
28061,500000,500000,1
158744,21078,500000,14
54469,50000,122936,3
54625,500000,500000,3
36805,500000,500000,1
28053,100000,100000,1170
34907,500,500,38
169334,149,200050,28
46026,40088,143746,8
113576,88,89,66
44262,94980,94980,25
6298,10000,10000,5
184310,2100065,2221165,2
180475,500000,500000,2
64670,12,95,6689
23384,2000,3800,54
179368,400,400,10
1222,500000,500000,7
44767,500000,500000,1
139375,8808,8808,58
81194,50,139,1249
2519,5036,5036,1064
27443,10000,255000,2
158830,10000,10000,3
41338,1854,1854,58
62275,100,100,47
193936,33595,33998,2736
44769,500,450000,10
188834,1080,1080,14
183208,25000,150000,11
42909,500000,500000,1
169138,198,198,66
176875,50000,500000,10
183207,22700,150000,19
42735,500000,500000,6
158849,1725,25000,72
189156,25003,50003,1594
1696,300,300,31
118592,121484,500000,15
33632,743,500000,17
81195,999,999,135
5113,100,150000,54
153568,2261,2261,33
33856,697836,697836,4
6304,884164,884164,2
172347,98,106,885
163094,100000,100000,6
59231,2575,2575,26
155814,100,500000,23
22841,2015,4215,421
44273,109999,114999,10
44261,171034,171034,5
44270,129800,129800,10
44271,333333,333333,18
44293,120000,120000,18
200790,974,974,189
173099,77080,500000,73
108308,5400,9300,233
45201,50,50,1078
108305,3697,9300,754
159850,1000,1500,15
198047,495,500,71
179307,100,50034,15
194821,100,329,1996
12435,500,4200,103
193937,35595,36965,1556
168449,8979,8979,392
191332,19896,20100,804
182713,13000,500000,3
107469,547,701,54
11414,92059,500000,4
41586,500000,500000,1
87530,5041,9941,55
27935,469,13500,5
25441,250000,250000,3
46703,100000,100000,4
180309,120000,120000,23
158813,128,128,19
4555,180,180,32
187842,1683,1683,777
36816,100000,100000,46
20812,2500,2500,31
39568,300,300,21
67403,399,150999,10
34839,500000,500000,2
153566,500000,500000,2
90058,329,50030,21
20845,150000,150000,13
159756,4079,9999,43
158736,499999,500000,3
39219,10000,10000,10
37467,1696,1696,67
2516,3500,3500,12
15997,500000,500000,1
193410,4837,100000,35
5136,44,95,64
23946,500000,500000,1
158759,8026,8026,9
153219,500000,500000,1
187634,4000,9999,2297
36794,100,100,1826
187711,400000,400000,9
119101,4618,4908,10
4880,444444,444444,4
158810,5000,100000,5
151392,250000,375000,2
11942,450000,500000,6
44766,500000,500000,2
153569,199994,199994,7
62771,8200,254100,2
1074,250,250,40
158872,21089,25000,7
178132,500,500,14
118280,500,726,136
178923,500000,500000,1
201221,500000,500000,1
17058,100,100,1354
188685,3809,4455,57
153711,251,251,232
32600,125000,125000,5
128544,9996,10649,99
178545,100,159,358
74642,20,35,468
159875,500,500,64
186725,73,75,1079
111522,489,493,49
37147,2501,3893,33
192876,1905,2500,1203
198621,94389,94389,17
71809,17999,18000,54
44453,115,1313,72
153707,1596,1598,80
36908,180,230,9926
185481,500000,500000,23
200531,250,250,18
159848,7854,100080,28
23988,10000,85000,69
176865,5000,10000,144
9264,14810,14930,35
25434,900,900,23
205243,120000,120000,18
199476,8999,14450,225
4757,100,100,80
163855,298,299,17
178178,300,300,227
45197,2000,2000,678
23978,500000,500000,8
38584,50000,50000,20
182797,500000,500000,1
25467,500000,500000,2
200849,13500,14900,185
29559,400,1000,98
168791,118,123,236
4556,11126,250000,23
23944,500000,500000,23
180307,500000,500000,2
163549,422,65000,43
158867,2439,500000,26
192686,75096,75096,8
155601,75,99,257
25813,500000,500000,9
151391,500000,500000,8
63271,6328,35000,63
38260,500000,500000,10
193961,1662,1662,3116
178108,80000,80000,5
23331,19900,259950,2
179370,500,500,7
46002,350000,350000,9
153570,5458,35000,102
44774,1500,1500,23
30475,200,200,36
52020,500000,500000,998
39524,250000,250000,3
24508,4488,9000,1897
57066,1999,1999,36
158801,20000,300000,13
163907,500000,500000,1
23784,3040,9300,232
23781,1048,1548,1015
6361,12,9300,703
197850,9900,9900,951
200019,57500,60033,525
193959,250,9300,679
43086,12507,12507,102
16202,52,250,22022
154885,16,16,888
163143,5005,5005,103
40077,272,281,571
59228,7900,65000,34
155811,427,15000,173
139175,3500,4000,312
163098,8149,15000,43
21721,475,479,1466
140296,2219,500000,33
39965,594,3594,31
180430,25,1000,511
163154,3784,5084,50
79285,36000,36900,19
108357,8836,9400,803
2458,895,1000,124
194014,8799,8799,39
74700,89,95,92
163639,50000,80000,16
23945,500000,500000,4
120274,500000,500000,1
127764,198005,1582100,20
4875,39900,250000,24
10839,77700,88850,4
44753,100000,100000,6
29565,500000,500000,1
38819,413,425446,10
90551,435,935,44
24189,50,50,155
20843,500,500,10
81202,600,600,264
110646,1150,1198,22
54628,500000,500000,2
176860,29900,35000,48
11941,400,400,17
31945,49900,50000,4
120270,500000,500000,4
7074,400,400,76
45979,250000,250000,8
62274,790,65000,34
18225,180000,180000,4
39951,324,324,16
188792,900,1176,55
33547,297,300,11
192722,1955,1955,64
106868,108,108,37
45202,90000,150000,13
8067,500000,500000,1
107603,600,1200,131
20842,377,2577,51
188672,3500,25000,91
60391,500000,500000,13
82330,2200,2500,42
182715,3300,65000,21
63274,9900,9900,6
118681,4017,45000,38
158869,148,250074,4
20846,198600,198600,25
180624,15083,15083,69
162681,9500,255000,4
3401,99,100,68
188779,5500,6732,15
201205,3252,499900,69
79102,160,173,320
168812,5422,5422,10
108649,200090,500000,16
168797,150000,150000,3
29576,99999,99999,9
158838,6400,89898,15
33093,5440,5440,99
45621,800,2299,193
172407,50,154,101
133940,374,404,1630
5118,25000,92500,28
178126,500,500,12
36788,500000,500000,5
4363,39999,40000,7
53049,299,299,426
28060,5000,5000,11
105717,500000,500000,21
74710,14,23,120
2880,40,99,8283
158205,74,99,3720
8956,400,5000,63
38902,1022,1024,73
52753,24,69,56
13423,306,9300,754
162557,500,500,15
2684,30,50,322
163695,500,500,83
195455,285,285,606
39918,495,590,42
22838,2800,2800,248
128016,865936261,865936261,13
20540,71215,90016,39
197770,15,28,1641
20542,90019,140019,22
45909,100000,275008,2
98116,234,234,185
12223,10,5531,2816
169956,3500,3500,25
13456,3625,3625,1696
162582,5487,5487,61
34755,3694,3695,71
18632,2300,2300,53
8949,1040,2000,523
141206,1000,1000,9
140301,2000,2000,171
161127,3200,3200,100
169947,2000,2000,11
191400,2150,2200,922
195456,1939,1939,260
49253,500000,500000,1
168392,2000,2000,11
159898,3500,65000,29
194752,1137,2037,1117
159873,2500,2500,12
201413,2450,2519,553
120959,10099,10099,12
174285,400,1707,50
16170,1704,1721,370
152718,500,500,30
10307,2405,2417,66
138976,2019,2019,12
178247,150000,1500000,26
173053,7497,7497,31
22861,1299,1999,353
153512,2199,2330,79
200791,499500,499500,98
158201,1242,5242,484
87248,5500,5500,41
9155,626,736,72
58489,3100,5000,1657
13724,500000,500000,1
191349,1700,5000,767
13459,22198,30587,11
191505,2300,70000,40
198415,7900,24255,2003
13461,3000,3000,210
17403,400000,400000,21
138982,3200,3200,98
140297,3500,3500,13
159845,3504,3504,21
4406,5498,5971,590
38943,185000,185000,17
180991,10000082,10000082,1
175241,20,25,156
33569,400000,600000,6
52131,700,1000,7
191333,1400,3900,881
90557,1000097,999999999,6
41483,4387,9977,11
199965,32598,32598,7
197767,371,419,33625
44469,2995,3000,34
39934,401,642,21
137289,51898,57666,447
22824,1109,5517,221
161126,3920,3920,36
13455,1500,1500,1426
34769,1888,1900,98
43854,200,200,26
44616,300,500,257
136548,999,999,9
42545,1500,1500,47
9315,200,200,9
112321,849,850,11100
133568,1087,1087,67
191361,1466,8200,1998
33081,500,800,154
179014,2000,23025,3
201415,933,1002,354
200099,7900,7900,480
202315,150,150,466
128764,500000,500000,2
5526,199,200,69
28501,29956,29956,35
34768,512,8412,61
118576,1900,1998,223
109155,937,1550,700
40097,1919,2019,150
12212,174,500000,802
17198,1674,1674,3
186704,500,500,124
200793,2300,2315,282
198163,2475,2475,55
200788,2200,2906,290
120168,500000,500000,1
62665,997,998,51
190880,500,500,77
128834,813,1113,15
13445,479,1346,222
194690,500,500,1022
22840,2054,2055,670
52223,7000,7095,42
52161,5000,38419,2
52217,2021,5341,4
76633,5000,9900,15
200061,2670,2744,37781
3220,261,1000,83
154124,350,525,986
168191,519,699,938
13546,685099,685099,3
80591,68,88,93
115814,20887,21103,23
115809,14289,14565,31
127760,699800,699800,18
168312,1485,100000,1864
192846,400,839,406
21990,133,133,886
71849,48920,48921,65
77543,24989,24989,49
69244,4002,4002,17
140299,9900,9900,101
2594,20,25,460
10514,650,650,53
40072,900,1313,100
33459,150,154,55
199942,520,541,126
105722,500000,500000,1
140355,350000,425000,4
160989,2000,2500,51
140679,2500,45000,33
41427,100,20000,39
3240,100,144,176
118632,4999,4999,364
18254,499,202286,61
81923,200,299,710
9317,4200,4209,13
11590,3361,3378,14
80594,129,3559,283
53051,440,440,38
41119,91,91,1885
160518,500000,500000,2
193020,1534,1534,218
169116,2999934,2999934,7
2680,70,200,114
198301,37599,37599,3
3770,12,16,380
163132,266,2462,175
136551,59,432,12
105724,500000,500000,1
57192,159,3851,100
105719,500000,500000,2
136558,500000,500000,2
143618,450000,500000,3
40076,400,430,152
179278,500000,500000,4
87232,2546,2672,16
128833,200,584,63
21217,100,100,256
197847,423,423,20
38972,19993,19993,62
166420,389900,389900,23
76551,150,150,6
191366,11000,12500,836
144398,500000,500000,5
5042,251,251,586
27860,22,52,242
116119,100,100,17
161347,500000,500000,1
32413,200,200,337
201398,467,536,370
116271,599,800,363
4422,500,1102,61
111437,16,54,10
29450,511,1211,187
40202,130092,130092,33
140754,500000,500000,3
9233,1203,1203,47
17747,199,70000,26
61985,200,1200,83
163783,499931,499931,75
63307,275,297,198
201416,4598,4598,260
58280,4598,4598,306
195466,532,532,403
128843,500,500,68
37567,399,399,460
33042,293,293,560
128837,1000,1000,49
178222,300,560,363
117473,12299,12299,6
2287,24,39,116
200304,7999,9999,242
2457,1000,100000,106
173040,95,95,313
131746,1699,1759,80
128847,3500,500000,211
75026,34,35,321
23446,400,560,19701
139785,84357000,99396261,2
23441,1500,2498,366
127761,279899,279899,16
71864,31488,31488,71
1475,9404,9500,179
52192,4297,13450,244
5740,5,5,459
36924,500,6000,438
43696,3266,7500,21
198208,400,400,209
58094,1500,1500,153
81916,100000,100000,22
43465,72,75,72
133681,350,549,276
128840,900,250450,2
90659,500000,500000,6
136375,200,65000,33
201047,600,600,225
28399,66,233,1160
74833,125,300,2465
54442,276,283,477
128219,3750,3750,3
3665,93,500000,36
33454,528,499985,24
27663,144,145,30
172068,22,22,114
33461,85,116,82
171274,50099,50099,56
163138,300,300,72
18645,2999,2999,17
154886,799,799,255
191397,358,3600,1349
200835,5583,235068,162
163707,3300,10000,9
168314,188,400,1554
3385,3,12,124
52221,1969,1969,6
59229,25000,25000,3
40073,474,499,1239
193953,2300,2346,359
192724,50000,77700,5
22644,10,78,5820
3173,18,80,2019
71860,36579,36579,33
136567,181,190,36
177716,77,92,128
52782,9292,9292,66
105721,1000,1000,497
52775,3500,3500,36
27425,999,7500,1965
35720,338,344,269
177660,55,95,6627
52779,1400,1400,139
198164,1000,1000,681
172042,432,442,4129
158203,12842,12842,22
3728,5555,5555,43
22834,499,1000,686
173192,73,74,230
13458,4700,4700,47
171352,300,390,256
197849,141,754,303
95481,17,1146,585
86073,6000,6250,14
87872,200,234,272
13934,400,500000,35
30816,30,30,315
159900,50,64,85
171267,194,311,7397
109156,683,4599,232
85504,200,200,94
58277,10000,10000,214
4541,73,1309,251
187911,10000,10000,18
5996,5000,50000,178
20847,75000,75000,55
143681,95,100,1096
6811,89144,89144,12
169152,300,25050,301
34411,13815,20099,75
12224,6709,6710,29
152497,350,350,125
83097,345,483,117
40009,475000,475000,1
40043,475000,475000,1
193964,1994,1994,4116
152639,5996,5996,1946
173056,2000,2500,7969
4093,1500011,1500011,4
44292,80094,203481,17
55055,100,2962,32
184340,612151,612151,4
152638,7299,90000,792
128719,80022,80023,13
194795,5007,12008,2369
78883,20022,20022,192
194791,7498,7999,2422
168635,2450,2900,2650
173108,843,848,8125
133680,278,399,1222
168190,420,4199,865
4358,29,43,2224
153703,250,599,667
42998,4500,4500,44
53067,400,744,1073
27661,6148,6152,261
58278,3000,3000,43
62791,25,9300,7598
194864,39999,49300,3237
68786,18999,18999,49
38965,13380,21282,35
38561,2500,2500,5364
39502,1000076,1000076,2
41731,120,166,87
201216,10094,10094,23
128842,3999,3999,3
128841,4000,4000,23
161373,171,171,415
158873,5000,5000,64
24246,276,1490,6790
172903,125,325,858
198505,9500,9500,139
34736,1300,2184,1441
130173,200,326,455
33567,250,700,2127
128741,149999,149999,7
198200,12999,17147,3039
152544,100,198,10841
152545,84,465,8837
138384,11013,18074,20
190881,256909,256909,7
12216,656,656,37
6890,4906,30000,27
9313,55,55,148
82960,1074,1074,138
18633,100,800,36
42432,43,543,416
154889,290,575,670
163052,10000,10000,19
163192,1765,5065,81
62672,10000,22500,82
18253,4999,4999,317
161348,500000,500000,1
197855,149,149,506
63275,375,375,17
37091,169,1069,130
140189,375,375,46
130202,25000,25000,79
122345,69,69,25
13928,6359,6359,37
46765,161,165,35
52325,750,1500,6376
33457,76,85,68
58261,50,60,811
172041,140,2100,5596
22645,80,88,26
4419,100,100,113
184682,150,12599,106
194724,1195,5000,144
30155,98,757,502
163134,500000,500000,1
158466,50000,50000,10
201721,5400,5400,1580
46766,170,275,33
18588,199,200,23
178227,490000,490000,100
62680,498,498,375
62251,9899,9900,136
141527,369,388,110
201402,284,644,14843
4813,3900,7500,58
154989,8999,11050,118
27855,144,144,116
38706,327691,327691,1
74706,60,964,94
38917,13213,13215,22
38932,6924,6925,26
163784,15,15,176
24282,96006,96006,9
24478,199,599,8738
137644,464409182,464409182,1
6261,15,26,8706
136547,280000,288109,38
9318,158,282,158
41436,1500,1500,4
88529,299901,299901,10
81924,50,50,587
187648,3350,18999,4433
39900,1000,1000,42
200476,70,70,114
116170,1657,1657,115
4604,64,64,19
2888,398,999,149
4593,2,11,648
4378,669,1250,14
15871,262,262,119
1017,40,42,555
62657,95,250235,42
27664,430,430,138
15870,1739,1832,178
197758,29,43,3021
194691,199,199,634
133565,230,250,335
163117,500000,500000,20
140631,800,800,67
111433,200,200,52
42431,628,3228,200
171351,662,662,138
2683,25,137,152
88492,12500,12500,20
80313,12500,12500,36
12207,20,48,15590
12204,75,9300,1667
44755,450000,450000,9
5785,77,9300,774
180622,450075,500075,3
6453,53,53,223
33561,8412720,8412720,2
115354,4500,4500,13
105707,600020,600020,4
32851,42011,42011,38
32839,147755,147755,36
32850,145212,145212,20
3382,700,2500,255
193955,850,899,4366
158819,90000,145000,7
56237,29140550,29140550,1
87236,2450,6000,75
77532,500,500,587
200042,586,586,337
27859,135,220,116
4377,189,240,2946
198261,160000,160000,101
5363,100,685942,8
173038,19,20,367
29452,21,21,160
11291,100,100,10223
4537,20,24,244
63128,19000,99940,472
194868,2970,9300,117
104314,4572,4572,75
5140,66500,66500,30
151124,650638,650638,59
160554,649,649,80
139503,120,120,74
138285,519,500019,89
118,1,1099,3557
163147,3900,5000,59
35565,100,999,974
87244,29368,29368,10
42430,600,2500,124
2596,1,1,6233
3727,500000,500000,9
159920,300,300,7
175069,313,313,99
154167,4799,4999,1334
197851,150,150,225
179310,1100,1100,8
122348,134,135,267
43490,246,999,842
38930,1085,9080,10
191320,49999,49999,450
159785,2500,2597,44
172408,300,996,54
52780,8157,8369,59
151388,20000,100000,5
1708,1,882,575
195462,500,500,274
142117,300,674,7877
34749,300,309,129
12210,20,25,83
89888,98,98,164
89328,4253,7253,46
13452,5000,5000,1241
133942,2558,2558,158
87238,42,47,215
74652,3600,3600,89
23771,3989,3989,1690
81405,325,300000,215
171439,10,10,469
4594,14,1206,417
128839,254,254,35
173762,980,980,242
32905,89,90,2079
62239,1960,2013,43
35760,1216,1216,73
191373,188,272,1041
23100,264,264,30
42701,1424,1761,8
76897,7500,7500,23
71376,500050,500050,6
108977,500,809,1081
29535,527422,527422,3
41493,33314,33314,5
128728,49999,49999,3
39551,60000030,60000030,1
138972,500000,500000,2
199189,99,700,98
158844,288321,288321,2
41376,11100,11300,19
41335,11538,11538,10
52166,690,690,16
191519,1370,4000,5939
8393,500000,500000,3
38800,2100,2970,36
76057,650014,650014,1
38911,2402,4581,21
173071,4571,7973,88
173072,4499,4499,75
173076,4564,9766,93
38945,169,1368,43
23115,588,3905,27
173086,4000,7500,23
62002,300014,300014,4
133570,200,433,1532
163083,1500,500000,15
178224,275,275,77
46376,1000,1501,184
159792,5500,5500,41
180412,500000,500000,7
109148,645,961,952
159846,324,15000,58
173043,249,837,154
13447,1286,1496,137
8932,59,2000,918
172062,92,97,286
4540,5,24047,62
4608,142,404,294
52120,1614,1656,14
172040,13,50,1219
21552,700,1110,555
74921,200,2530,615
18641,473,1050,137
162569,50000,50000,45
163145,5007,5007,61
24268,35,150,300
13933,126,576,14
38935,92212,126523,11
68785,27423,46459,13
198419,1399,1777,6137
193928,75,98,348439
198043,49900,49900,13
86597,25095,25095,47
29533,241294,2867140,37
32193,2200,2200,522
169220,2543,2545,272
5498,200,2500,18530
64392,3849,200049,535
7910,100,1249,7430
16006,16669,25313,2032
29425,130,1999,16207
130905,1900,2869,1322
111589,50,70,12585
40122,1587,1591,152
23576,14950,15000,21
178551,35000,498800,12
39334,187,196,2527
179286,1306691,1306691,4
179276,999950,999950,61
205239,120962,120962,5
24066,951,1151,27
179283,2197884,2197884,2
52745,50,416,37
178549,10294646,10294646,1
38851,79208,133622,11
173060,10,10,2350
22787,475,3500,8022
177659,158,499999,210
19974,2200,2200,35
19975,39800,42500,35
109599,9369,29899,212
118704,1000,1072,2221
42996,795,795,22
58143,520,521,67
4656,4099,10000,46
158377,4111,12077,134
98118,700,700,8
159827,82,100,1033
42779,500000,500000,1
3666,699,699,5
23354,100,4250,24
192896,510,2199,3612
95482,66,5000,406
58275,2722,2722,48
22871,9900,250000,12
76075,211,239,216
37252,65000,65000,23
41167,24989,199900,115
171270,300,349,2044
43492,390,400,162
200572,678,7500,661
28103,1221,1233,634
159869,39900,39900,19
37452,499999,499999,2
162566,50000,50000,41
43005,905,905,37
5473,694,696,114
132509,186,195,20
201725,1547,1547,3247
163222,175,249,494
152813,2550,5050,200
54447,405,445,68
37160,2500,22134,62
38847,100,1615,67
71807,19800,25400,29
38999,5450,18134,26
39000,8397,8397,29
22823,1610,99899,68
54624,2500001,2500001,5
23979,500000,500000,3
119099,218014,222464,13
44082,65000,65000,10
44089,66750,66750,8
32833,1199,500000,145
76535,283,288,11
127765,500000,980901,3
69841,736652,736652,3
153443,499999,499999,6
23114,2000,2000,22
22839,4299,4299,380
133979,20409159,20409159,20
163151,5000,5000,133
42428,299,299,59
34758,2000,2000,79
38859,511,777,39
11444,1017,1017,299
194680,200,419,602
128835,2500,2500,72
28104,1007,1007,40
142406,3274,3274,1290
9314,200,382500,130
23766,199243,199243,1
136562,500000,3000019,3
7307,2985,3142,72
88532,98,98,28
61982,3,5,1107
4544,13,906,212
179018,99931,99931,42
192941,1400,17080,393
34757,681,681,21
173062,9551,9554,40
4366,428,450,142
77272,19990,19992,20
173759,1700,1700,136
19306,11,315,1219
198441,4500,4500,343
80592,75,95,84
201417,9900,9900,123
42995,3299,3300,59
58279,6869,6869,20
174349,399,786,396
17402,4000,4000,22
4380,35,35,98
163058,500000,500000,21
43553,500000,500000,3
113135,55000,110000,3
163391,4025,4025,160
62790,138,10000,3496
94289,1015,1048,1316
3826,3026,3026,2992
6149,40,40,67
12215,2473,2474,296
38927,34899,34899,19
201046,4400,4400,1643
179271,1930,1930,39
191353,1050,2100,1253
200305,197,549,260
10546,14889,14889,58
4479,500000,500000,1
195463,500,500,348
138978,2000,2000,11
178535,500000,500000,2
43467,104,122,56
163152,5000,5000,123
5476,295,295,169
68687,420,500000,20
62663,703,704,194
140668,793,793,40
33236,8,8,47
27856,47,47,387
161346,500000,500000,21
76086,718,854,195
27658,317,599,504
67230,10,500000,3
184202,47,48,150
38429,400000,400000,180
76077,700,727,553
4365,90,100,417
85501,15341,15341,4
44722,349,650,68
201698,4000,4000,2709
42434,500000,500000,2
159874,600,33000,80
41476,45153230,45153230,6
4425,6559,6625,57
163223,2100,75000,241
4407,7999,7999,300
7676,100,19700,1186
422,109,806,240
132186,268,6502,23
4426,380,380,52
30809,200,1000,3153
43574,423557,423557,2
44750,498396,498396,2
32849,120000,120000,10
39947,100,170,30
173092,20000,40050,5
4611,6576,29091,1011
173103,76655,79025,31
136544,1000,100019,35
173074,4480,10000,34
30457,1398,1398,38
42429,1500,1500,248
40087,900,1000,42
117474,4500,5000,11
191256,475,1200,413
122346,150,551,12
2686,5,5,503
163411,500000,500000,6
163137,2500,2500,3
102351,500,500,55
128980,29900,29900,42
191360,2277,2706,515
33445,15,64,83
9451,500000,500000,5
179025,500000,500000,1
86057,69,869,91
198403,525,550,268
198044,80026,84426,2
74849,466,1999,10407
38466,366,50066,70
141333,21843,21887,7
23559,21,827,216
180317,3000,3000,216
172043,5299,5299,1875
76647,723,850,9
32852,300000,300000,20
41495,283621,283621,3
192731,100095,100095,6
40058,1753,1753,12
71868,64403,66099,114
200026,1400,1497,420
111659,60,80,2479
31677,10000,25000,197
43120,2560,14400,1410
140273,2042,2542,26
159847,500000,500000,1
163157,1001,5001,66
128845,17483,500000,11
161314,3519,65000,31
191357,11495,11500,498
163207,500,5000,93
159878,3500,3500,56
40771,3005,500000,93
163109,3700,3700,11
29395,7500,7500,240
3391,1969,1969,429
141215,25019,25019,187
39351,124309,124309,8
3390,1999,1999,74
34747,449,1549,239
191395,3064,3500,6092
163107,3519,35000,48
197768,3941,4575,329
169954,3444,3444,12
163105,500000,500000,1
3828,3700,9870,150
16169,2204,2204,565
163053,3290,45000,36
35954,5,1406,341
104343,2500,2500,76
162515,169,1800,14257
44269,249428,249428,11
44260,152414,152414,11
44289,128999,128999,18
37704,575,800,5534
44285,226405,226405,6
79290,124998,124998,7
44280,85180,85180,11
44282,210935,210935,15
44275,95971,95971,9
133593,69,85,834
176881,10000,10000,10
24062,2000,2000,5
71837,82186,82186,29
76654,1195,1308,6
24243,395,3849,1955
113140,120060,147000,7
23765,399999,399999,4
38946,170003,170003,38
190538,15000,15059,2574
192923,1600,1600,161
193935,38900,39000,251
194767,1900,2400,15951
192095,94,100,134240
192903,985,990,29
194761,5555,5555,1623
192842,838,1116,29039
173059,100,8900,18249
192926,5000,5000,11
189543,45000,50000,3324
194858,1494,1496,17135
153715,296,3096,426
42473,200067,200067,10
192869,17365,17500,269
192953,20000,25000,42
192710,120000,275000,6
63024,500,500,26
109138,49,76,5054
5051,100,477,544
4554,750011,750011,3
197735,89083,89083,676
191494,22094,22096,7754
193238,21799,50000,640
191945,12000,12000,4006
92525,1047721,1797338,6
194855,5900,6000,9632
168598,12000,16694,267
160400,99,227,1719
192963,12400,23047,34
178534,5767491,5767491,6
194755,1353,2450,10336
90660,2000000,2000000,5
76644,1200,1500,10
39992,1550,2299,11
40217,8451,8895,77
41461,2551,2551,6
76885,4998,4998,22
130220,20000,20000,51
151721,400,1306,3697
35318,917,917,5
76608,500000,500000,4
4421,495002,495002,22
40199,450,2850,4303
130177,237,2231,1694
52752,1299,12800,36
38898,3715,3716,38
110631,210,9898,24
110618,495,496,219
190236,178219,178219,8
76687,10099,99999,18
191460,214,215,39835
38980,24,908,9
38976,100,1017,287
38966,197,197,35
76625,20099,22099,11
194850,9013,9013,235
190331,8898,13000,26827
193247,10999,10999,938
198303,229999,229999,25
193246,6799,6900,5879
192097,96,96,97023
41810,124,190,4066
52183,1400,1600,9690
192897,1286,9300,386
172370,199,6500,227
198413,2090,2100,8456
192957,4600,4601,12
192877,1595,1888,1239
192931,7920,8000,19
52244,7257,7257,48
173110,498,500,2401
193213,89,599,2068
173170,998,7500,2270
38840,3296,3296,69
158189,100,214,1313
168641,2197,2197,62
177061,149,2500,24525
193379,12996,13900,29
192965,10000,10000,13
173109,438,489,5416
152877,1031,3527,3613
67438,3000,3000,242
194760,9200,9499,223
194756,49900,87500,8643
173172,1000,12500,1847
193229,13299,21772,2029
190537,84999,85000,387
172936,4700,4869,4260
192840,700,1201,1794
76142,891,1320,1024
9358,3292029,3292029,9
192836,839,1294,18823
62782,30,1500,37579
20863,205,340,2714
43108,782,882,5251
31671,395,9300,388
136564,1800,1800,23
6291,5,99,1937
173173,800,11448,2502
111658,50,99,7250
204092,1000000,1000000,1
194768,4488,4500,5346
192848,700,811,15924
76132,3099,100000,675
192940,11486,11486,43
190533,47598,67039,1564
152641,5900,6000,540
160328,1459527,1459529,47
192904,3000,18499,56
159467,700,791,81
22456,3990,4500,8280
57070,89911,89911,1
132235,500000,500000,2
136575,450000,450000,1
10648,7143,7143,37
2665,1,1,801
54291,20000,237304,10
31909,19898,20060,15
15409,24500,28700,39
97546,198,9300,432
52194,4210,4612,123
23439,399,700,283
23438,325,1089,1519
34860,100000,100000,5
153673,12534,99999,74
4342,20,20,36946
25436,200000000,200000000,9
89326,6475,6475,25
52177,2900,3800,2775
85698,200076,999999976,3
37705,625,750,5450
2749,9700,12967,2
76136,249,1116,6770
2738,399999,399999,2
27678,41,43,6882
2924,19,24,3838
24272,39998,44254,173
2840,270,270,4801
112185,4500,9300,441
19441,7248,8586,11672
24056,899,899,17
40150,9800,14999,137
52784,11009,11009,17
193557,89100,100000,15
38893,2571,2909,28
40155,9039,9039,87
92058,108898,108898,6
59478,11998,1499800,20
119324,25869,25938,72
23984,100,589,3349
52089,3849,500000,78
52776,9909,9910,39
162116,798311641,798311641,1
85506,221,4500,3676
5369,100000,170399,9
22797,400866,400867,36
200765,200000,200000,25
117471,4500,4500,64
127720,2999800,2999800,1
28595,600,600,26
23103,1925,1925,26
71877,30381,30381,82
62783,30,195,1218
128017,17038223,17038223,2
89329,1398,4883,131
128013,1157876,1157876,1
52207,35005,35005,74
79308,14400,14698,23
32194,1500,1500,113
38967,599,2343,77
52297,12153,13053,15
76890,5518,8171,40
76634,2400,2400,7
52781,8000,8490,132
173161,9812,10000,1155
191388,3474,3474,24831
45907,10001,10001,10
23447,3098,3098,5280
119098,45803,45803,11
151583,12500,12500,97
76694,4300,4300,53
184342,4199997,4199997,1
128738,259999,260000,13
37700,200,540,6546
162110,1000021,19165196,4
162677,10000,50000,10
21881,100,116,2170
17056,2,500,85265
41452,466544,466544,1
13506,5000,5000,69
44290,20535,21170,24
92054,6686202,6686202,1
38558,900,2210,602
7080,20075,24999,6710
198260,298,2200,611
76502,125,125,89
10513,200001,200001,200
191518,192,195,2520
76523,30147417,30147417,3
7392,1994,3823,1953
176858,450000,490000,28
178116,10000000,12000086,5
62278,270000,270000,1
133592,49,90,1673
186684,1799,9998,12
199943,500,750,216
39936,832441,974856,3
40180,2231,2231,361
163388,3500,4900,564
200571,3100,3300,49
127716,2499904,2499904,3
92055,50072,2661722,2
6260,1,14,838674
163581,740000,740000,3
6359,847,1300,2343
92056,499613,499613,19
92527,19315932,19315932,1
198229,18000,18000,158
46849,50000,64894,97
43146,1430000,1430000,18
43145,2000001,2000001,14
116407,125000,455501,120
199989,4275,5497,343
199193,4509,4509,32
200030,4497,5656,14423
39980,360,360,19
66950,2000069,2000069,2
41453,500,500,8
71818,19900,19900,27
5871,500017,500017,1
52132,5530,8030,12
54633,1227849,1227849,7
76565,145,145,16
153701,300,500,2095
153704,250,500,593
74723,149,412,65
186661,969691,969691,2
36931,4500,5800,3829
38855,100,128,58
200807,11352,65000,32
38863,88858,88861,41
74728,3939,3939,43
38807,15,35,21
38954,227,600,38
52142,44899,44999,11
52095,497,800,34
52153,6444,6444,5
52096,655,655,12
76593,29988,29989,17
24048,1571,1573,48
76622,24984,24984,13
76617,35056,35056,13
39946,1314710,1314710,1
176886,101037,142221,9
185739,390090,390090,3
193559,200,547,30
198254,1498,1498,450
153015,45000,45000,31
175965,600023,600023,1
180353,280065,300065,3
29110,15363999,15363999,1
180331,200000,200000,4
180338,120065,125065,2
22844,9500,9500,3841
44291,54320,54320,14
52111,1025,1025,16
2605,3,3,17578
39339,2500,2753,3160
10558,284,9400,2471
31898,922,1592,66
44278,96372,96372,4
22575,570,600,6809
44274,169999,179999,11
8365,151,151,4013
124107,75,9300,8365
143853,550064,709864,13
128853,500000,2000022,6
153610,9422,9422,52
179001,200033,200033,3
179290,450033,500033,3
4780,750001,750001,3
76560,642,642,73
180341,280065,290065,2
183205,384000,384000,3
24033,1027,1027,11
200051,80000,80000,86
27515,9901,20001,44
13756,9200,9800,2402
13893,25000,32900,289
193450,949810,949810,6
52175,4030,4184,12
71820,149799,149799,37
39968,618,2626,14
132530,3500000,9491279,11
38831,8199,9758,7
39919,150,99925,2
24061,1031,3109,13
181388,10000,10000,76
58488,20000,24700,461
38936,44952,44954,28
71833,59978,59978,73
124116,6400,6748,4267
198431,602,9300,291
152549,1820,1910,15971
191318,800,1400,714
52206,14265,421800,30
40177,3500,3500,43
38918,9575,9625,16
7971,9000,9999,3125
41378,8599,8599,8
41377,15011,15011,8
15407,393,395,6632
31868,785,785,24
105711,21400,21400,53
119102,184457,188231,8
41813,910,970,2361
108296,9300,9300,400
189147,10000,31122,1083
128648,14900,19999,316
189155,320000,328000,375
5374,500000,500000,5
128717,474466,474466,1
198316,12925,19699,10
191335,32999,49000,2358
158836,30000,30000,6
11040,4032,4032,138
38973,1275,1275,890
199947,578,578,259
158851,40000,40000,3
53063,7691,99900,803
52193,4500,4999,213
194869,33300,5000050,6
153628,4937,5037,33
128722,32000,36000,16
139389,299900,350000,7
88490,75870,75870,25
138294,10008,54958,10
112278,1341,1368,51
112292,1250,1250,34
112294,1129,1175,29
155810,1800076,1800076,3
41802,351,775,1787
200566,599,900,713
194572,1999,2399,624
24476,188,198,384
52777,1569,1626,103
79313,500063,500063,4
79311,99900,110500,7
79310,24000,32000,24
43652,17090,17590,130
79302,29600,31208,16
24276,25000,50000,38
79296,250064,250064,4
79294,164658,164658,11
52214,1199,6618,55
79289,76528,76528,8
79287,100000,100061,9
71870,63025,66342,86
2324,1,43,936398
79286,150000,150000,7
4364,23,106,7058
76581,3500,3500,13
79284,433200,433200,5
13888,500,2200,4319
62019,558288,558288,1
200568,599,700,58
39526,46500,47291,12
100735,79900,79900,3
62779,8,199,4323
44265,161834,168825,18
24401,537,2500,5564
192906,490,590,43
180614,240000,240000,1
200634,55501,57701,137
25894,120000,120000,11
158853,80017,80017,6
198162,4600,5200,10906
192687,2591,3591,26
43231,599500,599500,25
118392,339762,339762,8
43233,145500,182125,19
76734,398,499897,11621
45980,111111,111111,4
77540,2069,2071,10
200812,9044,9044,12
200823,30000,30057,66
184051,60000,60000,3
31918,50701,52269,15
38921,5999,5999,29
110640,699,887,29
85584,198,198,506
39940,840,840,11
174328,125,9300,1701
76554,175,180,9
27674,122,299,6860
76572,24597,24997,7
53071,30,9300,2138
109141,48,48,1174
201319,7569,8172,312
64395,8100,8999,17
97621,800,8888,653
39942,599,629,59
199999,540,551,52
58087,9988,9988,2328
128721,45000,50000,5
8392,2395363,2395363,5
200582,2954,2962,400
140753,350000,350000,3
201310,1700,2000,565
200818,4000,4800,117
32685,17073008,17073008,5
173094,12995,12995,19
74704,6800,6800,13
151774,16000013,16000013,1
151542,59795,59799,201
38834,2800,2800,9
32718,89213,127571,18
28452,89900,89900,164
35623,3582,3700,2079
50438,1716533,1716533,16
113275,101927,13875076,3
76635,7554,7559,8
153444,9703,9704,40
38804,416,416,13
172017,12975,12975,111
191362,8299,8357,10760
159788,2999,6003,25
41601,1160,110060,40
38947,99887,99888,48
158187,12,18,12111
4596,500000,500000,1
128733,80000,80000,7
120271,1138783,1138783,1
124661,4227,20053,77
76669,2352,2353,7
23111,147,149,57
23098,100,100,26
25868,121346,121346,23
128498,10022,10022,11
76571,3000,3000,9
5635,100,220,121
23094,2148,2148,42
187884,64892,64997,177
22641,1111,9003,133
20384,800,6500,617
32773,16474073,16474073,1
172146,49000,49000,7
112111,500000,500000,1
8396,500000,500000,4
196584,5019,5019,322
173100,16065,16065,9
173081,99880,490000,36
191387,3500,4460,2456
3387,5001,6795,34
173082,8000,500000,35
173080,79880,500000,39
173089,200000,399900,15
108338,499,500,961
109122,3040,9020,12
144306,2595,2795,132
108309,20000,20000,7
198313,500000,2000000,5
6043,6673,55512,101
20513,500000,1000000,6
74721,189,902,46
199939,124500,129000,76
191940,8990,9000,5661
42253,317,576,8686
151579,2899,5051,2456
175924,9991,19256,42
82451,4819,24920,314
10561,747,2921,1281
41439,350,350,20
44947,919,919,11
191508,33333,33333,5
53062,55,9300,5028
108332,120,120,1042
44268,193034,193034,10
54449,1002,12629,101
172418,300,468,113
109120,1500,1500,17
128724,100051,100051,3
173084,7804,17945,23
74853,15840,15840,918
79300,30064,30064,3
3369,2280,7599,2046
112297,24583,25084,39
74847,1499,1600,2241
92051,500001,500001,2
112183,20501,21101,38
23676,23,93,2425
54450,29999,31353,26
35707,496,496,8
151386,200000,200000,3
52235,2999,7276,21
40100,799,799,9
33550,999999999,999999999,1
5435,70000008,70000008,2
1686,32127,130000,9
173090,15657,15657,11
173088,50000,100000,27
200779,2099,2499,84
173104,97000,500000,25
83007,1500,50640,42
83006,1348,2575,119
74842,315,990,4741
54619,184606,184606,12
3176,1500,34978,10
200781,10000,10000,20
185910,350020,350021,105
117454,4594,4594,220
198500,1000000,1000000,2
21030,3700,3700,384
38872,18887,24529,24
191499,43200,44000,145
79306,95000,96000,4
13511,55499,61550,1126
29394,4500,500000,119
16167,101,2811,363
43107,1594,1894,3277
21031,3451,3485,210
107640,17138,30000,259
201407,1000,1000,10
62323,9974,9974,206
39001,100,100,24
128539,1912,2094,22
38877,61629,64832,25
24273,50049,165854,12
40034,5581,5586,10
71846,20937,20937,40
114013,276,276,10
38939,30000,37987,24
22786,248,250,26697
23101,761,761,18
52160,5730,5730,4
198231,470,999,650
43418,999999976,999999976,2
162011,100000,100000,28
119100,94297,94297,12
77545,2466,2466,10
169117,70099,80000,25
40086,6410,6410,3
130903,28442,65000,1355
168959,6575,13199,27
136637,117,130,11665
39959,1112,1112,3
141908,11900,12850,34
52155,35000,35000,5
163522,25436,25436,11
169296,500000,500000,2
128541,2009,2009,55
128551,14984,17933,89
52778,38763,38863,30
170165,3688,4272,85
65506,500010,500010,1
45060,800,1194,180
187888,42700,54316,93
200811,3799,3799,150
187934,44998,54316,97
44467,5682,6517,48
159787,2400,4684055,89
41474,668,668,6
128552,17199,18264,59
41480,9595,91976,12
128542,11794,12264,10
25896,52214,52214,6
188947,999900,999900,2
3731,4041,4041,2883
1478,68519,69211,5
41499,10638,10638,4
40053,300000,300000,3
39975,326,326,14
159897,670019,670019,13
112301,4149,9975,23
178252,149976,150045,58
90558,25000,25000,6
20876,395,45000,282
41976,1489,1490,34
162664,75000,100000,5
76542,300,300,20
38557,110,357,7789
76604,50066,50066,4
40146,129500,129500,17
39349,21999901,21999901,5
132197,1542,285944,6
42738,500076,500076,6
42912,1234500,1234500,7
42964,2000000,2000000,2
43572,235,238,214
76556,7416,7416,6
42741,358780884,358780884,4
76548,284,284,12
42465,10000041,10000041,4
43361,46149755,46149755,5
28486,5017,5017,230
76533,732,775,20
128716,500051,500051,9
128731,9899,9999,18
33867,49999,50000,21
76627,5500,5500,3
6316,72991,72991,48
76520,1265,1265,30
76546,263,265,14
31883,5550,5557,19
128726,80000,153388,15
113273,147427,147427,8
20879,543,591,226
20877,416,40052,231
168417,43500,44000,1015
20881,448,2000,217
37143,1000,26529,47
74712,330,330,134
34825,390096,390096,2
52119,615,615,30
76685,900,900,22
128549,102012,102013,34
52138,2500,500000,9
62654,1499,1500,1084
38835,1397,1398,56
110656,3899,3899,12
76648,17843,17843,10
110653,3600,3800,243
153445,11879,11879,50
41441,545,545,8
41489,18090,18092,15
37092,2000,2000,65
111665,48,60,6086
109124,110,168,19275
184346,100077,100077,5
153620,25000,499400,9
82444,2000,42654,96
72162,275,300,1953
31884,2998,3500,24
200574,3999,4505,6
69865,220154,220154,3
199946,5000,5138,24
199985,2765,3400,200
11395,78792739,78792739,1
134049,157423520,166169271,2
44777,25000044,25000044,3
30511,195794,195794,2
60578,1016,1016,37
194798,4500,19900,956
194813,7500,49999,1654
79307,75000,75000,5
23976,100046,314046,11
5082,150000,150000,122
10306,491,500,83
74859,400,525,3342
3108,500006,500006,205
62784,32,2533,35099
6950,188888,200088,83
180885,198066,198066,1
180347,1000065,1000065,2
24275,22099,30379,8
192661,900,1867,118
200825,120006,149906,23
21153,350,9300,868
49300,8999730,9999700,3
136574,500065,750065,6
111673,302,305,3078
62786,150,460,6400
200022,10000,10000,3360
194810,5800,12999,776
194812,7299,12999,1153
40133,9098,9098,19
194816,7500,12999,993
169946,4900,65000,29
82392,66,98,191
194815,7700,12999,1191
200847,254740,254740,23
140265,500000,500000,1
163407,500000,500000,26
193468,33000,33000,19
39998,3219,3219,28
40010,5464,5464,18
40051,15712,16539,18
40090,1614,1699,19
52210,1976,5459,17
71867,95763,95763,46
163637,244873,244873,12
23786,148000,149998,322
182710,50000,50000,4
52172,1038,300000,6
194800,6999,17500,928
74655,3809,4232,139
163558,19999,19999,7
127681,400,9300,743
38948,15504,59791,34
144307,2294,27085,100
52743,100,4748,113
74840,299,650,1100
6317,4500,9300,400
38887,51607,51609,13
52988,600,1224,36410
38836,124,250,66
33823,2500,2500,556
4389,2121,9300,132
200839,15000,25000,104
76612,9986,9986,8
115502,6480,6480,810
4400,22,22,1666
74834,275,2500,1617
20433,470956966,470956966,1
62780,9299,9300,971
4341,192,192,8646
25707,9300,9300,1851
53070,11,284,3066
109992,225,9300,437
193942,950,9300,312
52987,494,6500,22305
44775,500,500000,5
21845,25136,25647,315
112184,9300,9300,246
41800,9200,9200,840
76623,27097,28523,5
79238,199989,199989,1
112158,120,5000,2104
3478,450,9200,510
41809,340,349,4806
74846,775,999,834
108365,8930,9400,352
56241,500000,500000,1
182709,500000,500000,1
54627,350000,350000,6
62785,90,105,1075
108325,88,200,1967
108330,3031,9000,847
198218,4998,5000,599
42467,395999,395999,4
39559,65000,120000,16
199956,500,795,814
133578,4620,21500,239
4382,500,9300,168
27681,181,181,4091
72234,73,2502,23276
152547,1500,2016,1714
92664,999999999,999999999,1
41389,6460,6460,14
40011,1190,1190,10
40003,5534,5534,4
200264,160035,175685,6
76670,4802,4802,21
24035,3300,5779,20
24039,1863,1961,7
132216,150000,150000,16
173083,44999,70000,25
40016,2596,2596,10
40095,3395,3395,22
40105,5301,5301,5
40102,2875,3022,9
40098,5500,5500,5
40106,5518,5518,8
38842,1983,1983,10
45056,8398,43499,68
38813,3681,7112,11
74713,1111,1111,265
38960,275,387,78
38920,24000,24000,26
200036,2500,8500,37
112277,1000,2050,58
45999,10000,10000,3
40163,49999,49999,12
41382,11001,11501,10
40041,8308,8308,25
40023,8884,8884,15
49100,500000,500000,2
116172,20068,20068,186
17032,40000,40000,6
40032,5000,5000,19
12433,598054,598054,1
158795,300002,300003,2
151610,145000,145000,21
77546,2472,2473,6
140272,30069,30069,24
186662,29098,29098,121
112285,1506,51860,16
43478,39937,39937,38
5530,500000,500000,1
4552,500,500,3
6951,500000,500000,1
29568,2000,2000,27
158794,250009,250009,3
45191,500000,500000,4
38908,5799,7697,11
38901,1610,1616,15
38961,2555,4055,18
136560,975019,975019,1
119094,92359,220000,12
41443,1600,1600,6
153606,9448,75000,81
40029,50018,50018,1
128851,5000019,5000019,5
100734,20097,25097,9
128550,80079,80079,42
38922,5000,7874,128
41432,10000,10000,12
67348,18852,18852,44
54631,17176549,17176549,1
98117,5000089,5000089,1
33555,500021,500021,4
39527,21090,22200,6
182758,61506612,61506612,1
56189,120000,120000,1
42915,5000000,5000000,2
45604,4000000,4000000,8
41108,500002,500002,1
87393,1000002,1000002,3
49632,5700,5700,68
41529,873950,873950,2
41102,199000,200000,4
87895,380000,382500,2
42403,8739496,8739496,13
43552,370005,371905,16
42743,156586,156586,5
41095,4466716,4466716,8
45778,2000000,2000000,9
22682,12500000,17500000,92
94645,39903,39903,37
45879,40021,40021,2
28467,285,285,5
11022,133008,500000,35
133980,4501,100001,78
38809,801,801,31
38774,588,589,17
141909,21791,21792,35
38838,998,998,11
52767,46,47,30
38955,411,411,146
200041,5000,6000,538
38906,9697,9697,9
38912,2000000,2000000,3
144305,3502,3504,13
52769,449,529,22
38883,4000,8018,71
43554,250000,250000,8
43391,11567947,11567947,1
45785,2647280,2647280,2
43546,999902,999902,6
41535,500002,500002,5
42966,197000,197250,2
67486,297008,297008,2
39956,1007,1013,53
44081,500000,500000,3
44088,500000,500000,5
39686,95000000,95000000,3
38821,473,3473,7
200034,1800,8900,140
156627,500023,500023,13
52754,20654,25175,15
128553,22523,22525,45
38913,13595,999799,4
154120,706,5499,610
136633,182,290,1234
38998,50651,50652,29
38989,591,593,15
58487,4500,4860,1748
52232,1844,1844,27
130182,730,12500,109
25416,19058,35000,335
163638,265205,265205,1
13460,200010,200010,5
76602,50013,50013,5
201193,199992,199992,5
153510,8000,8000,2728
88157,149951,149951,1
201177,299996,299996,14
140321,5209413,5209413,12
128718,199951,199951,6
192695,130000,130000,10
130201,250000,250000,86
88162,100000,100000,3
88158,39951,39951,16
43381,99999902,99999902,1
76621,12566,12566,5
153611,1597,1597,30
43827,49999976,49999976,1
136568,59913,59913,20
88164,100000,100000,3
3829,4999,5948,187
9210,8000,11564,342
88163,149976,149976,5
4392,12995,12996,136
63296,39901,39901,21
39937,499913,499913,1
38269,293093,293093,21
128158,2242055,2242055,1
198614,23900,32015,9405
76562,250,614,118
52174,48354,48354,5
76657,1000,1000,16
52105,1299,2453,19
52190,12467,39200,425
76666,1383,1383,26
76587,26243,26243,7
52099,3314,3314,24
11389,350000,350000,3
136571,66666665,66666665,1
153615,7400,7525,10
192901,2900,8000,102
24449,10000,10000,10
65512,60000098,60000098,2
25744,6895,6896,1050
41486,49900,49900,16
34220,225305,225305,9
10305,10002,10002,6
19774,2950000,3000099,18
39671,1200,1434,157
139345,10000,10000,59
139344,5000,5000,60
139347,5000,5000,60
118015,12899,12900,44
112165,14843,14845,39
69772,65000,65000,52
6038,23021,24233,152
173073,9997,9997,42
52744,240,669,13
76660,750,750,11
8394,2519911,15000000,13
52233,1898,7974,16
52088,3065,3065,25
813,200000,200000,8
163900,500000,500000,3
5427,500000,500000,3
163901,200000,500000,5
169115,93121703,93121703,1
127730,619742342,619742342,1
128015,2499800,2499800,1
127732,999999990,999999990,1
39935,693,700,25
191501,10820,10820,773
43339,7000001,7000001,1
31679,9749,9749,619
178228,150019,150019,11
162112,999997720,999997720,1
16583,20000000,20000000,5
184624,2500,4766,74
200618,150076,150076,17
43235,463517,463517,10
52121,6121,6435,57
52084,598,1098,5
88530,500000,500000,20
114931,331,365,3288
28468,314,314,25
28470,283,283,6
44207,4687424,4687424,2
187812,2037,2037,24
30478,10000,182954,7
38816,100,152,20
193565,142500,150000,1682
198315,270000,270000,66
113992,599,599,778
9197,3900,3900,1593
76629,13500,13500,5
202290,1110,1110,681
13755,5999,5999,160
200570,2147,6047,130
75014,1956,2000,1819
41466,7000,7000,3
38865,3699,3700,77
180057,1897,1999,2511
49601,1081049,1081049,20
86574,500000,500000,1
201203,1089070,1211386,2
7967,13716,14241,4
12645,16148,16148,38
191511,4500,4500,226
152296,51991,500016,59
112302,40000,100051,3
22791,893,954,4378
22833,20000,20038,3284
162113,999999999,999999999,1
79304,300097,456771,9
52123,25889,300024,8
52220,9925,9925,39
41473,499998,499998,3
52242,35099,49999,25
168498,6092,8056,520
31887,1000,1845,32
110620,59999,59999,3
76614,6500,6500,17
5470,65,816,1336
183597,66619,66619,8
173077,40080,40196,20
173075,119180,119245,47
162674,7922,65000,11
39201,50000,50000,4
39945,695,700,9
35287,1112301,1112301,3
194725,9500,9500,84
24051,4400,12200,153
32598,1553,55554,761
22828,1999,1999,535
22827,6000,6000,81
40214,141344,141344,16
196585,13485,13485,302
179288,950000,950000,3
137556,9655,9655,6
200015,39094,39900,104
204312,25000,100000,16
52204,12779,12779,39
52215,2000,5767,29
58866,500000,500000,1
79257,41000,41000,38
76600,20502,20502,5
30509,1021886,1021886,2
29573,9525389,9525389,11
23922,240888,240888,3
57065,9702893,9702893,1
29574,4591474,4591474,8
76512,546,547,48
173079,400000,500000,23
128743,70000,76900,17
173091,69800,500000,7
28461,27585,27585,6
28463,300,100192,2
41099,690000,690000,1
43414,680000,680000,1
42406,449999,449999,3
128436,50000,50000,4
68660,499928,499928,2
41541,250000,250000,1
42749,500000,500000,1
39501,74391,74391,40
41547,330000,330000,1
40896,290000,290000,2
43549,390000,390000,1
43422,290000,290000,1
87902,490000,490000,1
183793,450002,825001,2
42412,250000,250000,1
42399,400000,400000,1
5370,5232230,5232230,6
21546,6000,6000,3673
110619,370,370,76
4655,25000,25000,81
52748,8053,124999,6
163118,115350,115350,31
20543,4400,4400,40
178900,500088,500088,1
178544,999999999,999999999,4
200855,2053,9853,82
130179,3500,21808,414
163399,10038,29938,47
136546,19919,19919,25
153625,24951,25001,4
163153,5000,5000,98
74709,153,154,24
153567,11000,99736,2
28118,49995,49995,104
54623,30000,45000,28
24030,9200,9200,36
179269,608004,608004,2
76537,215,215,9
13510,50000,50000,67
5474,7339,7340,137
179016,222229,222229,20
179267,222219,222219,20
52151,8137,8137,6
41492,448,448,5
198295,38344,49999,19
201428,15000,17095,283
57071,169000,169000,1
76588,270000,270000,11
163897,500033,500033,1
132219,400001,450001,4
52158,192581,192581,8
133913,1500003,1500003,6
176879,22900,25000,4
22848,8000,8000,538
199190,150000,279900,20
67337,500000,500000,1
65509,500000,500000,1
141213,3400,3400,12
132211,450000,475000,8
36802,500000,500000,1
56055,500000,500000,1
162117,40000,49900,28
814,1400,1720,233
74865,2185,2412,1844
5637,1200,1732,339
79292,266500,266512,2
56968,90054,90054,4
62535,2000008,2000008,1
44156,1000,85000,35
138987,4500,4500,35
42993,58519,58519,16
52237,9969,9969,17
167739,3500,3500,25
104344,5300000,5300000,1
74661,10000,29999,1295
153619,25010,25010,3
35794,7501,7501,74
22324,100004,100004,55
140298,5099,5099,26
44936,90372,90373,18
110621,299,499,38
110642,7115,7115,24
112115,8000,35000,39
22460,594,594,1
24539,500001,500001,2
174104,500000,500000,1
36808,500000,500000,1
54835,900000,1069988,21
38518,19993,19994,47
52145,2082924,2082924,6
52148,94898,94898,5
52127,8604,8604,17
52156,9217,9217,5
20817,562,662,1057
177840,475072,475072,1
178537,500000,500000,3
52097,400,400,23
45738,72771752,72771752,1
41092,1000152,1000152,2
43413,9222573,9222573,1
42972,1397630,1397630,3
17030,604916,604916,6
42908,4957004,4957004,15
41446,768,769,15
76628,21599,21600,11
39955,290,290,20
31893,28573,30076,12
11382,98899,199981,2451
193962,300,300,44
183963,1000069,7000069,4
724,400,500000,22
197737,50000,50000,4
184343,103950,103950,4
179281,958844,958844,6
42777,17500,17500,10
43012,99,3500,3753
166804,2000,9979,1416
10560,1220,2008,127
52146,563037,563038,5
30476,20020,200220,11
36930,3500,29900,1438
198497,15014,15014,29
182120,1500000,1500000,21
76573,10000,10000,3
76550,151,151,27
45987,25021,25021,16
23095,6000,6000,38
76135,234,249,3096
23107,518,518,54
163782,499,1660,95
41481,44756,44756,2
8836,48000,150099,773
192684,379484,379484,1
112290,1301,8998,33
140204,999999999,999999999,4
6456,49927,49927,77
19274,91265,407357,13
40216,28607,28607,70
191323,7700,9149,1597
201468,50000,50000,5
179291,8600000,8600000,1
93707,100015,100016,11
41445,66990,66990,11
128735,95428,95428,2
27933,500000,500000,1
182707,450000,500000,3
54632,500000,500000,1
33562,500000,500000,1
166728,500000,500000,1
42994,22015,22017,74
76888,4800,4800,17
200619,50000,50000,7
87264,633150,633150,33
176854,132325,132325,1
127762,299999,825889,18
138986,4000,4000,35
77541,12708,12708,3
22835,9785,9785,400
162550,509968,509968,10
29561,20222214,20222214,2
147868,8205,8940,140
52135,12000,12000,4
175959,499999,499999,1
182761,52485597,52485597,1
71863,90027,90027,18
39907,198,198,16
179273,35570,35570,3
38875,1188,1188,148
76673,549,2500,14
52164,22176,22176,4
38884,9000,999799,11
39966,574,574,4
32948,675000,675000,2
32409,94850,99842,26
62016,115000,115000,5
92437,2000001,2000001,1
113108,25016,65000,22
52162,7525,7525,1
59496,80000,85000,19
198620,1142,1300,101
18631,4515,4515,57
23819,8810,8810,8
162555,500000,500000,1
29750,35039,35039,33
136563,1442000,1442000,7
71819,45098,45098,40
17036,7213219,7213219,4
76578,350065,350065,3
20873,824,1054,59
71859,29524,29524,71
76579,17872,17878,5
71817,39600,39600,18
71871,25089,25089,44
177841,220000,220000,3
138884,500009,500009,2
40008,1455,1455,5
32597,125035,125035,4
76553,3000,500051,39
31869,350,350,4
76538,152,152,1
41460,409462,409462,5
76601,31698,33123,6
40059,999,999,7
160611,4200,4200,40
27499,307,1507,129
179293,49999,49999,45
173906,150000,150000,1
19234,4012,24055,26
198494,90000,90000,2
19276,231500,444090,8
44157,1000,1000,14
5633,2553,3300,259
151431,50046,50046,4
178221,1022,1022,5
182118,1900097,1950097,2
57062,5000002,5000002,10
5833,50588,50588,193
52205,1425,5767,40
76530,5000,5737,19
163150,1000,1000,720
22054,500006,500006,1
46390,100000,100000,9
20870,6656,6723,9
52228,7524,7524,18
32601,23147,23147,95
39932,150,2691,12
178536,5260029,5260029,18
67506,195220,195220,2
185970,30095,30095,16
178115,1324260,1324260,1
9030,15000,15000,54
127738,48888804,48888804,1
79299,300064,300064,1
41584,2882,28082,1514
200050,719949,719950,65
52125,1515,2415,19
40094,100000,100000,5
39974,10052,10052,2
39964,250000,250000,3
52243,5459,294800,12
41478,1663,1663,3
76884,5400,5400,35
76887,5399,5399,19
23109,2212,2212,11
3340,250001,250001,10
62451,10000031,10000031,4
198300,100000,100000,163
20857,2040116,2040116,7
52154,49588269,49588269,1
115470,4899999,4899999,2
187191,500000,500000,1
187211,499931,499931,4
187594,500000,500000,1
41479,485015,485015,5
52300,10102,10102,3
119157,5000042,5000042,2
200871,47500,47500,8
36817,1617198,1617198,6
31906,2500,33140000,18
39952,1545,990772,2
180055,2800,3000,43
76574,500000,500000,9
141319,13476,13476,5
179166,500019,500019,5
76583,350066,350066,2
76577,350038,350038,3
76584,350066,350066,4
76582,350066,350066,2
63293,224623,224623,2
76624,350066,350066,2
166419,4298236,4298236,4
4581,10000013,10000013,1
89676,350066,350066,6
76592,5499,5499,2
76595,34998,34999,4
76605,8790,104591,9
16748,50001,50001,4
192662,200,200,1343
34841,642587,642587,2
41164,2500,2500,1988
4623,46522,46522,1229
108363,441362,441362,8
39978,1165,9013,14
144397,8119537,8119537,13
5524,498,600,144
180623,1000017,1000017,5
138196,10039,10039,1
179289,1000033,1000033,3
33854,29467269,29467269,2
198230,20076,20076,212
200013,130000,141638,103
52227,7776,11590,2
23764,12699,12700,20
7228,85,5085,505
182718,500000,500000,1
43362,800000,800000,1
179297,8500033,8500033,1
200821,56880084,56880084,7
77547,22979,22979,16
38431,67500,67500,134
200810,147103,147103,5
179285,86695,86695,5
129287,350000,350000,3
112274,20049,20051,44
44607,111111113,111111113,1
201327,40000,40000,3
20004,10000,10000,205
136549,106722,106722,5
60268,1000000,1000000,5
105706,1000000,1000000,1
115512,1504,1504,13
183733,402936,402936,4
205238,10001,505001,2
23826,500000,500000,6
65892,422000,422000,92
198498,10000,100000,119
176883,500000,500000,2
44928,1000076,1000076,1
158926,500000,500000,1
39911,27857,27857,4
23330,200001,2000001,3
7973,1089,7050,283
1476,500001,500001,3
163050,500019,650019,2
9261,11000000,11000000,2
29539,25062,27262,492
4359,561,4500,808
138975,4419,4419,66
36758,5741,500000,89
203417,950092,1400098,76
63347,16466987,16466987,1
110648,849191,849191,1
168793,61250,500000,9
179023,10145401,10145401,3
200805,9665,9665,7
76540,332,1200,109
178177,300000,300000,7
11386,10000,10000,3
136550,500019,500019,6
178546,10001,468801,5
178137,25000,25000,6
201401,4041,5103,6064
136555,937999,937999,4
178172,25065,25065,1
191377,12400,12500,987
158792,80025,80025,2
141207,4599,500000,24
36801,23200018,38700018,2
38698,65000,65000,24
163155,5012,5012,80
163140,5007,5007,120
19726,26023375,26023375,5
23965,12000000,12000000,2
10586,49800,50000,4
4371,1500,1600,400
45758,50000090,50000090,1
39983,398,398,3
2304,40,101,211
198253,49900,49900,2
4481,30000,30000,1
178131,1000076,1000076,2
180326,110065,110065,1
162575,501663,501663,69
162574,5432199,14186199,118
163136,600258,600258,70
162551,432199,466376,73
162552,7394100,7394169,84
162572,1290653,1290653,69
71854,37870,37870,7
200799,2029,2029,38
7428,121017091,121017091,3
128850,314715300,314715300,45
45732,100000002,100000002,1
41485,219129,219129,1
39685,137053368,137053368,1
45901,1700003,1700003,1
20435,25000001,25000001,3
43341,20000000,20000000,2
45799,50000040,50000040,1
11385,88033,88033,2
179017,500002,500002,1
92057,691894,691894,1
8926,1500002,1500002,5
34843,250045,250045,2
163651,100000,100000,7
163110,5000,5000,58
169120,500000,999999900,3
166288,1815999,1815999,1
54747,109434,109434,1
163641,500000,500000,1
88008,500000,500000,1
38581,500000,500000,1
44155,792,792,15
9172,4939,7108,89
187194,12000000,12000000,2
179011,2424523,2424523,30
198297,200000,200000,12
28464,297,297,3
28459,17159,17159,3
57193,7500,27546,59
197763,3369,3500,2646
1081,125830888,125830888,5
76728,162000,162000,1
40015,218,218,1
168755,3895883,3895883,5
38428,1800,1800,5
151133,50000,50000,4
19258,15000,19922,31
139398,345474,345474,1
178216,10706850,10706850,1
31902,2576,2576,6
136554,1381774,1381774,1
136565,58605241,58605241,1
37602,276608,276608,24
67319,500000,500000,1
201813,500000,500000,10
40360,15000,15000,19
178518,1302938,1302940,3
108391,4500,150000,7
192723,2000,10000,4
65505,500000,500000,3
52339,4500000,4500000,1
200282,76500,76500,1
127718,5027780,5027780,1
43333,917633,917633,1
108339,50,50,402
194566,1999,2999,547
158820,284032,284032,1
182756,13817320,13817320,1
127734,999999999,999999999,1
128844,3019,3019,60
200775,3573,3573,22
138973,4500,4500,20
138979,4919,4919,30
104339,5020,5020,20
140275,5038,5038,60
194578,5999,5999,289
110634,9900,9900,1
104340,10020,10020,20
159876,3918,3918,10
104341,250020,250020,10
104342,150020,150020,20
25548,2300001,2300001,2
163061,4419,4419,25
2681,49,49,42
128992,114983,114983,1
37253,2005,2005,60
63388,100017,100017,78
41484,12323,12323,5
174041,18720,18720,11
156873,99999,99999,1
127737,3499800,3499800,1
187197,143132728,143132728,1
39957,113,197,2
23110,102,102,1
5631,1250,1250,285
169949,4010,4010,4
113278,90098,90098,1
201832,3890,3900,1819
163606,349733,349733,1
43542,500000,500000,1
115464,1110364,1110364,2
41451,75000,75000,2
44165,8010,1000010,25
5205,580121,580121,4
198228,19900,19900,13
158781,500000,500000,1
76532,2000051,2000051,1
200533,50055,50055,1
59480,4709,4709,5
182757,568626,568626,2
105720,250020,250020,58
128713,1743289,1743289,1
49624,902212,902212,5
67252,718070,718070,2
49627,6720446,6720446,1
41467,113,113,1
67257,40416770,40416770,2
20864,360,360,107
2893,3001,3001,1
158765,500000,500000,1
68055,12000,12000,7
200815,150000,150000,1
31894,1275,1276,9
44147,5010,5010,3
158832,90000,150009,2
31896,5076,5076,1
88154,20038,20038,2
76549,460,460,4
61988,250000,250000,2
168786,301,301,1
81889,1000017,1000017,1
192693,200000,200000,1
162567,10019,10019,1
194569,4999,8999,744
44286,320051,320051,1
79309,213500,213500,1
154133,543299,543299,1
198506,521700,521700,1
154131,498799,498799,1
154132,943999,943999,1
76656,468,468,1
42971,500000,500000,5
42397,500000,500000,1
63025,565,565,1
44144,1591,1591,1
85699,500002,500002,1
196582,529,529,229
167043,5027,5027,100
167548,5027,5027,80
10841,1700002,1700002,1
184049,419708,419708,1
62370,500000,500000,1
147669,201,201,1
44145,110,110,1
68731,501,501,1
63313,1001,1001,1
76552,151,151,155
5361,650001,650001,1
36781,4520,4520,3
169118,16,16,1
112275,451,451,1
136653,4,4,26
92663,50093,50093,1
92053,50080,50080,1
92421,50044,50044,1
92052,50008,50008,1
92049,50091,50091,1
