item_id,min_price,median,quantity
132190,779,779,24
192926,32755,32755,5
36918,396,400,371
192894,25,85,2434
168822,1699,3450,78970
179370,6500,30000,47
192622,65,65,482
202070,44,44,44462
190330,2848,3799,189147
6470,40,2596,4287
171830,374,780,19580
192646,145,159,3021
87578,345,350,282
11590,708,972,399
200614,500,500,244
123918,1498,1605,156122
109118,65,85,100882
39774,297,350,7967
187850,20000,20000,85
204834,500,854,25
198310,1015,1015,47
44758,30,100,375
56046,100,174,422
192850,200,313,127936
60486,44,50,876
191470,3193,3925,10305
163222,700,1801,969
193050,18,20,1926487
158210,297,297,205
4306,20,100,66578
191474,482,482,128721
199986,1380,1486,2194
188658,240,436,385000
33470,42,60,59053
60398,33,33,215
192902,1600,2787,3832
151538,46093,58591,150
193946,145995,149995,513
22578,1574,1850,1462
52326,1455,2399,85896
190322,5924,8000,270919
193922,61,81,425346
52078,1500,3300,5216
774,125,175,9253
193218,34012,84922,45518
194806,5742,19999,274
201406,43893,62999,37870
27854,32,49,367
27422,50,200,3063
198218,573,2000,2664
172042,190,200,2079
18562,2825,9975,4387
193258,48,65,323957
62674,999,2000,95
192634,69,69,1039
194966,197,235,156331
178122,777700,777700,2
154166,300,13722,776
120150,800,977,648
79254,99,222,103455
76134,150,193,2727
154122,358,362,343
44774,400,400,17
200034,2595,3863,9937
193262,8,104,175463
53010,109,125,37642
193214,32,34,489949
204790,19,19,3430
31670,128,388,1348
109138,50,200,9389
152494,167,599,1913
162554,132,6500,161
27934,22022,22222,116
191338,31934,38100,2354
184202,121,260,270
193926,4496,4546,2448
60838,1000,1400,16079
173202,1,10,2179121
171266,25,32,10618
200938,8095,11599,5443
16766,49,6500,162
17010,89,9900,1762
171350,200,300,899
190326,962,1098,262060
21882,66,75,18723
190314,5500,6911,35073
190534,19799,34780,8681
24338,92,95,508
179314,36,89,85409
53062,80,87,2735
200826,1599,1900,103
62658,894,895,273
200030,6600,7199,15875
67510,79,80,141
111670,12,130,1732
172054,7,7,47053
193210,134,703,1149868
192614,63,63,3823
8150,65,75,22353
172094,19,289,303563
2886,1501,17910,1183
178222,10,19,981
13466,900,1087,11767
157842,90,100,238
43102,3315,7015,8670
87242,203,208,384
138486,840,1539,7857
28102,1895,1999,1188
139310,45590,55000,187
2838,20,57,24522
205170,520000,583269,206
172370,275,299,102
192730,177,178,263
76130,100,150,858
22842,2198,2198,50
19702,748,98901,1491
152542,4,39,294959
158870,55,55,128
34750,45,130,417
177962,999,2499,497
190394,141,230,662896
192922,92896,93232,2389
163522,1200,6500,112
86074,1000,5063,86
39218,200,210,146
87230,211,226,508
187802,300,740,4899
167738,33,1010,16560
4338,7,46,85263
128838,128,6500,182
191462,209,244,757771
192866,871,986,8294
169138,95,97,508
41266,3700,3800,339
128546,7499,7597,88
172438,350,613,16242
2862,9,15,730
56850,3530,4200,17838
193246,13500,13760,9686
137238,29340,59900,150
192938,79996,82446,1643
192842,230,327,46520
168654,11900,12000,2768
192958,108492,109400,880
192654,175,175,23
205470,100,119,1283
191506,500,799,1239
190450,19263,21598,15376
198186,1064,2822,2823
204710,1309985,1488489,545
38682,15,17,48713
129022,49799,59875,149
193254,5805,9000,68902
191494,38999,39875,20235
191334,2497,3980,11524
200022,18807,22298,2676
76602,199990,199990,10
15994,276,276,1450
124438,1,25,67018
31906,970,1200,48
127846,176,176,147
160298,8,39,63566
153494,90,110,146
112290,6767,9405,26
20862,30,32,926
53066,11,226,8343
158382,322,322,383
197742,56,72,432635
68198,10,21,450
6522,2398,4000,46333
158378,20,38,69149
81402,25,30,428
192838,230,286,20343
179986,623,823,443
198238,12500,12530,513
201422,10075,10989,3772
194730,140,340,661454
5526,99,6500,94
52186,1997,2198,40407
40034,23843,23850,24
124442,983,2879,14562
163782,275,19900,709
194794,3700,6171,1287
192978,99,2500,5942
72986,39,3008,4593
198202,6900,7000,520
42942,40,874,230
34054,65,200,169479
192862,880,907,1405
43122,900,14400,1251
192626,66,66,6192
191330,1400,1834,866
200786,1989,1989,115
4342,33,33,10414
111434,200,300,385
29534,64998,64999,36
200038,16890,17098,4229
199962,502,503,609
5122,8099,8099,38
36782,96,696,1938
4402,19866,49968,170
198258,300095,549388,726
193934,15086,15589,6632
71998,55,1499,9715
110638,1694,2000,63
172358,105,260,1093
2934,150,199,3058
197794,12491,12800,22687
63246,99,122,475
173034,70,100,8767
194846,799,900,16596
52762,438,9272,95
183738,266,4900,374
154126,358,358,455
197778,228,243,24593
191518,279,374,1648
81414,13,500,879
199942,403,504,167
193950,69,72,997
5342,45,6500,191
2674,448,19900,807
74722,244,311,295
108338,100,2500,2011
203414,29471,29480,941
190538,16900,20698,4061
191466,800,2863,387243
43466,441,449,107
151566,47,608,40697
6530,11,52,1457
154722,13,555,251911
193378,18000,18500,658
81194,44,50,2592
41334,4400,4999,149
198298,396,2504,158
199954,500,520,479
197722,2795,2800,14365
198418,499,1639,13395
191322,1528,2500,1088
172418,903,990,168
193370,699,729,261568
182118,499991,499997,4
158874,108,109,100
124106,6900,7000,17846
198614,12800,18999,8852
172934,100,100,42231
172050,400,900,371
201166,100,100,23
197754,25,49,346058
203418,2189,7000,3104
191534,231900,231900,619
111454,110,125,1433
12206,270,642,1244
54450,25109,25109,36
197782,598,1399,20562
173058,2600,2890,3650
132510,20,25,1651
54834,3766,3766,23
2458,950,4036,1102
168646,629,795,2083
41498,3000,6882,12
4234,721,1195,16530
192870,894,3781,40488
154898,7,13,10308
163118,54408,54408,93
189154,420050,499950,172
62778,50,300,1655
28458,1900,3699,603
192630,68,68,165
197746,37,58,65575
39338,1979,2116,3532
72234,43,2540,10344
152506,90,200,103690
192970,7410,9099,1546
31898,5000,5700,25
19222,1,7000,211
198210,77799,77799,40
198278,6791,6860,74
27858,3,3,488
197770,15,250,16852
200106,187,192,41
87226,6400,6400,262
104122,250,2281,400
10558,300,350,1066
192858,947,988,11754
35562,353,7424,23152
201402,292,4329,4435
2454,75,539,1000
79538,4000,6500,229
4398,5923,5923,85
204842,200,355,27
199982,500,502,312
205698,2500,5097,178
106870,120,140,332
199950,500,502,536
161126,1429,6500,146
29394,446,6500,223
72238,520,79900,39147
192718,2069,2069,38
74838,495,600,872
52982,544,544,3566
38846,790,799,51
191358,4438,6448,26237
200054,799847,899975,1874
32198,105,505,1909
23354,175,495,128
136342,184,185,1598
199990,596,596,546
24246,145,1130,2048
173110,400,450,2457
13454,2365,2999,817
194786,4700,29900,395
198194,2773,2799,8875
175970,75,9300,37142
10586,2794,3995,285
3390,1600,1600,191
50438,710806,710806,28
194826,3580,3998,1650
193962,1395,1395,1281
130246,123302,123499,96
104138,1500,6500,331
2770,199,292,189526
191370,1000,6390,856
58258,30,6500,172
199958,504,505,144
128846,9500,9540,143
74866,45,225,2567
62270,99,99,69
200026,1285,1500,1200
43386,2178,4152,288
163842,1002,1202,65
83006,1290,4486,162
191386,695,700,67429
111658,106,7500,838
168786,19835,20035,26
136638,4500,6995,533
58142,40,599,696
108330,345,1084,3733
74710,22,560,84
200046,90097,90097,384
30458,402,6500,118
74834,273,445,1438
74654,100,6500,129
189542,1492,2022,25191
204614,10043,14546,524
192942,66200,99998,1245
159846,3655,6500,169
155610,25,46,99
163098,483,7000,112
191374,3933,20000,6713
137250,41366,59900,180
8846,999,1041,35264
136546,300028,300028,26
74822,7,27,387
7910,421,1000,10076
3818,600,5500,4513
124102,668,1500,69959
193230,4000,5732,10080
192658,188,1000,4590
178226,671,6500,130
44458,17,18,54
38946,79918,159696,54
6362,2,5500,3784
191398,2551,3107,2143
200042,850,1057,2449
171290,120,600,9944
22202,297,1493,1674
74250,10,244,66672
44922,3861,3982,456
22446,123,279,85708
169674,200,223,511
192910,900,900,200
11018,600,995,427
203410,5088,6295,1698
198422,335,348,62000
79010,33,45,24756
52210,7498,7500,14
40042,39,6500,182
76638,295,444,49
1702,189,389,33
204622,399499,449900,239
200842,4400,12048,90
168586,650,884,22638
39966,499,500,18
168650,10,503,27773
62518,30,30,325
183950,796,950,1443
58090,120,123,476
52722,115,376,16480
7974,94,94,28525
76618,1927,2072,77
136826,45764,75000,188
75014,1150,19900,924
16170,105,6500,183
175886,5,65,42114
108294,3465,19900,403
43850,2526,2526,779
39526,50098,50098,100
43106,1299,1399,5132
32902,1,1,1920
15870,100,297,239
87238,99,207,363
39342,174,175,5156
198318,252143,253420,1187
76894,11191,11191,34
187702,72,3920,20765
20874,891,891,104
194798,2520,7135,1571
193470,2040,2926,72438
20882,73,75,249
20858,34,35,549
198414,3960,3960,11009
5470,64,75,2948
76598,136481,136481,4
204234,90001,90001,70
41510,199,342,1700
200806,1877,1877,84
61978,1045,7050,16221
163138,4000,6500,137
153662,950,10000,156
2318,125,399,24107
38818,200,200,104
8170,385,442,17358
198214,6002,6002,91
195466,202,202,480
194734,890,898,158
109142,27,3334,14908
153490,300,395,720
175054,536,536,28
38862,311,1597,332
104126,3300,6500,287
191326,5387,8000,1112
200578,300,19900,355
109626,100,177,877
7070,40,3350,7775
159850,4282,7582,128
198550,1400,500000,3475
152510,1000,1902,92181
200794,2310,2370,50
172230,4,32,462539
81918,300,300,389
169130,875,875,675
160710,12,12,10825
4470,2,3,28424
174282,99,6500,198
163018,3300,6500,87
18262,1500,3288,78
2594,10,6500,179
204994,499596,510090,709
36922,1312,8899,7827
192662,200,3089,4132
198254,1122,19900,968
191250,8287,9392,256
39970,480,599,1076
818,325,399,7861
194754,3700,19900,1161
11382,89854,198200,2357
3382,200,2500,1604
40070,1997,1999,1730
5066,1199,89428,43
58262,9,9,449
200838,10000,19900,121
10290,97,98,8922
3770,98,100,696
38558,998,19900,815
23446,420,575,13187
194562,38010,40049,1618
193410,200,200,15
192878,1498,1499,11239
954,243,247,171
53070,23,44,2690
55054,7425,7425,196
3358,678,5583,3724
193222,2697,2724,2199
15414,3499,9899,9993
4602,65,65,360
118630,800,899,253
33454,9,43,448
167862,1995,1995,681
168310,70,89,1120
4390,1755,1755,133
110618,1374,1450,100
4394,2497,2497,122
153706,1700,40000,1386
21030,6097,6500,169
62274,99,99,22
128834,693,6500,109
205794,995,1000,499
20870,150,150,49
172410,443,443,127
133586,35089,35089,73
62782,86,2048,33274
104314,300,3556,216
152638,10500,90000,874
197790,1394,1413,31412
193930,1350,1681,99221
188794,912,123112,26
27438,90,2500,4610
20866,1999,3300,63
20074,371,6500,168
71818,76046,76047,27
193942,327,19900,572
38870,900,900,104
105718,2998,22500,249
35622,4157,4200,5390
11754,489,949,13675
40014,7289,7389,8
153710,250,251,511
3674,80,90,42
194814,5900,35000,487
153702,375,661,2821
38830,30,32,125
192722,1939,1939,14
10286,68,5599,5696
142406,1304,2876,470
44262,80048,80048,3
1710,15,299,844
194010,4095,4900,1708
133590,200,237,2358
200014,47988,48088,849
90046,36996,36997,90
71854,44237,44254,57
191378,389,520,1874
28486,7206,7278,118
130178,6000,6000,665
191362,10235,11030,519
6826,100,100,28
191350,13074,15030,1602
82442,800,800,58
36934,193,1488,626
198082,12458,24583,129
158862,143,144,127
4606,40,6500,182
200058,675075,979895,548
204702,540000,540000,529
33234,8,6500,208
42930,75,100,91
177062,980,981,6854
199206,67,220,2960
32062,1800,1800,470
158778,119,119,69
188670,187,270,393
128314,22900,27390,359
23786,95000,484198,679
201314,598,680,72
43490,92,143,1555
63122,200,200,801
33874,912,912,6519
191394,499,559,940
139358,44200,53516,204
158794,777700,777700,2
140630,49900,56002,222
10310,521,3021,188
8766,2,19,533
133574,3904,3904,388
3470,85,85,9571
1210,175,1400,7452
192846,299,325,1826
52718,200,2500,10307
141910,18165,20811,25
200050,679788,834773,243
186522,3000,198498,428
42546,97,97,1132
2842,1600,1980,6043
198282,999,1517,740
4582,150,150,26
2894,190,6500,331
52086,1300,1300,77
162570,12200,12200,191
1206,1750,2400,4550
173130,780,789,2567
139270,44696,53516,178
132230,100000,500000,7
22450,164,5569,15044
190530,13500,13500,2210
58094,888,3030,660
76674,474,899,12
173874,140,180,186
74850,559,564,4076
130222,4936,7500,23
35950,45,80,456
52294,14590,15091,30
178542,7070,7070,197
192994,137000,139981,4538
179166,177436,177436,22
160398,14,15,12761
191510,394,394,139
3486,325,19900,1045
7078,165,3339,7969
72094,740,755,159594
128538,693,1400,96
162566,1254,6500,166
168638,4200,65500,110
58266,64,6500,223
192554,813,1999,1512
173038,55,200,669
17202,676,695,56540
43398,4516,6500,222
129158,5,28,1465
814,100,5500,406
12810,3188,19900,3961
103786,44,45,109
37702,421,800,6139
76138,868,2400,3280
43646,380,500,797
173070,22500,25000,14
43118,3300,3450,3734
191382,5440,6096,53726
204730,193,195,421
10514,2600,3000,195
71858,43954,43954,13
55978,60,65,25
43086,2809,6500,296
108302,296,351,1054
74854,700,777,1042
188682,569,569,285
13422,500,2998,4950
41814,990,19900,823
163082,416,425,593
8154,100,299,4518
43010,300,697,2923
198534,2040,2220,209
52178,1850,9000,3973
38938,192,193,125
128842,673,2040,309
158830,290000,300000,8
200018,119400,119400,2637
90058,98,180000,39
52766,100,10583,19
52778,14148,15094,76
39562,35,44,105
41802,925,1349,2750
110626,1035,1600,245
44570,369,492,301
152546,130,130,6955
42434,1087,1087,25
81410,24,31,256
199934,591,598,276
138974,1500,88800,23
192914,196,196,2088
6890,209,6500,226
194694,162,162,751
3010,1205,1815,7
139438,27989,44400,183
17058,3,5,201
23386,325,5500,39
63318,199900,199900,10
192746,180,180,38
118006,49,98,310
194850,10689,10843,1116
13362,9000,9900,24
11370,2000,2900,13808
33782,530,881,42
156930,259,425,11813
25418,25,32,391
57070,40000000,52631600,6
38786,126,126,23
19698,800,63657,2978
75026,41,152,680
154882,30,300,2252
205866,3599,4400,37
67438,2475,2500,283
80594,148,250,50
113262,11,550,39463
132218,4499,123107,63
40078,400,423,91
32222,1890,2337,432
180318,84,88,215
163906,6400,6450,54
76534,169,170,29
11394,155,216,76
95482,78,79,218
22826,1780,1780,220
4366,100,100,177
194758,4745,5426,1821
192934,49900,50000,92
132514,32400,38596,9047
192954,50000,62000,60
160330,531902,2500000,58
38766,10,86,352
89678,637,638,29
2678,4,101,78169
193954,392,595,1870
4586,2000,5000,18
159466,1053,3155,318
35758,200,250,457
85506,94,9997,1316
117474,10000,250000,51
172062,20,25,302
27498,3208,3208,229
199994,500,852,218
54830,12,5000,31
108306,2800,4139,1060
172362,54,1053,418
168598,16984,16987,106
189146,558,5000,2203
111650,400,19900,710
15410,74900,100000,686
171274,404,404,4018
38926,7821,2000000,7
53050,91,2508,1721
200010,35001,37795,594
97622,847,1209,740
102542,76,76,920
60378,7600,7685,239
140286,1200,1200,211
24478,495,499,15736
118898,100,100,52
21886,5988,5988,2855
200770,9953,9953,39
41338,115,125,169
16202,112,2500,7255
197858,151,170,1027
192666,165,165,50
4538,12,17,1240
153714,250,251,694
192898,900,912,3729
200566,1000,19900,113
14342,12998,13000,1604
200506,7,12,95603
194810,5500,29999,363
32194,1700,1700,459
61982,5,5,1149
178550,19,19,457
28058,511,511,103
158806,149,188,34
21562,401,401,22
38998,40034,53936,7
124110,20,28,15660
112182,19900,19900,509
162022,4197,4200,130
38934,500,511,44
142266,38,558,20486
52986,1425,2994,3880
71838,49571,49571,34
52246,6070,6071,9
76890,7400,9657,41
58866,600000,644124,6
42702,26156,26158,64
110610,38,267,34997
6290,21,110,330
194822,398,398,7580
200810,25000,45000,28
172010,8703,8703,340
3858,435,540,14221
172146,123100,123100,9
199978,588,15090,4788
154886,106,150,1326
64670,200,290,2219
110642,1699,2000,60
4874,200,5000,40
76886,4299,6928,130
204838,99,99,20
182122,763,6500,89
18234,1087,50000,14
111446,19,6500,170
205242,1700,2300,34
160502,30,52,12985
6458,22,3000,365
163058,265000,265000,9
191366,1354,1355,321
108298,400,990,1425
19026,4052,33574,70
38990,11242,11243,35
102218,49450,98999,1883
194970,1000,1103,497747
147774,6500,6500,327
87246,100,7000,306
24274,230135,230135,23
146406,74700,74700,45
39682,2577,2790,2354
4594,24,5500,729
111666,114,121,2928
39666,1915,500000,318
43394,4587,9500,299
21114,15,6500,262
192610,61,61,390
111662,3,91,1383
7286,270,3300,3954
414,6,6,409
4378,20,20,828
9262,44,485,11244
38806,40,99,17
172046,14,2500,501
111522,4400,10000,28
18294,19799,20000,662
197774,121,122,1710
109126,50,500,20402
422,6,26,490
86070,790,790,98
76682,2300,2372,51
76678,618,1900,23
197766,1496,1497,34418
33546,58,300,42
160518,200,6400,217
3170,50,100,61
155910,6500,6500,101
198198,24448,24448,171
35954,44,49,382
193554,145896,242600,356
39354,7,7,72242
176862,50,50,220
153050,4,469,35727
173362,100,130,170
168498,4192,19999,455
34762,77,97,584
130174,200,200,1017
193250,29974,31081,1084
5634,6740,6743,318
39910,999,1000,43
13442,838,4999,388
128994,1999,7500,109
2290,20,169,1194
62786,148,189,1233
41594,9000,9200,864
199970,50000,50000,3523
139786,10990,22500,2210
112158,100,460,709
36794,1369,1369,57
197786,609,660,45827
201046,4000,4000,921
43334,4425,6500,365
52194,3993,4395,135
36814,224,224,93
38882,3604,3604,15
25650,80,85,172
16166,1202,6500,120
151542,47816,51615,180
51950,2734,2841,8371
192670,189,189,131
132186,11099,45099,4
200002,500,509,185
201222,66,66,37
128554,3073,3075,99
151722,450,35000,1129
124118,7,30,37841
198314,2998,2998,1484
177842,24000,30074,16
38962,99,99,20
144306,1849,1849,40
200790,3100,4000,621
22790,155,226,4121
33462,208,235,102
199946,2232,2300,415
38986,998,999,50
191498,6828,7999,42445
194578,6963,7033,2212
97546,4845,5215,796
111674,25,3500,4219
39358,50000,180000,21
178786,132,194,6482
40118,8712,8712,100
13446,124,700,4013
39006,2365,2365,415
63530,50,95,212
21222,75,100,327
59230,69,6500,201
198230,4999,4999,837
194542,93000,93191,79
4554,25000,50000,9
74642,50,94,249
52758,10,10,29
55974,100,100,64
33246,1799,6500,237
2682,36,6500,229
111458,800,900,3724
13758,400,1000,4165
109222,99,500,1315
5114,88,88,44
67230,5,6500,145
111438,85,98,1678
168662,895,895,1323
134054,449000,449450,2
168642,950,959,648
71830,39090,39090,17
140754,1220,9920,73
46002,7500,7500,9
200570,9470,9470,1743
153646,500,500,33
74846,500,2500,5827
60394,90,800,144
13462,65,30000,175
37098,960,960,50
197750,39,40,28356
188946,235051,235051,8
22642,33095,300099,128
158770,1706,449900,9
169334,379,689,152
193958,495,495,2689
2798,218,450,457
52782,21098,21100,37
38914,38,39,42
171286,375,390,1377
37118,50,5995,1485
68134,4000,4500,87
192966,49900,49900,25
190378,4449,4550,433
19706,574,99900,1891
112274,9900,10960,16
126934,2039,2039,423
3182,15345,16075,1215
192726,3900,3900,56
192706,2374,2375,29
23438,400,400,172
32226,318,318,509
131746,1500,6830,79
39210,14900,14900,20
129034,3100,3100,3771
58278,6000,6500,139
3530,45,50000,1977
29570,5000,180000,7
176866,55,59,371
20842,500000,500000,11
40022,1033,1033,55
200006,5000,7900,500
44466,2523,2920,54
5498,75,5000,12264
33458,60,220,82
180430,27,27,908
184090,185,9666,327
171370,400,434,499
41806,99,210,2848
199938,200000,200000,76
22866,9310,9999,272
176874,200,200,151
110654,1950,2500,62
174890,2900,2900,11
138986,1276,123100,23
116406,233201,233201,9
52750,199,2833,141
176886,4950,4950,11
155618,49,700,272
175954,5500,5500,8
10562,71,74,819
100734,349900,399900,4
176086,200,200,164
68786,15499,15986,28
17030,50008,50008,22
98118,23,6500,163
3666,9,36,337
31886,1000,1197,36
13926,24000,32400,5046
8838,640,5577,4834
5566,124042,124042,18
193238,59379,59582,2513
38802,47836,47889,28
74646,474,834,923
40154,3994,3994,8
153622,1000,4000,19
200822,1519,1620,123
41602,34743,34743,16
171438,26,150,818
127838,1000,4364,148
3402,8000,180000,14
16006,19502,19502,19
138294,1500,1500,14
62662,249,398,777
139278,47861,75000,191
191522,11100,11121,10811
169946,2500,2500,24
22786,513,575,1452
44270,39999,39999,8
188762,16909,19309,51
43854,219,219,140
118,24,100,1013
153442,5000,7496,52
52114,610,610,60
132526,35099,39999,10
143750,43359,43359,213
194790,4600,19999,179
117442,89,134,249
173042,44,100,96
191514,53674,53675,27
60406,150,399,56
11406,1500,1500,68
76686,4800,4800,12
41470,5445,5500,7
31910,794,899,287
153430,100,100,21
194014,27020,27020,463
107462,5714,180000,10
71842,64497,64597,47
197850,223,800,245
158466,265000,265000,88
13930,540,6500,468
191318,1300,1328,262
62522,180000,180000,19
194862,30097,42574,364
4382,367,1695,342
173162,4000,10000,157
194566,6514,9976,4166
36930,2589,2700,554
187634,2999,2999,1008
71810,24900,42560,72
30810,5,31,20832
76142,1250,3300,3768
44722,100,6500,149
13754,375,500,1126
23426,33363,59900,3142
173762,251,6500,134
113530,61,61,90
116170,1783,2043,274
5466,99,19900,5912
109134,195,3500,12885
138382,1747,1765,24
57066,499,180000,12
83094,507,6500,157
128542,12972,12976,206
86026,245,251,207
163054,2511,3511,29
6662,1919,2700,10032
40182,9000,294800,37
20770,879,20000,45
160554,337,6500,128
133566,254,254,496
141446,75,100,39
168314,110,168,598
10546,3880,3880,9
22710,1000,1000,2933
32598,11748,11748,337
189150,508,5000,1553
52250,1348,1349,10
36926,195,520,330
52170,12500,12500,11
2734,350000,350000,11
199998,591,593,2575
2070,23,6500,120
32718,422750,445000,18
132234,268,268,38
117470,475000,475000,1
2686,5,5500,756
188834,2375,2375,29
184310,432275,500075,3
49626,500000,500000,10
56034,390,400,42
112298,19500,20000,23
155598,35,50,159
17194,38,500,3388
172058,141,4800,6299
43658,10000,10000,41
44330,900,1050,404
38798,229,230,21
173090,29500,29500,7
43350,247,247,442
27666,75,99,324
168446,12570,13570,245
171270,999,999,1414
119102,29400,34025,29
118414,4050,9999,1304
194574,500,1300,2238
54746,500000,500000,1
71822,40000,43929,23
100738,30000,236600,7
76098,99,100,305
44958,3200,3600,482
34850,626,632,181
198174,3774,19900,174
8146,95,95,35
120274,28969,150000,3
18286,520,1020,45
166270,149,155,392
151718,1800,1800,165
52338,100000,1220490,6
85570,2314,26183,75
62526,100,200,34
152550,298,298,264
17034,7500,10000,23
5042,833,1960,54
8950,9,6500,235
6450,300,300,1039
194802,3000,29999,410
5506,15655,15655,7
82450,487,491,317
202290,748,748,1384
31902,532,835,160
34330,145,145,185
64394,15576,15577,381
22682,4500000,4500000,106
7082,2345,5988,8316
176882,3000,3000,34
130218,1485,1500,880
76514,168,169,139
193242,31000,34900,814
9154,1090,1190,597
38918,7100,7100,23
130182,500,575,230
56234,449900,449900,3
38886,26796,26797,11
76694,1485,1485,219
179278,1400,1400,101
115806,1425,2000,60
27658,275,375,306
12210,10,510,588
192918,29900,32000,18
71874,124500,124800,79
76086,470,500,419
45194,579,1249,64
205462,1999,1999,18
40102,4361,65542,28
179270,70099,78899,20
38834,53635,53636,13
74842,600,673,1849
193894,8036,8036,310
76570,500,1450,230
76094,149,300,726
198294,1675,2087,379
168190,1256,2349,2375
31882,891,900,234
2450,400,636,67072
3670,699,449900,303
163910,12400,12500,28
12434,333300,333300,4
128734,899000,1500001,3
36910,9850,9990,20960
41586,5000,7525,15548
159898,6500,6500,129
1478,8082,9000,30
129018,48369,51494,170
3030,498,449900,2871
158834,150,190,118
76090,90,445,341
76558,9900,500000,3
201310,7700,9900,333
137274,52400,52400,317
11418,400,600,36
141214,6969,6969,68
6714,1500,1500,696
192674,175,178,127
61986,22,2000,299
56202,199,199,26
52234,8933,8934,32
182714,500,500,10
168806,1599,2277,19
108346,9651,10377,44
115354,7000,7500,188
29578,777000,777000,5
198302,6999,7704,61
141210,500008,500008,48
18230,5000,8000,73
76506,230,230,40
62670,50,88,261
139362,43650,55311,218
204442,269,1469,62
71850,66329,66329,63
38878,16409,26367,22
159874,400,6500,90
201318,548,548,360
38966,698,699,44
198306,36969,45269,12
38898,1661,2494,21
119094,1453,1584,11
22794,520,538,12811
109218,93,519,480
10918,750,50000,20
193938,99253,102322,65
198222,1500,1605,509
173122,1100,1755,119
43574,440000,440000,23
43366,1213,6500,205
38266,18749888,20000001,5
173126,300,800,85
162562,99950,99950,30
40150,4098,4099,35
39950,99700,99700,10
194738,687,690,158
75038,4948,6500,291
53038,1000,2900,5814
111442,239,250,290
153669,15,15,41657
43501,169,334,1063
193945,9900,19900,2546
170173,39841,39841,103
192925,79600,80117,1726
163901,449900,449900,10
192837,276,310,2123
200029,65000,69299,1121
197745,222,251,1226389
29449,5,15,245
158865,200,300,119
38557,273,278,3184
193245,21070,21500,3943
23793,3971,3971,5946
171833,855,1400,27352
152545,50,119,6775
199997,568,655,5367
194009,400,935,1054
200037,12501,12501,4197
192717,2000,2050,1546
22577,536,2190,6812
68197,20,39,288
40141,2000,2000,25
191341,8631,9244,43420
21225,95,100,346
1017,6,434,718
192841,198,790,40365
191321,1250,2025,320
27669,85,19900,1414
192625,70,70,2806
168641,800,14500,420
192977,99,1200,3843
191469,2592,4950,190448
172041,40,70,1904
112157,207,295,980
109129,148,500,21901
193253,1465,1601,90535
152561,77,77,413
192857,789,1000,5355
182121,475,499,48
109625,200,500,1250
198417,6100,8023,5362
192097,125,155,331660
191397,201,289,1350
168649,1219,1220,88679
87885,2949,6500,182
191365,10942,11042,6876
191933,145,150,676
109137,41,500,8627
199985,900,1595,274
200025,2145,2200,2890
190329,11069,11188,55381
4097,99,100,265
201421,7549,9899,5890
139785,81787583,81787583,2
194573,396,1000,357
190321,10200,18040,35010
205417,35,41,225
76089,150,151,350
76621,23019,23020,24
37701,30,220,62173
38877,62993,62994,19
24477,12,35,25763
20881,90,115,115
130905,1400,3598,560
169333,81,99,323
191373,5575,6075,566
785,650,650,14960
8169,401,414,2878
161053,25,28,900
192621,66,66,887
52977,575,725,1710
43125,208,255,8395
72093,90,145,49747
138729,19,400,19483
62421,2100,2100,361
191325,3888,7500,520
60485,22,111,1356
172089,47,153,67014
192865,947,1055,20568
198233,9991,9991,333
109693,127,350,220680
192853,790,1100,8685
192945,83083,84228,1840
193369,672,715,165765
186981,300,637,225
41397,3237,3237,122
197777,20,55,1532
69237,20,1400,5773
192961,84796,85000,2207
197785,444,1333,10118
193933,16898,18000,1039
176853,100,149,1150
192933,44500,46500,49
62273,316,416,152
190313,4100,5000,144153
36921,451,29548,1798
1477,25,147,1075
5633,3359,3360,140
172937,269,276,1340
68049,999,1510,828
74857,1200,1400,1335
197853,140,155,1516
193957,317,334,1982
62661,424,6500,157
113261,11,37,32269
191461,173,261,939828
35949,393,396,790
129029,44589,52760,180
23441,400,25000,1307
22829,219,600,523
205869,3000,3799,48
4305,114,117,15572
193565,380000,699909,776
111449,1000,1098,801
13889,100,1446,2004
200033,10995,10995,7162
8957,100,100,434
74837,273,19900,1180
74833,97,2500,3545
130217,189,189,249
28101,600,1284,337
116149,945,999,445
205457,7700,9980,48
200005,786,792,120
58257,5,66,563
191465,264,736,601758
152509,65,790,29772
193961,608,808,3388
155601,25,180000,278
192833,182,291,42592
27681,63,207,449
7973,275,600,1131
74849,97,400,6103
186017,3127,3154,5265
200509,8,100,229741
52757,376,378,37
191329,59093,64800,13889
5113,49,49,97
136561,250000,250000,103
194821,600,800,872
11393,301,401,87
116409,1690,1990,31
4537,282,6500,138
201405,14984,20000,37106
171289,100,1131,7376
193261,7,8,74404
81197,100,180,120
204973,3799,4000,26750
172233,1199,4599,683
39513,219,220,42
5373,4500,255500,227
141333,275,10000,44
128537,2893,4500,203
198305,101,357,109
151565,792,1300,39449
174353,3,1000,39231
169149,444,500,33
192917,28215,28700,24
190953,15,17,1149
4337,209,620,10506
52185,800,1000,64736
153665,1500,1552,87
199941,400,505,180
199993,500,543,511
191353,995,5357,3048
130177,160,199,778
2321,12,14,17964
19265,2500,5000,20
18945,20,1000,25187
23425,240,925,22589
197753,357,360,26466
152577,65,70,731853
136545,1291,1291,57
21153,200,1004,1560
34841,121500,123100,25
124669,800,1000,374772
191337,1500,1784,4333
112273,41578,42500,28
193217,11287,11910,445110
168637,4900,4900,319
118225,124,500,179
103789,40,50,95
6373,475,2492,348
74249,1,10,321727
132513,55000,55046,194
108325,69,120,5025
67229,2246,7400,1265
32897,15,85,111641
191377,2000,3295,1144
43013,75,1000,2581
34125,54,6500,260
137269,51999,52300,285
193213,75,96,24557
53069,46,129,4119
169701,600,1035,23110
139417,44900,52760,223
193929,1500,2400,6174
193237,16900,17505,6953
127841,1799,300000,119
19305,2,29,440
3385,6,1107,1003
158745,115,115,105
194013,449999,600000,1103
198197,87462,87484,5678
158853,449900,449900,6
22525,858,858,165
168185,200,900,47009
2841,232,298,23659
158773,125,135,122
160709,100,122,8766
112301,685,700,52
198221,9487,11018,1129
182737,40,45,807
132217,275,275,113
192845,234,691,80134
154125,359,360,150
182653,6,77,256
4625,900,7778,3053
201325,284000,302500,5816
18633,70,70,237
180457,2400,2418,178
198229,4500,5000,386
127761,206668,206668,13
192629,59,59,1407
25813,87,175,77
112093,69,80,394
198185,156,191,87959
74713,395,1111,223
2289,5,95,1040
197749,20,21,117281
86057,50,6500,174
152497,206,320,571
33461,119,120,12
192653,182,182,54
197721,3267,3400,842
171301,25,125,212
113289,497,500,439
124113,88,450,219698
142101,15186,15186,29
38909,200,200,27
38825,75,500,91
42993,669,1011,137
151133,65000,110000,69
130173,200,300,977
109153,800,825,305
3821,3050,7500,13876
191533,854,2400,967
124117,82,650,32817
158201,885,5032,985
45789,4897,6500,263
41441,120099,120099,5
74853,8030,22000,3710
40093,74,623,290
41509,189,189,688
107469,85,140,246
197757,234,234,171742
192685,1905,1905,87
194761,4200,4348,3696
199989,575,677,1586
71805,299900,299969,411
109585,489,1154,2286
200061,6329,6534,16015
200813,659,660,246
168217,1156,1457,48259
19441,288,545,52302
74649,400,400,132
769,94,450,18704
192897,1188,1300,586
36901,291,595,3590
191385,400,624,1575
20709,24,125,296
158857,4300,4300,15
21881,1000,14500,4263
192849,345,800,54871
124109,415,3299,14086
198317,6850,6850,1633
76689,895,895,20
2997,25,49,151437
35761,1400,1400,404
154889,39,50,1611
172061,39,49,2490
111589,22,26,32632
192869,3700,7000,3502
76097,320,320,365
199945,500,514,265
154165,2,4,330930
128549,87288,87290,55
12205,55,5035,3602
130181,19999,23438,138
132229,35103,381212,5
43521,17945,19545,14
52985,455,795,28430
58265,80,115,275
41593,6799,6799,505
38777,10,12,328
36905,399,493,4358
2589,8,8,190119
155593,90,95,88
198281,1274,1300,227
203865,6934,6936,983
52325,1100,1309,49421
191493,40500,44549,1662
152513,150,1261,34842
171841,13,50,26892
129017,48000,59875,203
52177,1780,7498,2896
45981,125000,138281,6
4757,900,2000,95
83157,70,100,195
108329,222,2500,2021
27437,700,19899,2427
10309,697,697,83
168589,785,1200,2463
4457,698,950,193
192969,100,200,1589
197849,399,399,508
159849,925,6500,166
22445,149,297,90565
40173,6400,6500,6
173361,128,128,40
200021,15921,15922,2508
191401,4378,4378,30340
16169,4691,6500,163
110645,1825,2000,50
3181,20,20,152
173057,43,70,25630
60577,75,80,148
76061,6747,6897,33980
38833,85,92,273
191945,8700,8900,7075
171829,229,1026,12308
6289,2,99,27904
58269,5,12,317
175053,5049,5049,35
69865,30000,40098,11
191349,3000,6520,1108
58489,3495,3495,1016
7069,1350,5009,915
23077,150,285,2108
72237,93,150,12581
77589,73,74,383
3357,375,5548,5328
41333,17438,27038,55
81413,13,500,2142
192661,179,179,106
198237,490,533,856
193389,1500,1700,89
34749,42,42,244
10505,100,650,5013
27677,82,83,27177
71861,35142,35143,24
76637,440,1696,100
12037,18,1000,17594
110609,69,69,262467
199969,3246,8089,340
111665,22,19900,1249
199053,7075,7393,260
200045,39900,59202,137
2453,100,2500,13929
4289,10,10,50404
176861,240,240,60
75037,455,700,245
120257,1000,1200,1225
5477,18,18,307
59493,222200,999800,25
36809,674,1675,29
193053,35,67,185616
192957,58477,61100,69
160989,250000,250000,94
158873,9999,9999,15
64397,489998,2488897,1197
4361,99,100000,101
10593,3099,7500,224
192605,166,166,229
200841,1691,1691,121
74701,699,699,49
22793,1715,1750,1319
194969,200,200,244164
199981,1288,1290,1574
3389,250,799,597
199957,500,590,269
180309,5000,5904,8
79253,399,399,1489
198189,1037,2399,974
192877,1498,1500,7801
74841,44,1000,66544
7909,200,2500,3881
128545,4923,7427,38
39933,200,300,55
124101,369,1570,40280
5829,98,98,123
74705,4898,4949,52
152541,15,500,24367
191497,5561,5800,45377
192705,2198,2198,26
3669,88,99,33
152505,90,200,119114
192905,1765,3375,801
44574,255,6500,278
174322,4694,4741,17
138978,600,6500,75
90146,110,144,2371
162010,4500000,9000000,3
88530,44469,191722,38
133570,20,29,937
112090,569,569,1412
76526,500,3000,120
32714,180,2012,44
180058,2943,10000,207
4814,44,180000,51
44290,140018,140018,4
200798,46616,46616,47
115526,6546,6546,157
41094,3995000,3997500,2
81406,12,6500,501
52162,12532,12532,11
101630,4999,4999,18
9314,498,499,163
138290,300,6500,213
76586,6255,6255,2
162558,44400,99900,70
101662,4099,4319,117
25886,1629,1836,1403
22846,6299,6299,26
41146,17620,31910,38
23118,479,479,56
186662,14400,180000,61
38954,250,398,30
38426,185,750,2352
79310,61203,63095,5
67506,1300,4523,22
21714,11443,28006,46
45202,3500,49738,9
19938,297,297,18
12238,198,6500,123
42430,90,6500,222
34766,400,1675,185
203762,24509,24609,1366
158746,535,535,54
52182,1824,10016,2676
52082,4091,4691,45
44286,59033,59033,5
154706,1800,1999,379
112286,9700,9800,29
76634,2019,2019,50
9030,29958,29960,21
58146,222,270,445
38822,984,984,25
38782,70,82,84
7076,300,444,13466
136708,20000,24900,341
172232,49,375,47603
191476,769,800,473506
200008,9999,43500,1201
192844,234,600,46908
191384,134,358,6340
109152,1299,1300,733
58280,1492,1492,356
204464,920760,1699500,2193
52340,50,753,2395
192948,89897,89999,1726
194724,300,500,150
201420,1500,1790,10585
192852,827,917,1399
133680,648,713,35828
161344,30032,39969,2978
190316,12788,14293,102209
59596,250,250,79
3300,200,236600,220
108340,20,99,10876
124436,480,500,1380
190312,4408,5000,13176
9144,100,1999,43109
205460,62,62,760
74248,195,2500,14410
200788,1349,1349,163
193216,11893,20025,9254
33444,5,43,373
204860,35089,36791,11855
192880,75,83,935677
136636,2560,8679,577
13760,487,2425,2644
191460,177,233,43037
181468,8200,9253,8140
54832,395,395,34
58084,254,5999,1322
3864,750,5005,5587
191328,5999,8800,11394
193928,76,90,291868
192964,81194,81800,1698
191352,980,6073,383
204460,986,1200,1400404
97620,123,973,842
35948,8,100,895
22576,864,1051,6705
191504,600,600,131
129032,609,640,50556
172092,38,49,546646
200016,39995,49939,558
4364,11,12,13473
71808,10089,20000,38
138728,26,42,1112
109076,300,1098,189310
74656,154,599,646
193552,22500,80099,663
191332,22899,23599,3841
159464,100,140,147
201312,500,500,408
192836,678,681,35458
172052,7,7,55538
32220,10900,10900,538
205684,2900,10601,876
190320,917,1290,142804
3012,4703,4797,89
198184,490,763,4018
115504,158,550,22354
112164,7997,7998,73
192960,60000,70000,44
17012,69,7500,10970
200224,32099,42000,5455
190328,1074,1224,363378
201404,21492,77777,30396
190452,1310,1364,35626
30820,125,175,44
193564,439900,439900,322
168192,498,500,437
22824,1199,1999,2731
199060,10098,11798,68
168412,13400,22500,1473
192900,1174,1300,116
191260,2399,2399,1310
113588,699,2498,9629
168636,3815,3815,1643
2672,66,66,20139
172096,744,1999,179311
36912,896,899,64278
193924,437,460,3147358
5500,775,9000,1251
191468,2053,2661,110096
40212,682,882,182
32224,800,800,345
157844,100,421,896
201400,199,905,11755
168448,10991,10992,141
151564,97,4500,25784
199980,595,600,522
200032,10931,10931,5910
199984,500,528,211
190324,61152,67200,43415
193224,16875,18930,20727
38948,9701,14194,97
36908,361,599,3030
62656,14,15,615
198192,2500,3100,1183
192672,168,168,332
192876,1554,2000,1999
109144,2,469,23285
204972,100,200,21165
40124,6099,6099,97
200652,5300009,6000099,307
198216,63,97,748
193360,19199,20000,2207
23572,300,1900,7689
194012,3950,4050,4162
153668,378,449,99
193256,28000,30099,6955
200024,799,800,1397
39520,19,49,439
163784,23,24,330
179992,48,50,501
128768,59,398,1624
118704,500,500,1929
158848,150,177,52
191324,1799,2000,1284
8952,10,25000,1328
199988,1950,2000,437
201164,2099,2099,91
8932,3,19,481
193952,128,189,2559
153704,252,299,554
1468,5,98,21948
197744,1052,1498,85805
5784,55,299,13204
119324,2669,6500,67
200040,12905,12913,4661
11444,325,6500,167
39912,1372,1472,244
190532,45000,49000,2579
81404,69,500,233
52760,7902,8714,17
197776,49,169,11171
97512,364,4575,2337
200020,124988,124989,1747
81200,35,107,168
197784,473,475,98534
57060,22515,22515,15
80588,4000,6500,280
190396,98,135,913266
191340,6964,7500,2899
138488,1392,5500,14390
158204,3000,4000,1170
169132,86,86,3322
27668,100,1000,9217
133572,13,13,415
153636,300,300,21631
191396,96,221,3377
151444,25000,25000,17
198208,289,412,267
74864,425,700,1067
108996,3,98,35655
154128,399,399,566
36924,1477,1644,1497
174328,392,700,9279
204836,4000,99900,15
200572,2628,2654,588
191320,26499,28224,8715
192644,163,163,1704
39932,800,1100,28
197852,686,686,455
62784,59,75,15527
192720,2162,2162,783
197792,4697,4800,13762
63304,1616,1616,199
132204,21,21,789
113264,10,220,29540
200056,574700,649300,425
33448,73,93,575
3824,2155,5500,1448
44272,50099,50099,8
76596,15011,15012,13
110632,193,401,222
76136,170,7800,5921
191948,1088,1098,246
120168,1000,1000,703
151540,53566,53568,198
200012,199999,237450,1307
109584,12399,18046,211
23764,10053,10053,43
17196,6500,6500,178
128988,25013,89800,30
2836,20,42,27392
22792,1070,1375,1685
74712,278,283,278
193208,200,400,24934
199204,199,215,1976
192976,7599,9500,645
159900,7838,7838,101
23332,30099,30099,64
197748,42,299,192437
192860,790,1000,8187
191464,335,879,28169
172368,980,11118,265
79868,22049,24499,308
94288,47,85,361154
10940,99,555,25845
192848,242,504,84816
32576,100,524,288
204996,438700,450000,359
19700,421,1000,270
3164,386160,386160,5
154884,200,223,440
198536,8794,8800,1218
193932,30099,34995,881
199992,549,800,414
173036,110,200,8893
87560,1200,5561,106
199936,527,528,872
172904,400,1620,244
39996,9530,9535,29
192928,67500,77900,1243
187700,1999,2860,13384
199188,175,200,143
76888,6500,7000,80
37700,200,305,2194
36928,812,9965,3315
2680,38,40,542
63296,265000,265000,5
2592,18,100,22545
159920,99,125,435
152576,2,11,2467366
3860,500,530,21175
198420,685,694,31620
136852,300,50000,157
59496,210000,210000,6
58268,5,72,596
4384,15,50,240
20432,452296710,452296710,1
174348,209,6500,207
44456,90,90,50
176852,190,290,79
200508,12997,13500,3040
192632,131,399,115
39980,1215,1221,32
45188,5001,5425,26
11392,264,365,92
152548,500,5445,1457
168312,1000,1061,481
19264,28888,29781,8
60576,23,23,375
198300,100000,114900,125
163224,36,4499,640
200944,3800,4275,119
171276,9000,18200,3554
171840,6,29,264312
62008,40044,40055,13
87240,1700,1700,215
38844,34,34,139
76564,1019,1557,358
199964,1098,1698,284
16204,112,2499,78323
198240,1013,2224,288
13464,475,512,20254
163700,85,85,29
2320,1,1,329955
152544,55,189,3090
154164,2,25,61009
194760,4549,5549,572
193228,64000,65499,7563
169220,1700,22200,595
194124,1319,1383,181263
154124,351,351,566
155608,49,80,321
192916,297,827,2878
45932,3500,3500,207
40076,350,1068,334
83092,2100055,2225055,27
34756,300,300,409
13468,69300,69897,2600
4400,111,111,2563
63272,1000,1000,38
74724,3050,3090,77
193244,39402,42599,11576
137288,52085,52300,343
191388,7500,7500,38165
82328,45,45,306
109136,172,2500,10808
2996,10,129,828652
2776,1400,1799,23226
170168,2586,4989,210
76676,200,533,13
22832,50,149,1280
83764,24999,28598,116
74840,343,500,1527
52328,1500,1899,37929
4556,100,108,46
199940,408,545,192
200836,1244,1244,117
12364,315,565,11961
201424,68,68,470
198220,4990,5000,3019
20864,30,35,673
32464,188,188,1574
116148,999,999,1933
194752,900,1302,5968
198316,10000,10000,19
40120,7099,7099,46
194048,40,55,2366
20404,93,462,24676
168500,4292,8012,928
4592,19,6500,1054
7972,374,896,11816
194792,4650,12053,261
104104,500,6500,295
20868,95,451,134
191364,218,295,17043
154888,30,75,772
79284,120000,120000,6
67280,30000,30000,5
192856,802,970,1466
32716,80000,85000,27
173160,4890,10000,273
14256,4130,9930,14409
197764,585,587,27803
198312,233300,233300,348
198200,21769,24456,4523
128540,1457,2158,121
58148,800,800,349
39976,499,500,121
194968,310,323,196013
85568,345,345,59
137188,40595,57136,160
39512,70,85,222
192552,7084,7091,3111
138292,13,150,488
32428,45,5500,9743
158760,123,123,62
165692,99800,100059,35
5136,50,77,112
118576,200,436,547
117568,134,6500,188
37140,2107,2199,51
62276,99,99,47
41100,3505,6500,239
124125,4025,4025,33
153705,252,255,373
168825,5498,14998,28319
198193,2667,2668,2736
198309,23400,23400,566
200797,500010,500010,13
112297,882,900,87
124437,20,99,461218
172045,10,86,4714
4605,3,75,300
203417,199500,229000,299
58093,1444,2368,379
192617,64,64,1131
71857,8027,8027,9
155609,50,70,218
173041,75,100,296
132525,165000,198500,14
25649,100,19502,15418
38949,10,10,171
178149,880,1600,72
204825,2200,2249,70
12361,949,1300,11191
82441,255,599,27334
76085,700,900,676
23449,69000,69000,1091
21877,8,10,58067
191949,199,599,27545
200041,600,1899,2838
191389,9199,9288,33321
192553,200,1499,3375
71825,79707,79807,32
172449,33485,33494,294
20873,1999,3099,61
110617,526,528,72
3301,25,44,126
1205,1,1,589
56517,4000,4257,92
32229,81,156,1153
43117,220,662,2196
171349,110,200,1176
9333,110,110,88
194049,25,149,633
194785,68000,72000,257
199953,504,504,528
160705,68,70,3285
4585,15,15,100
52329,1000,1200,34913
124441,497,1220,13273
194569,6847,6848,4686
22641,1200,1667,106
197769,599,1457,3342
136653,85,5500,287
197741,2,37,428861
108333,500,19900,727
197789,350,887,33845
34537,69999,150000,12
178225,400,6500,66
80433,300,630,1659
173033,7,9,9128
5117,22100,39193,20
192645,1895,1895,99
205413,1494989,1929900,569
38953,71,98,56
187701,1574,4564,47641
191333,7167,9399,754
11185,99,1460,1020
29425,177,180,6991
194805,4520,29999,389
27429,87,3320,6729
192921,48510,49900,110
21929,150,160,447
39909,199,199,17
192993,34300,38000,2320
192973,15299,15345,1126
112285,1101,1101,89
62649,589,7500,3028
52169,11598,11599,6
109141,10,50,6776
52213,2517,2569,8
4425,2529,12054,56
6889,295,9889,16866
62653,3495,3495,349
204841,4900,9069,33
42225,50099,84580,488
133593,44,178,9194
177025,99900,99900,10
4601,14083,15283,150
30817,1,3,19479
6149,99,500,341
49397,969,19969,15
194797,3200,34500,983
81409,23,31,301
199977,832,844,701
200789,4950,5000,117
33445,7,55,500
187825,20900,23397,177
33081,831,1199,59
199961,2349,2537,61
192913,100,144,1975
45621,406,1150,453
109145,725,3000,978
198293,2998,5500,268
44457,968,1183,29
108357,2400,19900,430
32905,1,1,1414
163225,25,34996,529
200113,22895,31536,35215
107517,100,100,247
3673,75,75,26
132193,100,100,110
30477,9000,123100,40
82445,2500,9999,27
200009,33300,47998,87
193925,685,689,101850
25421,62,69,85
85501,311,419,202
158789,449900,500000,3
22837,1099,1099,23
198413,3762,3762,22079
192609,70,76,101
74653,20,999,251
38925,13096,14403,201
169445,19881,19881,171
198217,148,600,1076
24105,49,392,265
176865,301,332,77
151585,5500,5500,33
76505,110,150,163
108297,237,19900,759
33553,2000,2000,35
187805,1400,1500,94
172361,72,99898,1506
200777,906,1107,120
201165,1100,1133,28
20865,30,31,806
63317,150000,449900,23
1705,115,324,13615
4865,49,74,162
153701,257,258,186
140301,77700,77700,97
141641,35402,35402,34
151121,430048,430048,15
15869,35,60,438
52085,300,500,25
133681,50,853,201
117457,28600,28600,113
178113,94,102,59
89329,540,1046,103
60393,499,500,98
4357,9,14,15681
192669,162,162,138
43853,75,2336,640
93705,454,1200,18
200769,476,476,212
128561,500,2219,50
172097,95,95,122234
199949,572,597,280
155629,40,50,269
108337,345,500,1050
200001,500,15000,88
171269,575,599,22
110625,998,1000,404
180377,320028,400035,18
173761,6499,6500,262
7081,19590,19990,1387
132509,5940,5942,28
40057,9900,9900,9
56205,154,236600,54
200773,4279,4280,33
200853,70000,140000,28
15417,398,403,69941
56033,200,585,145
44617,4229,6500,149
44481,22,98,115
39317,100,50000,18
112289,899,900,85
147669,1999,9988,60
171441,176,185,362
190533,86000,88079,194
108341,75,139,5588
22573,70,150,7530
194789,6300,13500,608
37921,822,3500,3557
111445,13,2500,494
4593,2,4,689
172069,54,54,2282
29393,3342,6500,231
52181,2850,8088,1955
76577,48000,48001,7
112449,8,19,609
76561,125,236,169
200565,1499,2258,479
173125,7000,7400,18
111453,1829,500000,183
19281,10000000,10000044,2
67509,50,65,163
52193,3625,4000,630
168193,666,700,354
177061,106,500,6313
41805,2100,19900,1294
6529,50,85,2714
132753,399,459,311
3665,3,6500,1077
44501,120000,157000,41
193385,179,179,166
35285,55075,100000,724
35953,8,80,489
58145,120,1111,212
194829,2150,2197,27743
34057,190,626,116710
1529,1015,1015,1623
194541,199697,200000,173
104105,300,733,494
961,2800,5429,134
45909,133952,133952,9
63693,9999,9999,100
40125,2900,3800,12
4377,152,19899,1428
42253,287,1736,7114
3825,4107,5999,881
27661,24,264,335
201401,9948,12212,5600
5525,3,301,660
152813,4850,5450,601
42701,497,4151,183
76141,375,1000,2632
198190,2285,2285,1348
43478,17999,18500,43
52110,3506,3624,9
40122,1553,1553,452
199190,49900,53517,16
3662,2,6500,236
25898,74868,74868,24
770,789,990,19
199966,4455,30099,625
192710,100099,274999,2
3466,15,26,14433
32230,7,5000,1333
14530,125,750,1485
176854,5000,5000,12
163558,100000,164863,7
5134,211,50000,18
25434,175,175,45
49602,2500,3500,1270
110682,4498,4499,38
74622,99999999,99999999,1
39954,431218,431218,8
30814,200,200,35
29450,102,6500,201
27502,100,100,61
62654,1500,1999,894
41398,4995,4995,20
39934,263,2628,15
33638,26024,26024,11
163698,678,236600,56
74718,405,856,40
153510,7935,8000,6636
139890,108000,132100,1532
80590,500,500,232
4542,11,74,520
157798,27500,39900,21
153610,500,2200,17
25414,150000,172500,26
57062,400000,474950,4
72162,99,19900,842
60390,999,25499,14
6050,99,99,1280
162582,6500,6500,110
32206,748,748,459
11022,86600,86600,21
89674,284,2784,12
44618,84,6500,158
119098,490000,934611,15
38874,1595,2422,41
24282,1900,90950,8
38810,50,55,87
174350,20,20,566
858,144,500,6906
76698,295,1273,52
127762,702180,1582100,33
8956,2000,4000,542
52980,33500,34795,2985
4784,25,85,175
5524,849,850,269
165016,115,10000,363
4380,350,500,232
192668,4500,9000,15
184308,50,57,921
198296,600,600,327
192648,175,175,3460
25700,1399,1449,2424
191472,5155,6994,84202
161348,8000,8000,120
191380,691,723,197410
118632,776,800,292
44752,64,65,49
2880,20,25,23339
15416,1399,1485,8637
198188,2278,2591,22301
180060,5000,10020,232
183952,225,391,2167
36860,4500,50000,16425
3664,4,100,262
158212,890,898,82
76664,1037,1037,7
192972,200,470,876
43652,200,635,1043
192620,62,62,213
32720,38000,40000,1641
128984,17901,30000,20
32196,549,1600,717
192908,1280,2026,1502
112284,3362,3430,30
199952,500,501,245
38872,13759,29585,25
20876,330,400,120
193252,3899,3899,88088
193936,72987,84500,3719
57068,8500,449900,3
191256,435,853,721
168216,75,190,23655
33548,300,500,49
35952,500,500000,354
13888,300,701,1677
111456,13,40,1798
168796,490,500,13
83156,50,60,269
19268,1199,1200,16
116276,200,18523,114
83064,354,355,5521
4304,1099,1200,10083
188684,10000,15900,40
45912,139004,139004,107
199948,500,540,777
24072,340,6500,214
152640,4444,9999,823
52112,2299,3624,7
191496,5950,6100,1651
58256,7,59,495
205700,100,1700,608
67388,1995,2444,25
43852,61,600,126
193384,182,182,918
198308,280,499,2164
9060,9975,11334,264
31888,39994,50094,9
6372,462,1750,3716
200036,3098,3980,15366
181388,9900,9900,41
152496,28,100,382
93208,6800,6800,336
112684,242,242,559
62652,87,90,693
89888,523,529,94
27660,352,360,498
200828,9098,11300,56
203416,19999,37397,1043
198164,300,539,1861
21072,30,70,725
124104,449,1500,58533
198504,1500,2000,142
4540,3,6500,238
171264,38,69,277
23784,2265,5849,357
112280,97702,97902,21
130220,1624,1800,63
141908,17895,20676,31
62520,380,400,264
159848,299,6500,165
29292,130,6500,154
2924,62,99,4396
198304,1900,1910,65
15992,36,36,16102
5740,520,1051,203
144408,777700,777700,2
128848,6435,6435,312
194008,900,1844,745
24028,2000,3743,14
21840,60,76,10953
173060,51,89,48879
39956,498,500,35
4236,11495,19622,944
200476,491,491,141
34056,36,485,36156
191400,3365,3366,581
199956,500,503,648
108300,680,890,1003
159788,3000,4749,45
25708,8530,8530,17049
81412,13,198,319
74844,22,90,29456
72096,580,649,158214
18640,799,9999,1210
44128,8755,50000,5102
109132,75,200,2570
177716,18,18,133
111656,16,16,49525
118280,15,27,71
38852,37,57,244
52168,300,1371,26
12644,50,65,3333
27860,5,6,305
25416,1973,5800,1786
27636,97,125,356
192624,77,79,9622
171288,125,500,6029
200044,555,555,460
74652,525,1021,229
17020,250000,250000,353
153440,44,4500,209
198256,490,19900,819
13928,16500,17640,26
158380,836,4999,516
143588,51859,51859,464
58264,29,6500,165
6444,698,798,197
191336,1350,1995,930
111676,51,61,3155
194756,49999,49999,7082
187704,9,13,24423
110640,2799,3000,62
38800,1054,2455,21
43696,750,750,198
187636,52500,52500,195
187712,264,264,90
151256,822,1158,2254
12208,12,99,82654
162556,6500,6500,128
158188,398,600,21943
172048,144,151,1117
151580,4350,8483,115
59232,20884,20884,64
1476,818,1018,23
159876,2403,2451,51
40040,4900,4900,17
200772,2499,2500,83
194864,53000,53000,8959
147776,850,5500,425
23848,75,6500,267
158864,127,127,59
192840,325,656,11191
23116,330,330,52
200816,2253,2253,80
192096,129,149,325915
38796,276,276,16
85504,500,500,118
23112,385,430,4248
28464,2000,2000,403
200028,43035,43099,1992
38804,199,382,11
34052,249,299,25893
171828,97,359,187635
68784,54357,54362,66
153624,34897,34897,8
205172,200055,200075,15
2772,500,799,38368
200004,875,1498,226
191368,12532,14197,1032
19704,548,99900,1730
130904,1498,1500,714
106888,49,49,87
166344,16,111,935
34860,499900,499900,6
49084,3400,6500,243
72120,50,70,114378
152564,7498,7499,414
140276,36,37,429
112288,1176,1200,53
11040,1050,1050,78
7080,7721,8389,10271
141320,3915,3935,117
74848,149,155,1812
22452,699,800,1810
113108,1997,1998,27
171436,20,66,363
19232,1200,1200,158
104348,6500,6500,122
192868,949,998,25876
4233,805,1545,1718
180733,890,1065,5712
81201,1900,1900,86
118061,315,381,723
111669,312,329,3229
35625,4266,4266,8959
197765,198,209,30409
38625,3395,5999,510
40769,10000,14098,1767
33053,16,6500,208
9233,200,400,531
201205,154,169,30
112177,200,19900,1053
180445,27598,34398,397
191361,1224,3497,2391
63273,404,115000,18
158821,145,145,33
21885,17500,24997,1700
198165,5999,6000,372
165017,121,9900,160
27657,109,119,225
152877,1275,2500,15684
14529,36,36,366
153709,1485,1500,266
200785,4700,4700,13
4405,350,725,191
52721,179,2475,19740
34053,232,7500,4733
117437,95,6500,185
34769,1260,6500,160
158377,478,490,115
173037,28,40,8697
205469,20090,20099,23
200105,68,70,45
74861,675,810,3409
44573,4855,6500,235
36813,95,141,99
202401,200,1120,455
167861,1455,1661,2827
198201,66221,66222,28
200821,8000,100000,35
136633,795,800,1220
198289,100,3000,27
29453,5,1500,191
179309,1484,1500,47
133589,992,19900,717
205465,6900,6900,71
174281,100,102,343
115805,500,500,111
168501,850,2499,485
52233,9978,9979,9
168793,14999,20099,10
24401,588,1901,13182
158381,15,15,2783
28421,250,250,137
32217,8500,8500,441
175957,275,275,36
62785,213,19900,816
87881,2500,6500,215
19705,230,1664,391
6037,400,548,17471
128761,393,393,503
194801,89900,92000,164
114017,82,6500,231
192697,2473,2473,44
23529,1462,1463,555
20861,100,115,551
185737,344900,449900,5
2449,300,300,14617
40073,222,2999,1580
17057,9,44,298
171285,196,198,7834
192861,1476,2320,52920
172921,200,212,161
169669,4002,5002,129
191525,19980,26400,1144
204829,6930,7000,662
193229,12559,18464,1818
111437,4500,6500,143
2681,18,1550,609
190537,32499,32587,1202
198621,119957,119957,45
83765,19498,19500,127
35557,9405,30000,295
10561,400,479,2004
204729,1707,1945,1893
180057,852,1400,190
36925,200,200,359
128833,70,70,332
38781,50,60,52
38965,7416,7416,17
109125,148,498,31867
112277,48072,49172,14
120293,6500,6500,78
195457,299,299,972
36933,352,355,433
54849,2030,2367,16091
168313,150,238,652
62413,22,88,686
144305,4123,4125,97
31909,49988,49988,4
6293,200,200,57
6261,18,18,17680
106825,145,145,39
173937,1593,2340,22
171437,47,59,1335
108365,4985,19900,116
28501,2400,2500,35
13457,1322,1322,196
81205,80,80,512
189149,4095,4096,202
187633,4898,4899,358
27501,2273,2273,93
128541,6237,6237,95
200845,8099,9799,56
55973,500,500,42
929,45,79,5025
2685,1760,6500,86
169661,2000,4001,167
128849,2178,2221,171
62277,24,24,132
56197,100,100,16
97161,590,590,28
41601,1997,1997,91
192673,160,160,203
24449,2209,2598,321
19701,326,98901,1397
137557,1688,1688,91
61985,1203,6500,152
27857,200,200,260
86069,1300,1397,274
155909,88800,88800,60
68357,7733,8003,42
163841,83,6500,224
39905,891,1889,224
87577,394,500,291
184097,3776,3899,204
194809,89999,800000,93
204701,3000,3400,4314
102541,76,76,733
193937,84999,109250,1578
128793,594,594,88
36917,185,259,2224
44749,287,6500,142
39357,46594,449900,11
152897,10013,10013,61
115353,500,6500,144
168489,7000,19999,1258
38805,63,464,22
74709,22,100,211
112321,620,620,3482
83097,14,29,207
25445,42,45,139
170165,5300,5300,175
33457,120,356,245
32249,222,815,730
173161,3850,10000,205
109629,100,711,1256
153713,250,251,397
20813,122168,122168,11
24405,79999,474950,4
115809,34000,37902,37
765,279,600,24140
46001,30000,40302,4
176089,499,5149,37
200057,59096,59096,3023
158757,100000,449900,15
30513,44400,499900,7
32601,7072,7072,1143
192901,1064,1600,206
191369,4900,5000,273
113574,198,199,53
192702,1998,1998,20
183110,7500,474950,4
184346,1046232,1046232,12
205870,175,175,110
10306,2000,2000,106
38922,5999,7825,37
38866,23,23,63
147870,250000,449900,5
1082,149,6500,134
22374,449900,449900,30
197854,150,239,223
159786,500,2000,93
90558,3525,3525,12
115502,7920,7920,744
198498,799,1400,63
200574,5525,16041,78
62514,2999,2999,241
178546,300000,300000,29
58274,79,6500,188
178134,4526,474950,8
35794,25000,25000,59
38850,1191,1218,325
2930,25000001,25000001,4
173086,19798,19800,23
137558,3509,3509,16
12214,6500,6500,93
6038,26295,26296,124
159878,990,1000,65
25454,100064,100064,16
173170,1285,1500,2553
172902,500,722,49
1222,449900,474950,2
39690,2200,2500,972
133562,46,48,269
201466,2329,2330,71
57058,77622,128811,6
38466,200,6500,125
40146,9900,13019,39
162026,375,15000,66
21590,1001,2212,49
21226,1100,1100,61
192834,1457,1498,6011
22854,4790,4894,464
89326,124,124,151
204370,29900,29900,1069
52166,2500,2500,21
11414,100000,100000,7
3726,2703,2703,99
119022,4995,5000,124
194736,2800,2800,110
169332,79,100,398
171272,100,100,1008
38584,500,500,12
132200,5000,22000,39
111672,94,997,2588
6452,66,2500,491
114016,248,6500,114
37704,374,7500,942
31884,9900,9900,13
197768,5200,8846,5700
169152,475,475,515
139436,44261,59900,116
16000,87,87,1673
197848,198,198,431
67404,380,7585,463
44780,110,110,250
176872,146,146,18
198356,305,7000,119
9332,437,437,93
134860,100,100,169
76088,850,1074,835
132752,75,100,376
43120,3200,4180,3483
52196,67500,147984,1949
3676,22,25,104
166240,85000,85000,42
107528,2550,3737,112
12808,9698,12000,2181
139288,47235,54325,207
34752,100,100,762
191360,992,1194,1043
3712,230,2500,2382
155600,2000,2000,17
172416,25,55,321
5432,209180,209180,22
3404,1000,10000,2288
2684,100,5500,462
128500,219,369,2018
109140,50,2000,11480
82444,5500,6000,68
6308,3,23,8139
74660,1050,1550,3558
152508,86,273,176290
194016,449999,569497,779
3356,423,1836,10825
129000,2999,134500,57
86432,900,161855,59
198492,1075,15268,2480
22644,179,399,10191
173168,50,70,2965
162012,1000,1000,61
153512,89,218,81
160400,99,135,8805
89868,2499,6500,292
129028,46499,52707,249
17404,11,6500,109
22572,3650,4361,3656
2604,12,20,47792
191500,12397,15000,2112
7072,30000,32000,26
194732,800,999,92
39220,149,149,218
62668,288,999,933
20008,999,19899,353
58092,500,800,131
5472,4,4,951
21224,800,800,205
200780,1450,1500,144
23436,600,1600,171
199960,500,513,342
58480,45000,51089,1401
188948,9900,13225,63
109992,162,181,2346
4580,237,27500,22
192992,99000,100000,2501
38840,3895,3896,39
5376,170000,343250,6
105704,20000,22535,40
12800,500,550,7915
28104,699,1999,852
38992,1395,1396,74
38860,67,111,11
154120,380,384,433
27676,972,972,64
17056,4,99,56248
58488,32593,35000,786
129288,1799,19900,381
178136,50,70,209
109148,1250,4499,1511
193368,753,879,59288
60388,299,575,718
24056,1251,1251,18
197788,387,391,57414
199944,1090,1100,105
158740,134,134,90
129100,23,25,12015
191940,6729,13049,7313
191944,150,178,17942
25412,125,145,48
24032,4713,4713,46
38888,2100,2100,33
173204,99,174,331482
169300,900,1715,130
194820,3788,3798,56371
153612,7589,99900,14
194796,3300,5969,1184
60392,200,115000,296
194788,4653,19999,337
152876,300,2498,38576
114056,1100,1200,412
52976,478,650,2808
13364,19500,19500,13
192628,64,64,635
113140,213743,213743,5
40164,17524,291000,27
52720,3324,11000,2625
15408,8344,12000,2126
192608,64,65,521
39212,38,84,88
198176,10000,10000,421
197736,200022,222022,1276
52220,1012,1212,79
25744,3803,3803,9566
180088,97,313,14
13756,800,1500,2035
108336,100,2500,2556
128304,124,126,33893
200768,900,1000,147
42500,200,3321,31
111436,64,6500,238
12804,66,70,22144
36920,220,599,2565
193020,1492,1493,66
199996,538,543,3203
160712,34,50,13467
38928,449,5507,276
21552,118,118,559
128836,7133,7133,266
193248,49913,49915,820
188792,784,784,10
5368,180000,449900,7
76692,5670,5670,205
28284,1051,6500,45
187796,673,673,413
74648,999,1999,1524
200304,550,792,341
73260,10,410,293
38980,260,260,57
21884,19399,46500,13911
109128,148,500,21889
27856,200,276,421
19280,2500,5124,14
151392,500000,500000,5
177040,50,65,1455
82960,665,1528,1354
9308,3,9,675
34664,322,338,1361
20452,4300,5999,295
160092,5390,6489,455
2452,300,535,16946
12404,39,199,2042
194737,8850,9999,570
32833,999,1000,69
43005,932,6500,112
172365,2196,4800,634
117,60,82,2579
161153,50,6500,75
191873,159999,159999,102
198493,4485,28585,1738
38425,2184,2184,4836
116981,42,95,2758
22825,519,1100,135
44329,399,13525,136
168645,7,22,12179
159845,3500,3500,56
177841,25000,48500,6
155605,50,73,115
143681,5,205,2121
38813,1701,4807,22
151389,258999,259000,6
7077,50,3368,10656
76093,74,599,699
173129,1896,1958,1339
142117,165,400,2570
200013,195000,220000,75
108977,140,140,632
198241,1363,7364,217
178545,146,163,439
177661,47,65,119
198045,25000,57001,41
52245,6693,6695,76
71877,123400,123400,12
191513,12072,12074,477
34765,73,74,392
25425,10000,10000,102
20877,850,891,118
127849,2998,3000,201
5137,200,500,55
205793,299,299,199
111673,27,87,4598
200581,1302,5500,1147
163057,265000,265000,12
124105,999,1217,25782
133577,89,146,709
23329,1599,14671,10
147777,150,507,483
151393,449900,449900,4
38849,499,500,51
136825,49900,49997,290
5469,388,399,5161
5237,1400,1400,89
133561,14,15,370
2677,451,7500,14390
76661,998,998,15
23781,878,883,1533
76081,151,452,132
10285,375,5022,10573
25437,65,95,84
112165,9499,9500,26
20677,600,600,3
198549,1011,1870,3249
127837,2000,2000,223
4873,99,5000,78
13933,799,6500,186
9061,1485,1485,425
6657,2499,3500,29661
37097,50,2500,367
188669,19795,180000,44
178133,66,66,69
159785,500,990,95
153605,12600,12750,16
160053,1500,1700,358
22849,3960,3960,1129
56049,1500,19700,23
71869,24990,24990,77
2457,603,2700,617
199973,1863,43650,92
40129,4500,4500,38
109221,258,274,803
36929,247,1300,5622
76565,110,72544,124
3577,1589,4824,23862
168593,10000,12173,148
21177,473030,473030,80
23437,303,303,91
124121,21,30,132697
43009,174,19900,946
44753,99,349900,55
131729,169,169,9083
52781,11953,11954,31
173049,700,905,97
38857,100,100,52
60853,63,65,38
38861,366,1211,220
189541,14000,15800,1047
5637,998,8000,1937
154897,7,97,21086
172053,54,92,38700
1701,100,100,82
192657,164,164,89
80593,55,500,186
32193,996,996,601
79249,186,350,60
178173,400,400,26
57193,400,1170,197
43109,499,778,1501
151257,3362,3539,1319
81405,12,12,471
205461,900,1000,34
5997,60,74,2059
103797,100,200,144
168189,395,400,723
182581,2449,100099,441
38921,3733,3734,43
74865,1140,1149,2528
19221,44,66,1254
200305,639,639,331
65365,6050,6450,2030
153569,45047,50047,32
171273,475,743,3052
163701,100,100,53
172437,1700,1700,18702
127845,299,903,210
124461,1850,3977,7833
156525,6500,6500,204
58085,2200,2200,542
62677,90,1531,247
198497,40000,40000,3
129289,89900,90000,1084
38793,35,48,246
85221,3187,6500,229
38885,11310,46009,17
124661,1000,4900,77
175241,200,200,370
198044,9908,9999,53
198412,3699,3858,951
52180,2700,4225,1965
117472,385,385,135
3180,88,100,78
175960,130,130,20
23736,35,40,764
7100,10,10,79
194804,6138,7969,491
38936,54044,54046,30
192912,1089,1683,539
4428,77,99,16
192932,92094,93058,2032
2460,3314,3315,574
194852,2698,2698,27488
184624,4537,5037,126
3728,188,6500,128
28452,500,944,47
33236,15,6500,156
21024,1008,10000,732
11384,300,300,24
72988,18,100,19091
187884,86695,86695,182
29740,3069,4999,14489
76512,418,418,31
194680,500,500,760
52124,10499,10499,9
142264,975,1000,144
160484,9999,9999,52
76628,14998,17548,38
20520,19899,19899,2213
7068,32,3375,10007
198232,293,302,533
33568,262,488,13596
129020,51687,51688,200
117440,2217,6500,197
81400,15,120,395
39004,945,945,35
173040,175,185,121
11184,75,230,2286
194576,3000,19900,153
109124,199,498,29323
9312,400,500,249
81920,475,475,282
27516,9603,29900,258
115352,827,6500,138
194572,6538,8544,2847
22456,7355,7400,7547
161128,100,200,608
109120,3289,3290,5
175056,4595,4595,43
128548,95432,95433,69
168392,1500,1500,36
192656,2300,9800,17
173128,2095,2095,877
104108,198,200,751
82392,24,33,334
41812,194,200,4949
23100,139,139,122
173108,500,500,8304
142336,38,233,15861
169116,1000,265000,13
32620,4369,4500,11054
158756,150000,349900,13
38856,96,2252,249
71824,79391,79391,57
178552,62,6500,133
111668,195,225,3551
7912,54,2500,22315
108328,42,100,4520
52188,125,375,4011
87236,18500,18500,121
38808,10,15,234
153700,290,745,2590
139312,54900,54999,181
33052,1195,1195,277
192652,187,187,170
16748,500000,500000,4
4544,57,5500,322
43108,766,1094,1512
198160,345,550,382
52292,12549,14049,7
194812,5500,19999,434
193960,199,200,873
205692,3000,3099,455
194568,1565,1579,645
40036,120,121,278
189152,6799,6799,1064
38836,200,1327,12
2940,3000,180000,10
30512,122,350,28
111444,27,7000,156
172408,4044,4044,71
151608,1400,200000,240
158808,28,128,150
74252,396,7500,2308
111664,43,165,2552
188672,45000,123100,23
127844,2569,10000,228
203412,23811,23811,478
204828,1200,1800,170
199344,6800,8200,4368
200800,600,775,289
202712,11,20,707
3928,50,50,1046
34068,100,250,5450
200048,94997,140000,366
41808,149,19900,1184
11284,99578,99878,9464
106824,400,400,61
192952,79984,79985,1503
4460,200,200,57
194768,9946,9947,20880
89112,515,691,25997
80592,181,2481,46
172068,13,71,812
192708,5000,6500,45
52764,511,9542,82
40152,3500,3500,7
6456,17500,17500,43
8948,4,14,491
132212,21,21,176
86592,1119998,9999900,512
23988,16969,22885,16
81204,100000,310000,83
114004,10000,120000,40
19768,15043,39965,5602
74856,600,650,1145
63348,30000,50000,18
163642,9938,9938,100
5206,279,495,52
31894,40000,40000,15
22850,2000,8588,33
181246,5000,25000,25
57194,50,50,341
22574,2645,4000,6353
39334,198,1290,4647
162574,9926,9926,129
3386,780,6245,26
21570,1999,1999,5
40202,495000,495000,5
169954,1980,123180,32
22830,200,500,310
17222,40,6500,229
52222,3391,15000,20
60858,2012,11613,339
33042,112,6500,201
194050,124,124,8648
138982,1845,27519,46
25802,3861,9904,13726
87234,666,6475,425
52774,9963,12800,35
140266,27506,27506,183
129286,5999,19900,256
199058,29900,29900,216
197758,50,6500,371
76654,4048,4048,18
4374,3700,3700,171
136654,150,499,953
88162,191438,191438,3
127850,734,3900,410
10938,155,200,17100
3826,2222,7500,1017
20678,400,400,20
36810,2500,180000,15
201398,504,6500,160
52206,26789,28790,104
4422,600,600,77
62790,5,15,593
151394,16200,16200,20
173062,28910,350099,14
76626,7046,10704,5
196582,3875,4170,480
200802,123100,123100,28
192650,5090,180000,95
55982,900,988,62
62238,10031,10031,9
176858,9000,9000,53
158866,145,145,13
153478,6040,6540,51
88490,399999,400000,31
205466,2871,2900,119
12202,109,120,14280
112282,1340,1450,23
52094,9900,9900,34
81922,457,457,297
52770,8176,9700,10
168794,370,449900,11
23094,1250,1250,24
76646,5133,5133,10
116266,500,500,431
44470,7400,7400,11
178130,1000,449900,5
76690,200,300,18
68778,14357,14357,120
184690,7998,8065,85
38906,14673,14676,26
130258,770,15016,40
199194,390,874,119
39942,783,783,29
172346,48,48,97
17406,108,7000,125
5478,1700,1700,134
6370,2500,2500,1144
29426,1500,5000,2507
27662,270,888,364
142334,2500,2500,152
52106,6073,6073,12
6358,873,5999,5432
158202,3000,3900,521
109226,520,1000,259
180168,335,335,71
199052,18900,19000,190
203652,7400,7400,4839
172040,50,58,687
110624,992,3315,308
137644,985151,985151,2
171352,75,200,289
87888,496,6500,232
76624,61186,61186,7
38944,14210,14210,31
204992,31000,40722,1444
171832,445,912,70460
184096,7897,7949,194
141208,500000,500000,3
140188,167,3355,156
34764,15,1294,393
169456,2125,2144,67
179372,22500,30000,31
109628,974,19900,689
204072,936,995,121407
159868,1495,1505,43
200820,1428,1500,172
118008,3295,3400,27
191520,4998,4999,103
163060,1420,6500,117
192924,44500,50000,118
76700,398,3510,45
72104,25801,32095,3718
77272,300001,300001,22
124112,100,100,5804
3448,66600,100000,20
198292,2018,2018,71
28100,179,5500,260
158744,7500,25000,11
74720,99,100,41
1080,363,399,1831
56036,2500,5000,96
42780,67,1800,10938
75016,500,999,1017
163692,902,949,55
178536,2500,3500,92
194800,3520,12000,1033
130192,50,325,362
52232,1918,294800,18
194816,6869,19999,454
191524,14999,15000,4135
127836,1000,1250,679
151584,4817,4865,98
187936,99994,99997,230
198224,1117,1803,1478
205464,179,179,83
112272,900,900,92
130180,1100,1446,148
158796,1575,250000,9
45200,89,95,142
87764,990,1002,168
111652,342,342,1518
173056,2699,2700,7358
62676,15,20,524
52104,277,277,7
22448,147,3310,6599
62664,490,490,212
49100,100000,243000,60
79304,100050,100050,5
115808,597,2399,62
198212,2600,2600,1357
60396,250,350,320
38964,75,75,48
163844,340,347,21
36812,466,466,315
199056,7094,13000,47
158832,30000,449900,8
33824,8306,19900,921
13512,80019,80019,125
2840,200,300,54923
171428,2754,2799,29910
130172,3000,9911,1785
52236,1257,1261,22
2928,14809405,14809405,19
168592,10896,10897,140
32200,460,629,382
52192,3399,4899,238
15564,17,19,155
172008,3287,25088,437
53068,522,5589,10796
71848,62783,62785,70
11940,255,256,47
22528,20,50,1141
107472,700,880,62
12204,196,2120,2301
124440,190,296,31596
132192,263,263,56
191512,3378,3398,1982
19272,9077,100088,20
41400,19991,19993,58
33576,1450,1450,52
185476,32500,32500,220
176088,4498,101617,8
76684,2349,2748,48
200832,1000,3400,435
4404,998,1099,401
8152,1500,2000,87
7392,3899,4340,2183
36808,200000,500000,5
46376,600,1502,188
8544,95,95,229
153708,1100,1115,306
23448,13700,13700,820
69772,777700,777700,21
76668,1000,1000,15
190388,535,535,2175
171268,100,167,970
4608,6500,6500,124
118592,1994,4177,13
4604,5,12,3412
25456,23,23,555
22828,2037,2037,24
158752,300,300,25
76096,700,2000,441
155636,76,90,123
4600,30,6500,145
179993,150000,150000,35
62525,200000,440000,13
4557,900,900,28
132237,882,1282,48
21213,99,10000,14417
188761,500,9999,376
199937,509,509,101
200533,777600,777600,2
122345,5500,6500,186
39469,858,1145,889
111601,121,150,29305
200573,4000,4000,1632
22789,255,3500,4618
19269,977,2177,49
52237,5048,5049,6
139437,34079,52760,201
37093,271,273,37
38561,1492,1500,413
201313,4400,6500,31
19225,24,6500,244
200577,900,3041,332
176809,145,145,114
133545,7500,35998,122
67749,1200,1200,883
41473,499900,499900,18
203413,25052,28656,675
139289,40584,58049,151
37705,377,432,1280
162557,100,100,133
163549,6250,6500,133
76681,1698,1698,17
132517,43560,45000,46
8949,677,2300,425
108309,17500,17500,82
58277,9000,9000,296
39681,2249,19900,433
39949,333,333,67
189145,420099,599900,267
179369,200,316,28
7965,776,776,122
118565,39800,49999,948
201721,2475,2475,930
40097,600,838,90
204709,744999,745000,185
201697,4400,4400,663
72985,165,170,1041
129021,43324,75000,203
41285,99900,99900,16
184201,5000,7500,129
8153,39799,64959,5847
10841,4793,4793,159
76673,510,595,11
173053,10175,10175,42
5785,775,5580,2864
11941,200,250,75
193249,15090,15090,4062
172057,43,49,12391
1645,2,6500,270
133557,13,14,838
204621,2000000,2527750,58
158205,68,70,9718
6533,100,199,386
79101,2058,2101,3994
58865,299,3500,32
38785,10,15,134
154129,500,500,479
153661,8499,8499,74
109217,484,1035,1736
117441,6500,6500,141
42641,500,500,135
4461,928,19900,820
194869,5000,24802,34
154705,1737,2500,257
172501,777700,777700,3
38989,1529,12218,61
54629,25,35,42
111245,250,3459,8897
68741,4870,4871,7
11325,1300,1383,106
163053,500,88800,67
192689,20000,474950,6
76133,200,496,2226
174285,80,114,197
191521,5988,7174,8228
200829,35034,39834,130
201209,15000,34500,18
58089,476,780,325
34113,39900,40050,828
40157,3500,3500,95
163569,87,87,11413
6445,139,140,26
5121,304651,304651,5
155813,100,6500,121
43104,829,829,1825
28056,25099,25099,3301
124120,80,2503,14343
14344,67,104,59139
36932,99,109,304
130204,79205,79205,65
192712,1941,1941,47
68140,298,298,203
20384,6000,7470,855
38972,18834,18834,35
44332,156,977,208
19224,83,6500,201
71720,60893,60895,47
56156,200,200,27
68356,2435,2538,17
200000,502,502,94
23424,985,1988,37362
60224,1224,1250,20158
171196,6996,7091,67
109624,45,99,13244
34748,55,138,232
41376,15033,15033,28
34768,606,675,181
24476,201,362,2762
74728,2642,2642,52
44144,5099,9999,27
173124,600,1200,120
198236,5823,6994,282
205468,299,354,40
198416,4900,4900,3706
55056,1500,22394,8
53072,24,700,15561
163548,4050,6500,129
87872,1000,1000,829
41492,2400,2400,12
140668,99900,99900,79
129284,750006,750006,90
169280,499,499,612
33452,5,43,584
108980,293,180000,21
172364,80,11176,634
201584,593,594,5201
172936,191,225,2772
170164,111480,111480,73
56196,12,245,14
18632,492,6500,277
9260,1597,5850,1820
158936,900,1000,9
205872,1400,1500,32
52988,400,1071,42258
8172,2145,10000,1488
191872,1640,1698,2201
23440,600,699,224
57192,100,381,166
6260,1,1,422047
2456,311,311,236
97624,173,19900,603
127840,447,2000,215
4232,776,19900,1946
76080,1000,1000,722
43572,3340,4499,244
177660,25,89,852
82448,300,6500,162
118428,94,99,562
87392,4900,4998,484
38884,6697,7571,45
7096,200,200,43
198260,1399,1900,559
169120,2000,130663,34
9172,7490,7490,373
34760,41,6500,131
27664,199,199,308
192872,12,20,653218
193560,2473,2473,1699
38768,10,45,149
172056,13,14,4168
205472,3900,4969,12
124444,1500,1748,8449
37092,1000,2186,35
72092,243,298,44345
108324,94,94,4154
159140,133,133,46
192940,96060,96060,34
184100,4195,25128,116
178116,449900,449900,5
128632,97,4400,1401
201408,499,1485,1530
35624,338,450,6915
89680,2200,2200,45
28060,1500,349900,1565
62012,97500,97500,7
52784,10526,12481,22
163920,5474515,5474515,1
38904,7119,7119,32
153614,12525,99900,15
179286,29642,29642,5
7966,608,625,4240
38890,93961,93964,36
163158,3999,3999,111
132530,850099,1417427,11
108342,615,19900,423
76566,351,351,5
141898,54747,54747,153
113290,90,6500,139
4558,5536,19073,43
168506,529,7685,810
185478,777700,777700,2
9334,231,557,110
58086,3577,3577,241
40166,1142,1142,45
46378,842,1211,287
79238,111199,449900,3
38374,17711,90500,169
68358,13227,13328,8
127834,327,1200,1281
162550,77700,150000,52
52226,1500,5456,32
67310,4000,4000,40
136606,500,818,99
76562,151,850,46
128730,70000,77776,16
52090,1712,1840,21
82330,35090,50000,36
136562,18000,500000,28
38933,10,10,308
3401,100,100,124
194825,300,498,1611
537,12,500000,12
140753,24750,25000,21
38881,17492,17494,20
21845,32488,36097,479
85569,206,390,62
158765,5000,500000,17
111433,500,1050,532
193021,21000,24741,119
76625,6666,47721,11
27441,999,115000,12
33449,17,17,286
40393,499907,499907,6
140273,200,200,137
15993,160,199,153
87277,200,200,820
34721,1000,1000,205
1181,2427,485000,10
194685,540,545,2988
183205,2500,25000,11
23381,500000,500000,5
9317,1500,1500,120
200049,75000,89900,414
130221,4000,4000,46
198257,435,802,1819
44285,22000,38638,11
188681,9900,11200,10
3013,8733,8955,44
2605,5,5,64212
38789,458,516,24
54449,12400,12400,192
200569,800,2082,455
60389,425,425,86
191393,179,249,1680
62269,1040,25520,28
152557,350,1364,314
197761,27,30,1776
24245,4300,4445,777
79869,46699,47500,1051
22861,9999,9999,298
76669,6156,6398,22
192613,999,449900,33
88493,4500,500000,54
60397,800,1000,34
34825,2114151,2114151,3
12209,11997,11997,147
191509,297,300,393
154989,19899,19899,66
163133,1548,1564,428
153597,7525,8026,3141
61981,234,306,1777
6361,3,73,8293
153033,46300,65000,145
39525,300000,300000,17
153609,20099,26999,21
173121,355,1999,106
30809,178,180,19871
133573,65,496,709
61997,46600,47500,9
55985,799,1000,38
200017,44549,90330,82
200793,1515,1515,254
22457,9389,9389,1431
204565,55518,179718,249
179297,740000,750000,3
76517,1458,1461,17
199057,150,19900,350
194681,1899,1899,1191
198421,299,353,6488
40149,12933,12933,23
35565,54,999,706
4421,122200,122200,21
71845,30577,30577,13
23353,100,199,82
81917,2206,4606,531
185477,20609,110000,45
200849,18653,123153,146
173073,24404,24404,17
23117,325,342,1365
173065,100,154,195
33549,50,1600,264
41337,77,77,127
40105,6500,6500,7
38373,4500,99800,136
111557,73,298,70600
82449,519,519,233
63128,30090,75000,1483
198268,1000,9119,184
41460,1400,1400,12
52212,15099,24999,40
87248,2200,2211,112
38896,12048,12054,25
174352,550,550,112
62512,90097,90098,37
192636,79,999,15824
49632,4000,4000,477
104120,1495,4228,276
138384,14751,223897,7
153444,14257,14258,17
139352,49900,58049,203
172360,46,47,207
176876,229,229,42
43400,6367,6500,196
52100,2773,2773,15
25548,995599,995599,1
192904,700,860,254
76632,4076,4076,10
87228,9800,9900,111
133588,33,89,1055
127760,196499,196500,36
52744,350,543,19
19300,3,389,444
20860,31,31,620
172044,175,1000,586
15420,695,180000,134
112300,6904,7555,16
71844,100000,100000,25
50816,26006,26006,99
40072,4455,4500,90
2888,104,6500,125
29460,4000,4399,6319
23108,569,569,43
31904,43498,43499,7
169660,3002,4002,252
15412,1000,1099,2078
45768,3500,4864,306
194580,700,711,354
30816,15,5023,1713
24508,21,38,1567
115812,30602,343200,31
37252,2542,2542,32
130176,200,200,947
31672,268,268,550
192936,350000,425000,4
187180,150000,180000,10
12820,13320,14501,123
152560,375,5800,1220
198196,52284,59900,2752
22836,100,100,742
31900,99900,100000,7
128840,200,700,547
176868,50,67,65
1288,19,1170,47043
62660,500,500,100
6888,100,6500,350
3240,116,900,142
194684,125,150,16014
38900,4696,4697,24
118472,1800,3471,1306
18512,749,749,43
184392,1600,1909,20
200808,500,545,151
20552,298,5000,18
11404,23,23,39
163132,1190,6500,145
108920,25,25,289
52756,158,159,249
194856,2898,3910,1827
176864,184,193,28
77544,1507,1544,59
158736,160000,160000,3
40536,300,300,205
191348,1700,3500,836
39524,4999,5000,68
201320,17500,17500,14
200576,3295,3440,1608
108332,159,196,3437
174284,1000,1000,393
198280,6500,6500,1516
39356,5800,7168,12
155812,469,6500,143
38976,100,1096,251
132524,100000,100000,49
112278,5000,5000,25
44266,200090,200090,18
128650,28,500,715
128742,270000,270000,9
19306,2,6500,194
111450,75,98,331
44274,189948,189948,12
81202,75,75,174
199054,18375,18399,190
34722,250,2016,2679
128718,765265,765265,2
71862,51088,51088,30
27442,247514,247514,5
30610,500000,500000,5
153438,100,4500,971
76502,100,72500,226
46098,9598,9598,18
63306,999,999,163
168302,100,145,4776
52074,300,105000,10
76594,24475,24475,49
169146,150000,198500,3
108350,50078,50078,14
23114,200091,200091,97
172406,265,10021,410
76662,293,533,37
93706,166,166,40
139442,52000,52200,232
18594,8069,9969,186
45198,1998,2499,87
76670,4050,4050,43
139338,49000,65000,141
40068,900,900,163
205868,194,194,53
153192,1975,1999,895
19304,15,6500,240
63396,559,720,154
194808,4920,12020,991
178228,20289282,20289282,5
6532,6,213,683
166664,7486,11339,80
5124,8,11,87
25436,500,500,20
23756,6,3306,324
200852,1400,1500,68
38820,2646,2646,53
81924,79,6500,246
163076,316,316,340
76532,253,254,41
8364,5433,5433,216
41584,9880,9880,608
192920,28999,30000,39
76560,1435,1435,160
194868,19000,19900,137
74860,1600,2073,674
108308,2704,2704,60
192724,2589,2590,10
109160,298,300,267
44156,2348,5869,60
2324,11,15,114563
38432,22037,22037,76
104316,11499,11900,1893
136856,2500,50000,93
76572,34999,35000,49
85584,299,333,387
23384,50,50,44
13932,100,1362,355
114008,9900,123100,21
205044,1599999,1650000,34
38968,170,180,55
61984,299,6500,237
178252,7721,7721,67
123956,9995,12000,196
158860,121,121,43
76896,4400,8243,26
159468,66,11148,161
31908,49800,49800,2
180404,9595,49899,11
193556,2400,2400,51
153712,262,330,218
132516,6000,6098,4020
43488,564,671,259
187888,64215,64216,360
39908,699,699,73
162516,9000,18500,67
4340,79,80,6098
31916,700,1000,293
21752,223,450,7153
33048,3,3,505
38868,10000,10000,30
127004,273,300,8983
56204,90,90,38
74700,29,30,38
52772,5929,15398,36
197856,5445,6930,164
724,49,6500,159
188164,60000,65000,149
200840,50099,50099,7
172920,300,396,137
179368,494,594,39
126936,4000,224775,183
31892,873,900,197
40016,1199,1199,5
192664,179,179,37
13444,43,5500,199
44284,1058856,1058856,2
10592,500,49999,370
19974,178000,178000,19
198162,5300,5800,11082
2738,449900,449900,2
74662,24502,24502,170
200846,44000,44500,152
11410,500,20000,18
76522,131,389,3
159826,100,500,98
187934,65000,65000,123
41166,4399,4399,71
199646,10050,10050,12
9318,199,297,78
2750,350099,350099,12
54626,5002,5002,17
71866,20006,22697,31
40026,8500,8500,11
168790,285,290,22
136554,1000000,9500019,18
28470,2899,3699,727
11186,600,600,95
200568,32072,40000,171
8244,71145,82521,212
175052,1980,2084,32
199968,6400,20096,360
44264,32928,32928,26
109184,71,75,14276
76524,217,217,31
62000,290000,290000,1
76140,375,500,4415
19236,100000,145029,27
43480,19999,19999,266
158828,96,98,40
193236,34700,34700,114
38924,94498,124300,47
3220,29,40,260
191516,8999,9499,68
76660,2599,2800,13
87232,60600,60600,222
90552,44800,247400,4
190536,38088,38095,308
39000,4145,4147,20
175788,20,23,50904
69244,468,7000,137
189148,1998,5000,1131
76552,209,310,382
49884,9000,449900,125
25428,55,88,138
62272,500,500,47
201820,700,700,205
128436,39000,39000,24
5996,3200,3500,121
124640,588,11015,4389
180412,330032,330032,6
58144,1254,1284,545
23528,430,430,136
163136,23330,23330,129
79308,200000,347666,8
44756,150,200,136
6316,3358,4508,52
1696,2400,8999,34
110628,673,1999,185
52088,2903,2903,2
29452,6,6500,167
196540,382,382,283
52984,532,532,14799
192688,7000,50000,216
14048,126,550,14224
168652,10800,39999,1176
2608,111,199,31
153476,165,175,208
49908,1001,3522,707
42428,180,184,430
71868,43058,43064,86
192884,1670,2087,2106
133940,211,211,1872
173192,500,698,180
81196,600,600,77
62680,1998,2000,1658
32212,9068,9068,641
81408,40,370,256
191502,405,410,291
18662,2200,4315,108
1074,88,5000,61
44146,5065,8865,36
172366,176,10000,394
155814,494,6500,88
192690,2200,2300,13
185482,1700,449900,5
188790,1400,1800,18
4426,110,210,569
43694,28144,474950,4
10646,948,948,96
176810,10000,10000,10
43542,777700,1138850,2
38854,8690,8691,52
163154,500,4000,119
38910,1698,1699,16
54818,449900,449900,4
46766,200,200,155
76554,266,266,46
7074,800,1000,130
52117,3978,3979,24
45189,400,500,25
9313,260,300,171
3857,5,7,59489
52241,10000,40000,16
38997,460,804,27
128729,245208,245208,3
12645,11243,11256,29
193561,4999,199969,6792
40081,100,200,75
59029,300,1816,107
174041,1740,1840,64
41813,2398,2399,3694
22449,99,1498,17443
198297,300098,300098,28
44281,79626,79626,5
39209,700,900,99
44325,998,2850,110
179277,250000,375000,4
6297,98,100,23
194725,3000,4000,392
52297,30098,30098,10
137249,43399,44400,197
2325,10,13,18438
42429,1800,1900,390
76665,218,360,35
180353,777700,1388850,2
44941,5,6500,208
113585,668,300000,319
178549,48149,256186,23
32205,3461,3461,462
18641,389,389,668
33569,100099,100099,3
205173,533111,533200,130
67385,190,500000000,77
118681,1599,1599,36
52021,159999,159999,1302
140269,32596,36212,74
62237,99999,4206969,873
136569,9799,9799,591
128553,26577,26585,47
196585,1119,1119,359
52745,339,2865,121
159873,752,884,27
41165,15000,25000,1990
194857,2674,2674,2609
52101,1029,5814,19
140189,13,6500,184
4877,2200,2200,52
55981,1000,1000,16
24281,180000,180000,12
182733,83500,83500,149
191381,16500,19799,2055
152641,4200,15099,323
71809,18989,20018,359
192729,60034,65384,70
139389,69595,100050,19
76633,19998,19999,32
29581,100000,100000,9
107393,300,300,12
180409,593,6500,133
183793,89995,89995,42
20869,91,250,47
4093,8500000,69500000,4
20817,125,540,421
162569,19928,19928,186
43001,100,283,364
76701,300,300,54
201413,938,6500,117
21557,1426,1501,26
52093,285,285,27
154169,122,199,5042
62665,799,999,206
9197,10602,10602,555
158861,199,1242,31
159825,455,455,1508
3369,666,7999,2022
39361,30000,30000,10
144329,3083,3088,220
117453,244,7000,157
108353,500,19900,467
67277,300,50000,47
44165,2021,3821,40
76885,13597,13799,150
40533,834,848,1145
192709,5082,5096,12
76553,700,750,101
40169,3200,294800,17
39341,739,739,6927
174349,146,6500,253
183953,695,805,1651
38821,548,548,62
39977,500000,500000,1
59229,500,6500,94
25453,65,88,182
163153,2500,3000,144
22833,35000,40000,86
25897,59765,59765,11
90553,4333,4333,28
32849,206960,206960,18
133569,500,502,365
71853,124899,124900,47
197793,1099,1175,16229
140205,77700,122200,21
34861,14,100,1245
77545,3996,3997,41
42997,600,750,1727
189153,746,5000,1338
79305,344103,344103,4
153437,20,12000,55
38897,39,41,75
60493,25000,75000,20
30821,25,44,135
201813,7498,7499,218
14341,73,125,2643
19933,88,90,60
112181,19900,19900,544
23445,1700,3869,31390
132185,700,180000,11
136549,67535,67535,15
57061,450000,475000,4
24053,2644,2644,27
6317,3500,19900,457
168797,7777,7777,13
183597,70000,72299,7
119101,14616,14914,11
5465,161,221,29546
159869,6371,6435,98
128997,95933,98900,30
44465,1350,1400,41
201317,988,1000,53
44277,22499,22597,7
163109,2000,2000,36
44761,1300,1300,43
136637,180,200,7901
76653,569,1834,14
194813,5800,19999,422
38905,200,200,43
24268,1950,1950,146
16168,7499,7499,141
76092,86,87,1793
176860,1800,1800,22
128720,67840,100000,8
199972,39000,45600,69
122344,52,53,214
35760,985,985,372
168596,9074,9874,522
4536,24,114,527
76680,1800,1800,10
122348,270,6500,293
52748,4884,4884,53
193964,890,890,6517
35128,170070,170071,252
168640,800,1000,548
62328,275,5509,104
52776,17501,17504,93
77468,600,610,1956
168188,3500,3500,653
116408,2500,5000,81
18588,400,400,135
38864,1624,1625,67
6048,640,640,142
12216,422,7000,178
63308,866,866,78
30812,165,339,23
58260,47,86,385
2892,23640,23640,104
153480,6000,11264,122
20532,200,369,8
52240,6194,7421,67
42432,300,6500,268
82300,100,12000,117
38428,8034,12166,58
153616,900,1252,41
108348,105,105,1875
109156,825,865,372
22324,50000,50000,30
201192,1818,180000,20
5428,5000,50000,19
159756,1627,1629,20
39968,700,783,130
140568,49975,50000,73
141212,2000,6969,190
38940,30356,32145,95
23104,176,178,68
186684,8000,9199,19
199976,1250,1250,3872
52768,292,7975,22
41488,367750,367750,13
44288,150099,189999,12
76520,145,145,23
128844,100,100,372
153628,1111,1200,34
191372,700,748,43
4392,15343,15343,85
113576,500,696,65
29580,699,699,46
200532,5099,5099,9
25896,54036,54038,5
40360,60097,82297,91
13724,6500,6500,139
76556,1150,1150,11
115012,396,396,15
62340,750,750,54
58088,17512,17599,3513
24276,66910,66910,35
203408,39180,39183,282
40008,1300,1300,16
158820,30000,40040,8
45628,69,70,30
79300,300000,300000,15
4424,1500,35065,34
19284,5099,5099,26
22788,3950,8545,555
168828,22000,24228,25818
19440,1000,1000,43
52780,10796,10797,44
177256,1002,1002,112
133576,375,399,2321
105724,30020,30020,7
52752,2928,11900,10
204308,500,1499,135
176392,330,634,27
5476,250000,250000,62
21536,2599,2599,993
71836,39835,39835,25
43004,64,64,817
38912,70,77,62
74716,100,100,24
38832,509,1394,67
140272,25706,25706,120
196440,9900,9900,127
74650,444,1999,437
56550,48993,48995,60
153666,4703,4703,39
200582,4400,4400,668
178178,499,500,148
23826,3533,3533,103
176870,150,159,14
140202,77700,77700,21
158754,15000,15000,7
38518,50001,50001,15
79314,150000,150000,9
3702,900,474950,4
192962,500000,500000,11
128726,499901,499901,14
56158,1758,1759,7
18222,252,357,91
46026,60797,2000000,5
201162,198088,198088,8
71846,48066,48066,17
159870,9900,9900,87
184390,400,400,12
200817,8990,10090,75
38261,39998,39998,14
110649,1449,2000,40
198161,125,340,10187
8393,90000,500000,22
20381,14000076,15999976,115
111457,498,500,568
76657,969,1834,11
194577,2662,2662,1533
185481,1625,1625,43
112293,50051,50051,28
76649,200,200,48
52209,3907,3909,23
127681,251,251,1921
18233,1190,5490,12
109133,152,960,16032
111441,348,500,327
52301,14500,15000,9
2313,100,100,34
178017,3999,3999,12
168529,1600,9999,887
193941,8502,9356,319
12213,10,15,436
198501,3600,3600,37
39981,599,599,46
204613,25848,29009,105
180881,349900,399900,2
198261,268608,269957,229
97621,1012,1012,1619
178217,19,19,408
153633,22225,28925,11
168449,10054,13058,312
204313,2200,2200,14
32685,6000,1000000,108
59489,80000,80000,11
169949,2000,265000,49
44757,74,75,36
116405,4888,4888,624
36913,1999,2200,15648
169145,203,203,4696
163149,190,6500,137
187933,44898,60000,138
192721,4800,42737,8
3173,97,2539,6774
173077,25000,25008,17
76077,580,599,520
27665,1994,1994,54
52229,3442,3542,8
128841,99,99,214
24189,222,222,12
18645,2499,2499,31
158849,1699,1700,35
192885,1397,2000,28384
163105,475000,475000,26
44601,224,225,24
127037,100,19900,748
161373,882,882,332
11285,500,500,23
153621,100000,100051,11
191505,12019,12019,47
23765,328315,328315,17
71833,59936,59937,87
38772,700,800,59
136544,60000,76162,10
39340,1500,1600,573
193420,100099,250099,4
173076,19500,500000,21
52084,2475,2500,110
175924,18742,18742,27
132220,33,77,81
109220,65,69,545
74852,200,276,2413
76636,200,200,45
10620,197,197,100590
115464,2303200,2303200,2
12184,109,117,4088
124116,7425,8900,2120
178220,335291,335291,5
124108,52,945,1380
112160,840,1272,25
194688,740,4400,450
38920,559,559,69
128544,13335,14058,80
185480,5000,5000,27
133592,122,263,11344
3820,1095,1095,14117
15872,7000,7000,52
56968,10070,26170,55
56200,2001,2001,17
189156,11090,11090,1095
47556,802,5000,1915
197756,96,110,398754
25652,34538,34543,24
152512,495,800,61670
168232,103171,951585,30
8836,22998,90000,366
38372,4800,15244,38
139348,47985,47985,130
74644,341,350,414
163208,500,842,236
13456,2400,500000,4
56052,3200,12158,11
76580,6040,6040,5
2304,39,101,1254
38376,692,700,56
52296,22500,25000,7
5468,24750,33333,157
132232,698,699,13
40144,6021,6021,6
76548,591,591,40
36788,500000,500000,2
107392,2625,180000,24
2596,40,40,1034
193468,45000,45000,23
6296,125,125,17
32468,100,100,707
41800,5000,45000,4499
173048,4900,500000,3344
43012,149,150,2693
178548,60021,60021,19
3776,100000,100000000,64
152812,7252,8372,658
38816,121,121,18
136564,549591,603460,7
76076,99,100,3381
9336,1870,25935,28
33632,140,142,44
179284,100003,100003,2
52176,22500,22500,16
38828,180,645,19
44280,69800,69900,3
136552,166035,221380,5
128716,139998,139998,9
17304,1200,1485,194
190880,1199,1199,438
44616,92,6500,243
190236,307312,307312,5
39360,59474,59474,11
132528,42099,49999,5
192704,2096,2097,17
60578,1569,2569,15
12190,800,800,111
6150,130000,158500,19
7098,77,77,60
71878,25010,27323,31
71806,23400,999700,13
45190,453,150060,33
21558,1301,1725,63
112294,290000,500051,18
179290,650000,650000,2
38930,2493,2832,11
74726,4947,4948,48
22834,897,1000,21
49110,89049,89049,4
38842,1243,1243,16
2581,41,100,618
63293,12154,12400,32
39201,179867,316699,12
40133,7094,7094,25
52753,299,3999,100
194689,270,270,858
20433,160068814,160068815,3
76641,550,1048,13
67401,1999,2099,26
12217,10675,10675,79
74641,1498,1500,1222
132225,110039,150039,6
2665,5,269,3282
106889,130,130,54
44497,3500,7618,15
153617,1100,1129,17
38929,211,211,206
55057,1259,1263,20
74921,1250,6500,124
32413,4000,4400,1074
38945,997,2505,30
3729,19,31,357
62005,97600,97700,8
74717,152,153,106
74729,226,227,114
8365,100,2500,3086
205873,250000,350000,10
40109,4799,4800,238
76525,211,211,29
43825,100000000,100000000,1
180405,959,960,11
41401,12099,13499,34
95481,126,168,551
89737,451,452,48
37145,17999,17999,15
24273,85055,85057,19
62017,54000,54000,2
201321,544453,559353,16
158869,130,130,18
44781,96,210,45
181713,100000,449900,10
128837,100,6500,173
179985,400,449900,14
153625,35590,56490,13
62341,5000,5000,17
158797,10099,123099,18
32221,700,700,427
202065,898,1000,50
154121,372,45000,1631
31905,1089,1100,98
107461,506,449900,47
39945,1250,1250,38
31869,2400,2400,1
62673,500000,500000,5
59228,1602,6500,181
35720,135,6500,155
41976,400,540,39
49624,195700,195700,12
76648,3665,3665,9
160328,202716,202817,59
71852,49000,49000,61
24232,2117,50000,13
199476,44,72,64
76528,150,150,91
200860,486,486,49021
1708,6,7,404
43116,1734,14400,1411
59480,95500,99900,46
29448,180,6500,152
52224,16496,16496,19
119096,61472,61473,7
105720,100020,100020,6
40088,1000,1000,19
45196,6988,6994,84
4656,5220,5799,63
171292,1094,1500,4951
163052,2964,2993,58
52096,9048,9048,14
82344,130,131,292
116172,545,3999,195
63316,180000,180000,7
182120,250012,250012,9
198620,9999,20000,21
198436,400,180000,8
76568,1000,1000,52
197752,124,135,16539
13452,9500,9999,612
192616,10000,105000,6
179308,459584,472094,8
186704,1000,1000,155
44076,333065,333065,1
52132,225000,225000,2
21844,790,885,5749
115804,170,179,257
12212,33,6500,1262
173032,8,16,16175
4776,500,500,66
19260,5900,17499,15
163900,50000,50000,9
119100,10059,350000,6
7296,100,100,33
127848,14200,18799,270
152296,20017,20017,33
38848,700,760,37
36784,25000,49900,475
20540,25590,25590,30
74636,13,130,516
10308,81,181,84
76584,90000,90000,4
36904,872,872,1652
17708,6340,6340,94
117452,3977,6500,19
31944,100,9000,23
44328,2608,224175,154
17408,99900,619650,24
153036,57900,57994,199
35318,3717,3996,6
195462,529,1129,418
170554,630,2990,3261
9206,4500,4500,417
41434,2500,2500,8
76642,1620,1834,9
20518,987,1195,13
200766,32247,32247,72
79302,60064,60064,3
40162,9000,11039,26
52218,2158,2259,14
20846,15041,15041,18
158186,12,13,35387
183954,1500,1500,776
177026,7153,50000,18
17402,500,5868,85
4358,20,20,179
76518,148,1200,44
3730,233,2535,5875
52190,8910,9200,118
172414,103,942,196
187842,1465,1465,124
43146,129555,129655,23
44289,64893,64893,9
94289,6480,6480,1359
17197,750,750,432
21217,200,400,1126
110621,328,395,298
162561,11900,11900,154
62781,650,665,2138
200837,14588,24888,37
81889,7765,22608,180
71849,150000,150000,6
23737,1500,2000,330
8953,75,6500,152
39005,428,428,17
38773,97,10025,100
40177,8500,85000,29
168417,123584,123584,468
194733,650,650,228
18253,1500,255000,6
43105,470,478,3245
194793,78800,78900,106
67281,100000,100000,11
194693,189,200,197
8165,2936,2936,2184
192941,8595,8595,285
43373,713,6500,192
8545,10,650,3074
198209,891,2270,277
129285,9207,18000,285
60405,50,50,167
163077,198,198,438
173109,278,500,2814
200801,2077,2077,48
21721,2000,4418,693
12809,3400,3900,704
89893,196,6500,134
76677,1053,1054,17
36909,2772,2899,22355
113909,185000,200000,9
40213,32718,32720,101
108649,500000,500000,2
27425,100,2500,3094
180317,2500,3000,818
45201,4945,4950,19
176869,723,1323,818
44940,8,6500,243
153664,600,600,83
1180,2071,500000,10
40180,2100,294800,27
39204,14031360,14031360,1
43268,257,595,313
3576,260,300,7353
10560,1113,1114,2014
33460,500000,500000,7
191508,50000,60000,54
41164,499900,499900,1193
55984,65,100,34
153568,920,920,75
34736,1342,19900,601
18232,9975,11275,508
44772,100,100,44
200844,40000,40000,48
43124,310,315,5618
76592,6500,21457,54
69920,9900,9900,121
44760,1250,1250,229
1520,1,31126,868
163908,5000,5000,22
65892,480000,480000,174
205012,99999,350000,116
106868,245,245,14
5128,199,2630,15
49600,100050,100050,23
163104,777700,1500000,14
151720,5000,60000,372
180732,8,32,38571
89512,4999,9000,17
39516,117,825,97
79296,15000,160023,3
90044,1000,123100,30
25432,1100,2200,27
98116,44,6500,192
71828,20499,20500,9
61988,99900,99900,4
173360,80,86,228
46000,341,350,10
67444,1501772,1501772,6
39900,1237,1237,361
25868,140000,140000,30
190380,6000,6000,156
56516,3300,3396,4960
56236,15000,449900,3
28468,226,846,410
166728,500000,500000,2
128764,485,485,281
2512,2000,250000,4443
76696,1081,2000,52
76892,9589,9589,24
33872,712,782,7
197762,198,3099,15853
76622,31087,31087,10
13366,37500,474950,6
128558,568,743,65
52242,99978,99978,11
110866,315789575,315789575,1
25430,100,105,38
161346,6500,6500,107
41462,9999,9999,8
27682,375,399,4350
38838,754,779,153
192686,180094,180094,6
41485,1386,1400,21
39997,12500,12500,53
137293,46588,65663,193
49253,500000,500000,21
52097,664,664,10
201409,265900,339600,30
132213,700,40000,20
54837,110,449900,5
44493,5093,5671,25
7097,265000,475000,5
52105,1090,1090,29
154881,985,999,401
41809,370,7575,2025
29401,11505,11505,130
162029,10000,65000,141
29565,500,500,40
178537,26206,26206,65
38869,5538,5538,30
197857,137,137,529
193953,400,1500,625
179005,5000,40000,7
162573,15297,450000,9
178221,5792,5792,112
138977,775,775,214
128989,18638,76300,32
108301,1110,1116,1303
43369,9000,10000,223
4481,25800,500000,6
114013,14999,20000,23
31913,142404,204611,7
42545,250000,250000,27
23573,5700,5967,2426
1712,3562,3633,40
29548,4300,9500,6524
116268,129,154,2707
67252,777700,777700,4
18236,495,495,30
7228,135,136,228
71860,35349,35349,12
201832,3884,3884,1327
21576,8900,8900,313
185968,200029,200029,10
44268,444451,444451,5
87244,400000,400000,60
133688,300,5000,74
76688,1499,1555,196
11584,20,45,274
197720,2500,3500,50
22844,40000,40000,41
158872,350000,449900,8
5504,500,500,31551
140296,265000,265000,9
71840,15001,20001,32
54448,20994,22594,41
38880,12094,12095,20
108304,45340,87104,37
4780,179999,180000,4
173760,964,499999,177
144304,1899,2741,35
194784,97,97,62760
63692,99999,99999,100
32388,4382,22069,12050
198228,27700,27700,46
111452,263,3345,185
162572,5960,5960,117
155620,10000,18800,16
77532,466,931,176
194692,185,190,556
173100,9595,13095,20
39684,266,267,7922
133568,906,906,418
60336,149,180,21
10548,2999,10000,43
192896,399,4500,1813
44936,213807,213807,14
40128,3311,3311,43
76616,32500,32500,3
156872,243831,243831,49
154168,100000,300000,6
200074,6625,6700,20183
132982,95000,95000,24
32218,1320,1320,311
173082,9000,500000,50
62414,15413,180000,9
71826,35042,35042,22
158790,1900,2000,8
34754,1800,1800,148
198290,125,125,33
76578,69996,69997,5
201698,4300,4300,889
40010,3975,3975,115
13934,5019,5019,37
62770,236600,236600,25
24054,1135,1138,9
19274,18600,18600,13
4341,9,10,13271
38845,480,480,49
22529,500000,500000,20
136557,390099,390099,18
76537,236,237,25
108305,700,19900,526
172357,295,400,105
151609,2475,5400,1156
92741,513000,540099,95
76137,197,198,4016
23385,8900,9900,17
110633,300,500,34
133565,290,6500,173
39969,449898,449898,29
46377,777,5999,1057
38981,1285,1864,13
76513,114,149,33
52785,9328,9328,33
22853,5500,9999,270
20545,522,522,8
110653,2400,2800,71
20845,21716,21716,10
67357,79900,79900,17
41461,9399,9493,15
20533,800,800,9
22841,2936,40000,102
29533,79900,80000,38
153445,10000,14810,19
136857,81738,81738,8
12365,3,8,21136
11409,39,45,64
76629,444,12000,10
16005,55911,55911,81
61996,195000,195000,6
71876,31779,31872,45
6712,306,1292,83
40112,9994,9994,152
9264,32465,60001,248
88532,7,6500,252
38260,9900,9900,51
31912,888,900,207
88492,720574,720574,10
18256,2000000,2000000,35
201184,3091,10091,5
132184,234,234,81
205016,2300000,2399980,42
29112,5000,265000,15
163192,4000,4000,68
23380,9800,10000,26
178104,177,177,37
40000,4026,4026,7
110652,2300,50000,93
107640,1458,34099,113
41440,110128,110128,20
193896,9500,9500,227
6052,350,5500,151
110656,1950,2500,41
3388,994,2014,626
64396,80058,139515,20
44260,120029,120029,4
20816,699,821,2083
153604,992,3692,14
23768,450,574,604
87580,299,300,380
138884,450000,450000,2
200776,1550081,1550081,1
40098,6922,9245,6
110646,1528,2000,31
39998,5100,5100,25
5374,150000,251986,15
40130,10089,10089,33
153618,25000,25000,22
200782,9996,9996,52
38974,165,836,22
62530,10000,13900,23
44066,2000,100000,3
154990,6689,9501,60
38894,13334,25515,19
79102,100,6500,156
204826,4998,4999,564
173098,9595,19000,25
175965,500000,500000,6
192965,50089,50090,11
41801,367,19900,2363
3177,997,500000,17
143633,120000,120000,6
41381,2025,6068,34
90057,975,150495,48
56241,500000,500000,3
184393,2499,2499,32
44293,45027,45027,12
193557,49999,49999,45
38429,92985,92985,30
200633,90076,90076,10
13893,13024,13024,511
154885,31,999,552
28461,10035,10037,520
77101,8998,9580,244
44765,499877,499877,4
130245,222100,252800,74
201193,190000,300000,13
119097,49799,477475,12
21033,110,6500,132
79289,406283,406283,7
74725,889,10000,249
40037,7299,7300,22
8845,3103,6500,8433
163781,898,999,511
29800,100,100,18
62268,45,51,62
52216,13142,13143,34
38984,1069,1069,39
162568,99900,475000,28
187648,7400,7500,77
195456,2299,2299,283
132216,120000,120000,5
24060,1293,1293,12
41464,5600,5600,9
74708,1236,1240,451
76540,100,159,281
183208,25000,500000,4
38876,1067,4881,21
166804,19950,19950,2551
138976,2000,300000,23
128648,13500,13500,184
53064,999,999,4220
191532,79949,80049,55
116392,59971,100071,70
130216,199,199,64
196584,7500,7500,306
44208,79900,80000,28
44500,219979,219980,13
31868,298,298,35
200580,55500,55504,23
40048,4800,4900,41
34832,84,84,2154
7676,5500,6500,190
25444,100,100,33
128996,90133,93900,61
133564,400,400,197
130248,123800,124099,83
38350,2000002,2000002,14
22526,250,250,173
180310,100000028,100000028,1
17198,99,6500,239
151386,400000,400000,3
6042,7830,45804,50
4278,50054,50054,247
40090,3947,3947,8
128738,50000,50000,15
186726,3616,3616,507
180334,470065,470065,2
52746,1576,3728,106
23098,200,200,31
3478,239,239,5113
173102,108816,233958,22
133980,475000,475000,30
54632,200000,350950,4
62672,2000,10000,67
45060,1237,1237,44
173072,20000,500000,21
199216,494,4399,1009
31676,2341,5047,165
197780,503,1327,27490
173092,41000,41000,3
43464,432,432,113
20424,439,19900,1163
77264,1001,100001,6
197760,563,1398,6576
38988,1430,3026,14
138972,250000,265000,12
112180,14422,15928,440
162560,8878,10000,29
62780,2697,49999,1358
81916,6600,6600,149
199193,2901,3201,61
58261,10,95,302
61993,133599,133599,5
132233,222,5022,87
198441,300,300,412
163117,9900,9900,135
4389,1283,2285,417
74845,807,867,1020
38893,1734,1761,20
13465,1825,5525,4409
23105,520,520,13
153629,1999,2899,12
136377,35,300,246
192769,230,230,57
13929,282,375,309
153441,200,1462,85
52749,269,269,99
204837,22,99,18
5473,97,420,278
76529,522,72523,51
1177,190,6500,249
2673,995,19900,846
24061,900,900,15
32201,246,246,239
76693,339,750,29
79293,120000,120000,3
4813,30000,180000,8
173081,69595,500000,38
205237,500,500,7
159789,320,330,81
204237,1399,4107,273
6049,4461,5500,63
127718,9510234,9510234,1
142262,19295,19296,7
194690,1388,1400,178
63310,679,679,29
25890,377421,377421,17
27674,236,236,19206
52126,486,486,8
40086,7830,7880,2
87530,50000,180000,21
128990,75000,100000,32
163918,500000,500000,4
108352,1500,2500,98
179296,449900,449900,5
132240,404019,404019,16
9088,10000,10000,42
201416,6500,6500,117
159792,928,928,21
162664,190000,190000,5
52120,10000,10000,9
44292,19400,19497,8
192944,91739,92665,49
79292,40000098,40000098,4
45056,9796,9798,56
128980,12322,50000,102
163056,150000,150000,26
192700,7800,100000,11
108296,740,19900,464
174104,500000,500000,131
45980,500000,500000,4
40165,3238,3238,10
46849,74900,74900,81
86597,7999,7999,50
79309,15000,100064,10
44953,2845,2903,79
141909,20000,23349,70
44157,10000,26999,22
183945,9000,449950,8
137289,54998,75000,137
20449,125000001,125000001,1
153613,20061,33011,8
163145,4000,4000,48
95373,69999,69999,1367
118901,100,100,27
182709,33300,125000,7
13453,2053,5999,522
201045,200,200,287
21589,200,200,7
151721,298,580,94
176873,1400,123100,30
193893,500,2000,16360
62009,78000,78000,4
204909,800000,850097,12
13445,6307,6307,265
178137,3500,5800,11
733,4,10,333
41377,9999,9999,30
128737,100051,100051,7
54630,12500,15000,7
44770,30098,30098,8
162546,77700,474000,30
52146,499897,499897,11
41490,2018,2038,7
79294,500000,500000,9
24510,270000,340000,9
62014,190000,190000,3
162666,24750012,24750012,1
21718,13633,13634,75
37674,50000,50000,4
202314,4494,4498,567
43374,120000,284950,2
33254,6500,6500,125
105708,23546,23546,20
44084,12999,12999,4
76884,8997,8997,34
40100,25566,25566,8
137556,7500,7500,24
69840,600000,606016,2
20872,237,248,46
52148,5678,5678,7
24036,2300,2400,20
168788,39203,90000,10
127368,132839,132840,7
178224,1163,500000,121
128736,100000,100000,10
198508,29975,29975,290
34440,75,86,35
158792,15000,449900,7
23984,100,107,549
153608,46950,47000,11
87648,513,514,16
197772,1164,1164,137
23676,240,399,4493
40044,980,980,1
168792,590,225245,14
71872,22199,22199,8
140300,291013,291013,32
147868,12600,12600,98
201216,10000,10000,6
204840,100,198,22
205244,3527,250000,10
168960,5592,5592,55
41382,24227,24228,14
76606,10175,10175,6
76538,354,358,132
132238,87500,131250,2
11386,534100,655900,8
5474,500,500,72
178218,2000022,2000022,2
178534,722703,722704,40
81198,25000,50000,84
158810,150000,150000,3
77542,2300,2300,31
39918,1497,1513,103
40106,3575,3575,6
38698,3900,3910,48
56502,9495,9495,36
32410,58732,58832,6
20002,4521,4521,590
6986,90090,90090,6
151390,6060,449900,13
3829,5521,9927,167
179293,25000,27500,19
61989,60000,60000,5
52157,84988,84988,8
128853,297,3958,472
108361,47436,210004,22
183109,5000085,5000085,1
173097,50000,750000,34
198397,4000,5070,5212
169117,9900,9900,81
53065,3377,4898,8996
62669,663,725,315
200805,10088,10088,27
128985,24900,24900,13
5429,20000,133300,4
128717,88023,200000,7
201725,4400,4400,1198
52121,9766,495000,26
198253,7599,7599,33
45197,760,1077,21
65893,288000,288000,367
76585,12576,12576,12
11420,25000,25000,130
128560,899,900,62
52228,14572,14572,12
112296,34999,99900,13
76084,869,5990,216
136548,1200,6500,81
112292,780,900,125
127764,700000,1000000,45
192660,1800,1800,9
52300,23093,25093,9
4588,300000,374950,2
173084,12508,12508,34
192728,2099,3118,13
205690,9900,9900,128
39222,400,400,10
36906,450,450,1257
76658,6700,19500,21
41810,233,2500,1587
52754,14206,15330,18
153634,1800,1800,8
52302,10168,10168,8
52214,12583,12584,3
173080,4998,500000,32
18288,265000,370000,2
32668,531300,531300,5
194824,150,186,234
4852,61445,61445,7
9224,1096,10196,19
62524,20099,20099,16
64392,29999,34067,587
4360,643,643,262
200796,90000,90000,98
12360,10599,24636,6086
153620,3955,4455,7
11188,100,190,1701
178172,3333,33333,9
5565,24999696,24999882,2
191861,7500,10000,280
38769,299,300,16
62505,100,5500,70
40049,14300,14400,5
38841,89,89,77
2749,449900,449900,2
42433,475000,475000,10
23785,7000,8717,180
188685,15000,19701,27
112185,19900,19900,364
22645,4876,250000,172
183209,5100,123100,10
44449,410,411,59
37201,100074,100074,36
5833,2098,2198,65
40089,600,700,10
158801,1605,449900,7
5133,266,1266,15
158189,39,700,24158
32225,1900,1900,130
39914,157878,157878,2
133942,12100,12100,99
63274,1125,180000,14
38902,6822,6822,11
13546,475000,475000,5
118902,50,50,32
163050,2000,2000,33
20526,2061,2061,9
194858,1999,1999,17633
42994,2094,2094,82
23530,26702,49710,25
29454,469,6500,304
38706,399912,399912,44
193450,550019,550019,4
62666,547,548,372
29568,500000,500000,2
173104,59500,500000,28
11408,1000,1000,8
128744,750000,2990444,2
205240,50000,99900,12
188836,445401,445401,8
49300,149900,449900,5
38817,79,300,141
76697,255,2500,90
68785,37179,37181,55
40217,36000,36000,14
39001,1307,2423,13
162545,99900,99900,31
25441,2522,2522,10
44469,402,402,33
67337,500,5000,23
44145,10099,500010,70
178177,500000,500000,4
52133,43176,43176,7
186661,777699,777699,2
77529,10000,14289,41
30509,666318,666318,2
140341,6500,6500,105
38917,3594,3595,51
176881,439999,444949,8
173101,60000,98600,17
81401,25,6500,222
158805,76000,100000,4
79285,2900064,3000064,7
173085,15000,500000,20
117473,2239,2284,117
52109,15100,16581,19
31677,3735,3735,83
3241,292,292,109
44269,589889,589889,4
90554,449900,449900,10
173074,19000,19500,12
178106,80038,169538,23
130250,1793,2532,7
76582,153376,153376,6
79290,156749,1308850,8
62002,110498,110499,5
186982,47978,123100,23
5082,100000,188800,106
136566,19722,20240,4
144398,1000008,1000008,1
41380,11577,12580,23
3828,4915,4964,27
92664,999999999,999999999,1
169296,2999999,2999999,1
178132,300,123100,25
128552,19680,19685,104
68660,200000,399900,25
39568,150,180000,13
39948,217,218,35
179276,1300056,1300056,2
163152,2000,4000,136
112156,4144,4144,227
25440,373,60073,15
200792,15000,15000,40
128740,2219005,2219005,3
69864,24799,27440,7
40032,1400,1759,12
193940,94999,109998,2439
151124,120745005,120745005,13
200848,26357,26357,17
38824,394,394,14
76620,32000,32000,26
172412,324,370,225
178129,777700,777700,3
193469,95000000,95000000,6
201221,500000,500000,4
71873,77558,77558,55
200809,400000,400000,22
17405,88843,195543,18
5569,11500,15000,27
52225,2195,6583,94
201417,6500,6500,90
88529,199900,199900,5
192929,49000,49500,26
184281,12500,12500,38
76897,9182,9276,10
52089,2469,2569,94
71841,33397,33397,21
107518,148,148,16
162674,10000,165000,6
52154,49999977,49999978,9
108326,87,100,3734
28118,4092,6892,239
12218,543,544,248
2516,329900,389900,6
10648,30000,202328,22
36816,80099,100099,84
20416,345000,345000,4
3176,100,100,8
139036,755,766,409
41096,2364180,2364180,1
76132,3960,5000,1239
29536,80064,80066,9
18237,5353,50000,17
133553,25045,35545,11
197781,1373,1374,17223
34761,61,96,217
25409,8303,99900,266
205693,1540,1540,275
190881,88800,88800,16
3169,319,1520,52
38873,60962,61130,216
38801,2350,2350,45
25429,243,443,14
23773,555501,555501,14
62521,28016,28816,127
39353,449900,449900,9
31893,1045,1100,103
35501,44447,44453,14
158813,1000,5000,29
192693,280068,299068,7
178126,3300,400000,9
4370,100,100,67
122742,55,500000,112
203862,149999,149999,103
158850,42243,314950,6
179018,2500,50000,26
191471,3737,4300,138979
44599,22,66,166
199983,500,502,359
199967,3899,8166,251
2447,215,350,17337
192931,59900,60000,86
52719,950,9000,5002
33443,45,6500,151
191387,7290,8050,2505
60399,60,66,55
192615,56,63,83899
168419,5707,5714,543
81055,42,44,881
153015,123169,138669,82
27435,131,2499,2540
179315,7,7,36241
172231,12,20,29864
192623,60,75,502
194123,179,219,354831
199979,558,666,1608
189143,206,375,88746
193223,2634,19900,47938
109127,149,500,26718
76879,4578,5198,25
130903,450,774,1664
22575,495,799,6271
189543,51893,55027,12624
89739,10000,29000,22
180331,449900,474950,4
43467,470,483,35
2459,310,1000,5142
195543,95,119,208
190311,395,550,252003
197767,468,1382,34138
159467,320,520,69
3371,1,1,666448
111431,498,998,211
168651,17000,39999,1156
17203,20097,50000,2833
59595,2452,2474,52
152579,699,730,25984
8951,1500,3508,165
199219,1950,2158,452
128219,109669,109669,15
194967,200,295,36963
190327,10399,10999,93578
2835,5,500,24809
39343,124,198,8575
200031,10844,10850,5252
12207,99,191,26084
158187,49,150,49011
191379,744,935,2078
71879,270034,272047,128
197775,100,299,6647
191319,1369,1570,13280
193923,1128,1140,719216
67415,60,60,194
12363,11300,13000,10146
55055,2222,2222,84
41427,1021,1022,143
191335,44082,45799,8175
199955,500,516,253
25707,3800,19900,1470
201467,400,400,31
200055,222250,236000,549
109599,15091,35040,328
6451,5,504,1065
60743,284,284,25
158871,2500,2500,128
108327,148,2500,3145
63303,2000,2000,208
187823,13000,14810,79
191359,44200,44600,13465
56055,500000,500000,4
153479,1500,2320,49
108331,253,2500,3241
104099,760,6500,227
108335,69,489,9245
9451,15,6500,188
5523,81,715,2509
192719,2100,2100,55
38771,10,10,291
19931,35500,35574,820
200507,259,999,30933
192635,62,68,2305
192647,182,182,872
202071,41,41,10235
52755,4033,4033,25
191375,2000,2000,59
205115,249899,350000,122
193211,761,1040,909393
199959,506,508,122
190315,1116,1375,98847
133607,10,500,29321
63275,98,6500,273
190451,1572,2544,64798
57099,100,8758,122
45087,31,19900,11436
154899,7,35,35555
192619,65,65,237
204463,374859,469900,6814
201403,4059,9641,33582
3931,100,236500,70
197743,1119,1348,45296
58263,10,13,529
171271,188,188,1374
72235,29,50,27508
59479,10000,1499800,14
79011,29,62,8802
9315,6400,6499,158
193259,80,340,475080
38679,25,35,547
111659,17,2000,1564
197747,44,125,165501
7075,87,3372,8361
192843,274,1004,8898
138727,54,357,15096
192895,44,1500,3116
1711,20,99,1168
109131,31,43,50900
192847,220,530,27142
193255,6029,15055,67380
74839,173,350,2768
192947,60000,75077,108
201399,606,7616,39564
191503,60,63,541
111447,95,1000,378
28399,3,27,519
193243,2869,3026,35882
2319,384,717,6619
190331,29887,31899,42913
6371,1200,1999,2504
192863,857,1000,7945
19699,748,99900,2789
192871,19888,39634,19958
108339,95,246,5575
159959,94,150,7335
130179,1990,1993,263
41307,5800,5800,65
193927,59,70,1360528
124107,10,999,11615
154887,23,30,1084
19235,27224,46189,26
191339,6329,6627,1058
204859,549,1850,22120
67399,96,98,35
199059,4092,6000,162
158751,64,65,973
168311,150,999,1289
147119,48500,58466,140
204839,50088,400000,38
37703,187,423,7245
191467,2125,2744,17071
109139,50,75,15822
45195,180000,180000,8
139339,19999,58962,198
128839,50,50,270
201207,100000,100000,13
137287,59500,59992,392
41595,10000,11000,900
180059,2500,7499,941
192095,139,145,126294
86599,31748,31748,39
153051,3,10,195246
3859,665,666,676
199963,920,920,313
200779,20000,40099,80
76663,250,300,15
192687,2900,2900,131
124439,1,24,119401
194751,1050,1379,2280
193895,5099,5099,1135
133567,25,25,336
172055,7,500,28502
192651,194,900,2468
192855,975,1595,43945
163083,500,6500,82
5471,100,113,14765
173127,2560,2560,814
38371,27499,28300,30
27651,75,75,214
172019,9000,9000,96
191523,21999,21999,61
4371,300,649,421
158379,2,10,1413
62651,2500,6500,176
197855,25,33,5941
11403,760,760,49
29739,169,1000,42170
197755,123,186,136648
44287,349631,349731,6
193215,54,101,1585661
197763,700,900,3194
193567,17999,17999,430
118007,49,50,2800
76139,1300,2844,1285
200027,65095,70095,452
27855,104,6500,225
16203,100,1325,3920
151567,12,313,104268
110619,491,494,63
195463,162,163,509
154883,699,7000,117
202315,3000,3000,114
152875,140,985,73576
192655,178,179,78
149755,1499,6500,184
33459,119,330,112
200835,1300,1400,114
62779,144,144,6649
200531,200,290,67
6043,100,6113,111
192859,881,1375,2186
62663,1139,1999,406
42459,1695,4228,242
193939,94300,94974,2679
107603,68,70,136
192747,64,65,392
76079,349,999,594
204235,375,2500,1650
124111,22,72,4621
111667,100,136,2696
71875,51124,51124,17
199995,500,529,2127
192883,1729,2349,5292
152547,395,430,1340
44143,7500,10000,96
74859,193,250,2781
191331,1489,1500,6144
201883,65000,1499999,971
194691,83,98,31950
104343,2427,2451,25
68055,50000,50000,25
187699,1045,2345,40209
191519,4796,7799,7442
12223,10,1000,1864
171315,655,1500,30275
20867,1316,1781,76
111595,65,70,1200
11419,99994,99994,16
181247,500,1000,27
193231,54501,54501,7416
200023,15840,15840,3741
200795,900,1000,253
52979,360,6000,11629
38879,708,708,11
138967,89,95,2418
203415,32494,32494,2094
4339,243,525,16039
109627,148,149,1741
52555,725,900,4886
199951,500,504,581
28595,247,617,62
8827,947,2500,1175
44331,800,16525,142
62271,130,330,635
3171,100,100,52
200051,81574,81674,1507
198535,700,1298,890
23575,22,22,140
159791,94,95,32
7971,800,1149,2205
169675,1200,1499,473
191371,32595,38699,2494
193247,41598,42069,6042
194787,4500,19999,185
176811,47,11161,648
58267,10,6500,170
34599,100,4051,154
52983,347,398,14933
178123,15000,50000,8
8959,88,199,452
109143,55,111,6156
110647,1775,2000,45
199999,495,514,279
153703,254,254,206
172347,248,750,1596
198279,1940,2461,416
191363,100,300,4169
192707,2100,2200,11
43551,1386,6500,229
173191,135,481,856
80595,100,1000,203
173035,7,7,15743
192867,788,916,17193
118631,519,519,108
30183,288,339,2480
2287,12,57,327
38911,1500,1918,15
197791,355,359,12451
2723,1,25,777
174283,19,20,1093
178247,400,6500,117
195359,250,250,7
58143,595,1298,244
40179,2819,294800,31
4419,85,141,241
34755,1996,2296,175
71827,64275,64275,46
33567,89,300,2180
4775,800,180000,61
192839,230,272,27080
200579,3383,15082,1893
8171,355,466,15842
81175,441,6500,63
17011,70,90,3986
13467,320,5575,7160
153431,384,3999,194
189147,92099,119999,47
200019,50000,62025,463
36919,1190,9900,1119
8839,891,7798,3259
153647,100,300,77
191323,5605,8340,200
33575,100,100,125
204615,750000,783888,144
74847,395,395,23808
10939,148,339,100800
123919,199,750,287079
127991,24,25,11240
55983,100,5000,88
23439,310,312,48
27667,190,6500,129
43535,3862,6500,293
74843,147,185,4519
192631,64,64,2071
3403,100,100,41
192919,80000,80070,1173
115351,70,6500,190
152631,7,90,6127
187931,63553,76936,147
33447,343,544,564
41467,55641,55641,21
76075,499,500,1031
172047,30,40,532
194863,22650,22899,19622
39559,500000,500000,2
203407,14025,14098,927
12203,37,650,65529
141211,1200,1200,22
192627,64,64,774
36931,1000,7250,3268
194755,3554,3955,29220
193227,14054,15800,10129
191507,1393,1399,1196
194015,4500,9979,2151
38995,4049,12500,45
162515,90,400,68270
192659,598,600,34
128987,85100,85100,42
4555,100,100,148
43011,193,1200,2090
168663,760,770,7789
67335,6699,24900,1724
155615,65,75,246
199987,1399,2090,154
124103,378,1500,59355
17031,206056,206056,9
5567,100,50000,18
200784,500010,500010,19
40052,8000,15000,26
22848,1747,1747,52
17032,44075,44075,27
22460,3121,4149,8
20448,125000001,125000001,1
179016,250028,250028,38
38812,98,98,30
182797,7500,7500,11
128741,2500000,2500000,4
38889,24453,45666,17
31901,489,900,417
104341,25020,25020,125
173877,149,149,23
33185,3383430,3383435,2
21561,301,588,10
54817,777700,777700,5
40077,100,240,104
5125,299999,300000,7
52765,800,800,22
38837,1947,1948,54
52249,8555,8556,22
43341,41476275,41476275,2
175955,68,69,76
205459,446,2000,136
198491,75,96,488
17747,188,6500,59
62791,88,100,8718
31867,972,349800,22
198163,320,425,244
45999,1400,1400,11
14343,18,100,53492
190531,3000,4700,6230
72103,800,1628,80068
39003,1547,3146,55
198215,29700,30000,1052
193031,1936,19900,307
198187,4356,4699,1664
44771,90,100,49
171275,700,700,495
53071,17,100,7746
194767,5000,5985,5223
81203,10000,12000,73
2295,244,300,47
12799,125,1005,20742
141319,20000,199729,84
192835,677,1300,6716
128999,15073,15073,38
201327,4999,4999,52
198395,90,139,2694
6807,5,8,370
137191,50828,52487,376
171263,155,294,492
89639,200,10000,1769
23787,32590,33595,440
43007,143,150,4907
52195,3100,4700,270
22791,370,443,6396
19943,11880,12765,374
158851,7520,7520,5
22527,20,49,1239
56051,1598,2082,37
37147,2077,3899,47
198207,145,257,924
52183,1540,79900,23461
3819,995,3364,3002
133591,32,60,3047
193931,1999,3399,55429
32227,20,581,540
141207,1200,475000,23
23427,1599,2900,14163
187703,1574,2875,65172
32231,40,285,5183
27859,200,333333,240
192851,745,998,124270
154123,495,500,165
194815,5500,19999,521
153487,640,840,2913
151719,5475,5475,2421
43103,4950,5059,816
12643,154,154,410
194579,399,19900,153
159,1,70,23425
155603,33,70,304
168583,647,794,7586
200771,80082,83682,42
200039,16947,17000,2353
20863,30,35,953
193251,869,7777,270049
200567,3994,3994,3359
168427,38698,38699,279
32215,3638,3642,373
194859,23782,23783,1185
40211,85,299,623
9155,4500,5999,276
199991,500,538,385
90407,75,75,5839
18335,60900,60962,310
128315,399997,530767,504
16167,5304,5304,180
118391,9,65,589
14227,3157,3877,5164
36903,200,243,5785
40195,200,300,4349
198195,59821,82500,263
40119,2000,2094,17
133563,14,15,635
153715,1500,10055,585
106867,33,33,172
85559,67,77,53
198199,22049,24371,593
69863,2299,2471,22
200003,3594,3599,157
171291,274,500,14927
201991,38799,40925,11002
198183,170,205,7032
14047,38,75,126051
7191,1590,19900,392
152507,94,112,56339
38923,77297,77297,45
124115,340,400,32273
198211,500,873,47
188835,788,800,226
205243,10099,30099,22
108439,2648,9888,2052
59227,300,6500,159
54447,750,1000,149
193563,900,1000,598
163075,798,798,456
203411,14000,14224,1109
182123,88851,221351,32
192715,166,166,225
81923,45,122,495
189151,481,5000,1433
46379,199,200,714
160611,9900,9900,130
29451,69,87,493
191495,42999,46297,16897
192683,100,174,108
3731,2305,5500,1876
62655,97,1190,201
204835,1500,1598,28
77543,16000,16100,54
173039,1500,1500,33
17119,3,6500,164
2595,75,100,862
2455,25,97,131
204623,2000000,2299900,66
64395,18999,19094,89
171831,277,322,24392
130175,300,399,769
161347,7700,7700,167
62435,195,200,99
194035,1900,1999,498
172051,13,13,839
191399,2090,2490,308
139311,44719,65000,117
129099,300001,300001,14
198507,1045,1455,413
168315,85000,85000,521
197771,70,113,60021
38887,24808,48444,5
108323,75,500,2565
192967,79799,80200,1085
20871,77,2427,151
128499,2000,19900,853
76891,5094,5097,30
190395,98,148,167970
81195,23800,25000,25
205471,200,297,15
38863,7152,94888,52
40111,12100,12200,55
152615,8976,15455,1043
19767,25494,25495,1055
22871,625,625,1044
197759,95,100,420
38967,1571,1595,72
3771,1,6500,174
52575,60000,500000,19
172411,500,1048,104
200043,505,506,774
200843,3000,4500,24
192955,81798,82700,1477
83763,11360,11365,67
36907,750,1400,8414
3355,449,600,4627
25699,750,900,2010
34751,23,203,480
127839,1900,3000,457
83007,1270,4045,138
172903,360,360,206
152543,75,500,8094
43123,1199,1250,2277
108343,45,200,10912
191383,22221,22351,56333
39683,15400,16827,513
44463,1899,1951,22
43571,271,50000,1195
58087,15088,15088,2017
168487,900,969,21575
7307,939,1000,636
198431,7920,8064,234
40771,10099,10099,257
171203,29988,29989,84
27503,20,78,245
27935,325,333,26
117475,250000,250000,80
1475,1297,2347,524
87647,750,750,27
178219,499,6500,117
139175,3495,9899,2106
41447,175,200,17
173043,55,108,376
112463,232,233,1720
76887,11090,11091,37
160711,190,190,6398
4607,4,6500,216
191327,9000,13100,265
139315,45900,48440,158
13759,595,7575,1548
53067,3438,4045,1269
34747,100,249,237
200871,2200,3200,105
191395,2400,2800,11315
192979,10900,10900,1185
89683,140,6500,152
205699,195,399,151
32715,30000,33400,69
133571,29,32,432
63291,120,5500,338
195455,300,300,348
38827,435,1394,265
39563,666,666,20
15419,6096,15997,2303
21215,98,6500,135
199975,9900,10000,71
62251,1200,1300,125
193951,175,181,2556
159827,20,100,735
194071,4000,4000,128
24511,20,25,173
160560,60000,97500,18
44776,50086,50086,27
36916,1799,2950,49992
41604,25368,80000,27
39552,236600,236600,5
200680,2375,2375,53
32728,30000,30000,14
52244,4499,4587,26
61980,300,3100,3952
21592,3001,3398,96
158844,7500,449900,5
151388,40000,50000,5
200052,791600,791700,88
44078,45067,169830,3
23946,24816,24816,14
40214,28018,500019,34
45978,495000,497500,6
140206,77700,77700,41
62278,354919,777700,3
153570,334,5034,22
74719,84,97,91
74643,135,250,660
200615,1125,1506,30
4235,8399,19975,3571
174327,89,206,9724
29547,7001,12101,12117
35315,29016,29016,10
39671,280,652,577
21151,7,12,330
35947,10,80,555
62671,955,959,938
34055,68,176,373888
178227,43,6500,187
198239,1300,1500,135
88487,1283,1600,163
192927,40000,40000,161
723,48,50,4241
191515,3998,4998,1449
194795,3700,12000,1295
138875,125,243,402
192975,100,10099,6060
7099,1900,1900,41
173871,80,104,129
198191,2371,2372,15473
205875,20000,35000,16
6303,10,2100,4718
72163,3481,3481,2629
172363,173,1500,331
85583,940,1069,1183
169299,4899,4900,2184
37091,189,500000,141
200035,1500,4000,12410
41803,1100,1320,2666
5467,1489,1500,2585
47831,4000,4590,25
2799,7,6500,4946
199947,600,1000,493
200575,1500,19900,309
25451,50,50,126
39915,290,290,26
116923,400,400,210
27515,19000,33333,594
77467,960,960,5216
62667,557,999,570
52191,3400,4500,176
31671,90,5000,2650
199939,68000,68000,119
198415,4989,5044,1867
158839,250,388,177
5479,70,88,243
199971,109900,140000,158
4539,198,7000,142
38871,80000,2000000,977
13447,1788,1900,357
153615,900,1200,20
21991,76,1018,3005
19283,2500,8000,43
192611,59,60,5011
194823,3790,3799,37319
173051,8020,11659,50
205411,99982,99986,80
136375,120000,120000,62
63127,5600,75000,2129
193559,565,900,306
3179,40000,40000,9
76623,37482,37483,9
56047,299,299,94
2771,247,300,6968
194575,6766,7097,3568
74851,934,935,861
19183,41,44,4763
168191,395,400,1030
18223,123,224,49
9187,7500,7500,213
168959,5099,12599,24
93351,300,897,80
128559,2799,2799,71
192899,1847,1847,2725
108299,7000,19900,750
153439,75,1462,706
160059,22,22,13397
40199,300,490,1963
72095,3900,4275,21743
38971,155,311,25
198307,3441,19900,136
29539,10000,29850,2669
203419,29995,60067,1153
45979,19962,19962,7
52843,37404,120050,1672
39211,100,100,293
172439,438,450,3970
128539,787,1087,52
3823,770,813,848
193935,89998,89998,69
22203,19067,19067,1125
153443,5312,14004,59
127843,448,1019,220
27439,69,80,9521
179295,7500,7500,41
44467,7815,7816,57
109119,345,352,38340
43119,439,440,4144
5527,3,14,1340
116271,1215,2000,1755
193555,596999,598000,408
127759,233,299,8704
74247,30,329,99719
169451,1400,1400,3382
39339,2099,2200,1234
127847,2296,2428,462
4599,50,99,598
200015,39000,42642,94
5631,1457,1457,231
139503,136,200,953
138975,2000,2000,102
200047,98598,98598,560
199051,20098,25057,83
8343,17,40,6905
19275,7500,12222,18
13455,750,750,59
194791,3600,25000,1617
168215,600,845,4393
8831,500,1586,6150
11415,99,6500,152
22795,295,340,176
154707,203,677,771
24479,11880,39980,3058
168791,4950,5011,122
52327,990,1150,33898
5427,175000,175000,9
179283,50027,50027,3
81403,38,49,283
38776,29,29,77
108356,1500,19900,401
128732,799900,799900,9
54628,60028,189357,13
79312,33251,34279,9
21716,1599,1599,93
173912,777000,777000,2
128312,500000,500000,9
45882,59971,92571,9
44314,2026,2026,35
178114,146,146,47
19726,279872260,279872260,7
193226,35000,37368,188
163896,180000,180000,6
20528,200,566,9
52108,352,352,6
5048,2000,2000,19
12224,1998,7000,20
180055,500,1800,1047
52083,1175,1175,19
158771,42,42,127
82443,249,249,77
62519,55,55,85
2251,154,154,5433
76683,288,600,44
81415,65,640,413
197783,696,1365,18515
198247,4400,5000,660
111663,3,118,2826
109135,55,16800,2719
155631,2400,3500,334
159899,100,150,586
158855,1375,180000,9
42779,27500,27500,69
41167,2999,3900,58
20875,70,70,522
124671,9500,9900,8829
52223,1161,1163,10
76095,166,200,440
198219,1098,1100,1575
139783,1997,1997,22
27671,115,357,2046
173163,12400,12500,328
128843,45,48,417
111603,40,78,2190
174891,9215,9800,12
6951,500000,500000,2
38955,181,211,167
173103,7595,15873,34
8151,199,200,303
41119,4500,10000,1454
44575,100,100,334
191499,15094,15094,160
12655,877,899,1973
204827,10000,10000,59
153607,2000,3099,25
198315,249999,249999,41
67511,230,249,40
193963,380,380,8849
199935,500,503,147
197787,454,1500,7545
19299,11,6500,249
130203,1000,1000,31
172367,570,11100,322
23979,42069,245984,4
15871,100,551,51
82343,558,6500,138
194735,1949,2653,55
163223,290,4499,589
45199,500,449900,19
129019,44897,55500,174
128543,7500,8243,180
44947,1371,1371,52
79251,64,107,28911
192723,2175,2175,19
159787,5500,5800,27
23559,90,90,177
9179,1233,1943,291
200099,2200,2200,423
24291,422,444,283
62275,49,50,146
5635,300,5500,2655
15407,779,1140,3116
132199,295,295,225
41731,65,6500,124
100735,100000,195000,6
139271,47866,47868,137
68687,4775,6500,113
38303,54,54,387
69243,400,6500,67
128551,23100,23343,89
203763,999,8005,1322
173759,14850,15000,269
74863,582,605,1978
194855,4200,4539,10538
198255,150000,169897,82
25411,900,990,96
172935,40,100,13960
141527,224,225,258
158859,50,110,304
201315,499,750,101
176875,349900,349900,10
113263,55,295,27623
168303,9,11,8755
44315,419,565,108
205871,1900,2100,25
179271,2000,2499,406
12803,3600,8100,5480
183951,375,19900,794
52303,24500,25000,163
140587,940,940,690
17407,1206,7000,38
199943,578,700,515
52219,2575,2575,17
43695,305,6500,71
163643,100000,100000,20
192663,450,450,13
159471,75,90,64
194683,223,245,2244
11407,50,2400,88
167539,999,6500,167
162027,10000,65000,133
163783,2562,2562,119
68731,400000,400000,11
60491,500,500,19
137267,44533,55000,130
38931,620,1069,34
52783,6970,8855,18
87883,987,2780,320
162563,6500,6500,100
142335,6,22,36534
76651,5373,5373,6
21747,396,500,1316
783,780,8950,4105
200007,2520,2700,104
204567,44400,144400,232
110631,80,90,61
74651,125,1891,562
39151,794,800,13550
171267,81,500,3820
44327,969,969,43
172059,149,184,7246
198311,10000,20000,261
18567,495,495,5856
179273,24717,249858,4
53049,100,100,225
101749,10000,10000,14
205241,10000,300000,99
86073,1500,1506,187
138973,1500,88800,49
6457,199,199,26
128725,340061,340061,6
30457,4565,250000,11
67289,100000,100000,12
39569,50,264,20
120329,100000,274950,2
18045,6500,6500,103
76533,150,150,79
69841,90000,90000,10
23333,1599,1599,16
63337,777700,777700,5
23965,2200,449900,13
38937,145,202,34
83065,499900,499950,4
54625,500000,500000,3
113277,889267,889267,8
23109,10196,255098,2
183733,498857,498857,10
184345,9999993,9999993,6
31945,60000,99500,5
22797,79860,79860,42
41497,200000,499897,8
198401,9800,10000,82
204845,999,999,198
67257,777700,777700,4
52113,2963,3063,8
194817,3000,3299,744
158863,100,119,213
28459,2861,6876,618
197779,298,1350,20163
25679,149,149,76
45191,100,100,35
100739,977,977,300
154167,1200,2000,500
4363,219,180000,11
7911,495,500,9271
110639,1924,2000,52
68047,9300,9300,18
4359,249,279,1531
12811,53900,97400,3506
27659,500,570,318
192703,2099,2100,16
62527,449900,449900,11
173059,85,200,24062
19223,48,305,270
56035,2080,2080,26
52775,6602,6678,45
6299,498,6500,107
153635,12,15,26998
172419,461,490,376
200011,60000,60000,33
63251,297,6500,194
132231,22,22,287
198503,5000,19077,138
52291,17217,17390,23
192903,600,800,118
67403,1495,1499,38
67319,4998,4999,15
191367,488,1999,3244
111455,13,13,1190
115511,10000,10000,21
56503,4090,4595,61
42931,108,332,110
118711,498,498,616
79255,1160,1500,7336
102351,1451,1969,686
38835,494,494,6
160399,65,98,8217
188791,6901,6936,8
192727,2284,2284,36
194803,5000,10200,1042
205039,1650000,1900000,351
182459,1000,1000,29
12435,4500,449900,112
191511,3055,3171,168
57063,6767,6835,36
38943,149988,150000,52
108979,125,125,78
192907,465,474,90
52151,28000,28000,1
128995,108900,500000,23
8167,425,465,4627
36927,2408,4500,548
76131,1200,1510,2253
2863,65,300,199
38811,100,592,15
69839,9900,12500,8
172359,33,4497,1418
198299,1100,3000,220
105723,30000,30000,7
200787,2500,2900,347
161383,247,247,251
155635,25,66,108
52759,498,498,76
128847,1471,1485,110
198403,1399,1799,10080
166583,39970,39970,156
21887,629,770,22884
200819,35000,35000,395
2683,77,77,223
38431,6500,6500,65
67507,200,737,93
127835,145,250,259
79295,143227,143227,3
27499,70,1488,46
43491,899,911,250
34759,1494,1599,96
139435,46500,46500,217
176871,200,500000,61
3927,24,25,2913
22787,350,411,5692
76527,364,365,36
153711,251,251,328
28467,23444,23546,713
159867,50,70,240
176807,135,135,34
115815,36575,343200,24
58091,554,888,459
11291,34,59,11044
192935,85291,85597,959
25443,20000,20000,14
39955,899,2500,63
122347,25,7000,176
76595,24874,24874,46
118899,400,400,40
116810,200,99900,85
24066,400,500,32
151610,2880,29900,63
39982,500000,500000,3
21546,1160955,1160955,9
192946,400051,400051,9
76734,941,49999,12360
179310,11200,11410,15
13458,2500,2500,45
16040,49903,49903,74
60268,31500,31500,50
38960,497,497,33
140340,77700,77700,21
76504,147,149,52
76672,909,1036,107
38788,504,505,28
63024,449900,449900,8
38993,535,535,37
39501,112809,112809,28
191357,25633,25633,31
62657,6435,6435,67
152549,2000,19900,305
31673,357,6500,209
21569,44990,44990,26
52217,14997,294800,13
90557,9544315,9544316,5
186725,130,130,1611
40017,6500,6500,8
24517,220090,299990,11
176877,290,336,54
1251,10,254,1744
2679,14,29,903
176879,24000,24000,7
108351,24000,24000,85
193551,299,400,3855
201163,4890,4900,21
41807,5995,19900,947
1179,68,100,1170
32079,300000,300000,4
197735,220050,245000,1078
13463,490,5550,4651
13423,233,298,1987
35759,2902,2902,446
153667,294,6691,86
168795,288,289,19
41375,2828,4038,87
163155,4000,4000,149
77531,299,438,56
13159,255,2199,217
38939,27564,27567,72
76667,2199,2199,25
74715,474,474,50
40067,1888,95271,52
42995,800,800,75
201311,783,1990,31
76607,25060,25061,5
152511,93,265,108916
37143,3898,4998,86
41483,40315,47585,16
178127,120,120,63
97619,119,119,2053
39983,310,310,78
133579,14999,16500,161
40079,114,1214,152
53643,700,824,2211
187831,74099,74099,193
46003,9000,10662,14
115807,1317,1500,195
122343,67,713,207
153251,550000,895000,37
2675,45,5500,7273
201415,442,442,217
136551,2074,4574,97
40143,2498,2498,62
6811,5000,5000,20
163919,4978729,4978729,1
52139,12840,12840,5
104127,982,2384,303
74707,200,150000,67
194567,674,1800,3368
109991,300,360,3203
52767,489,495,51
153031,43995,65000,119
10307,2871,2871,394
63691,50079,95879,98
178135,55000,82500,21
78883,20999,21299,476
1707,2,6,525
155811,425,6500,221
39351,9500,13972,11
787,8,8,576
3383,900,900,328
23571,129900,129900,1076
76507,128,128,13
52119,12782,12782,5
4611,19001,19001,186
31887,900,900,138
173071,55522,56022,8
7071,420,19900,622
198259,50000,50000,23
46703,400000,500000,12
205467,2190,2200,32
61979,1000,19900,3141
130183,299,500,173
128835,199,6500,100
35563,3,4,1022
180411,500,18019,23
38375,77,77,83
152639,7716,90000,324
33631,100,100,207
24039,1516,1518,11
4603,1099,1100,4929
4395,863,2420,31
128983,9800,9900,19
194811,5900,29999,348
4391,24400,24500,28
35623,2900,3400,4463
113355,405,415,86212
89679,11500,11500,44
200451,300,301709,3
52763,188,189,39
35951,8,200,368
27932,449900,449900,4
57064,95600,95600,8
35836,40000,40000,4
41444,1045,1055,27
128724,899000,5419878,10
71864,23642,23642,26
732,75000,75000,1
204568,90000,100000,15
173908,12500,24256,20
24030,6742,6742,15
128998,83900,83900,52
38774,194,218,63
21990,224,225,882
9210,10500,10500,150
25446,777698,777698,5
52134,180289,180289,59
141318,19378,19379,139
76893,4400,4500,47
3713,500000,500000,30
22845,3000,3000,13
40025,3900,3900,3
74661,4900,9801,495
38961,75,75,50
41389,6495,10710,12
200681,15000,19998,136
40001,4411,4511,121
58487,6050,20000,128
20535,900,1200,85
24275,21506,21506,28
158867,144,144,36
44963,4950,5000,97
52751,889,889,44
31915,899,900,196
2687,11,99,897
119099,70050,72499,14
76539,125,72525,26
140351,1101,1101,132
34907,200,300000,30
188683,29011,29011,25
109123,100,127,1744
132223,200,265,51
32667,5784,36176,585
11939,313,314,54
140567,27686,60536,18
38799,100,100,42
38951,52,54,57
19703,1999,99900,1575
2775,1745,2100,1949
198295,150096,150097,10
87579,200,200,304
183599,59999,70099,15
199055,992,7500,2252
185483,820000,899000,5
81411,586,7000,200
38787,75,309,237
162555,349,399,672
13459,10831,28708,33
128547,22013,22015,47
114931,400,484,130621
13927,6500,6500,27
37603,918,918,19
194807,4600,8377,629
198203,7350,7350,8344
35627,3175,3500,2507
6471,300,19900,449
22847,14999,14999,29
39927,300,2867,23
188827,19900,19900,374
160483,53,6500,245
138979,225,225,912
60395,175,175,124
41495,3300,3300,11
76615,6999,6999,46
74655,5710,5711,133
190235,495000,495000,41
198495,3098,3099,114
52211,4999,5291,59
194827,284051,284051,28
44619,4044,4142,97
168499,3812,3812,650
11387,300000,300000,7
38783,124,124,38
52295,10192,10292,15
29559,345,345,18
177659,94,95,77
87559,1490,10000,120
158823,8389,200089,36
12735,100,100,34
71865,35254,35254,29
3685,65,96,37146
71881,299987,299987,109
162565,46600,46600,130
62013,21050,21050,4
200856,499999,499999,43
52116,3623,3623,4
39920,2371808,2371808,2
76608,25035,25035,5
2740,73556,73556,5
74832,1218,19900,655
62001,74700,500000,17
24065,1700,1700,14
52293,137504,137504,12
193029,2524,2724,247
198213,2000,2900,140
52221,5705,5706,14
79257,18000,18000,215
134053,400000,424950,2
3745,225034,225034,7
74721,417,418,54
3531,12,202,2271
2515,588,588,9012
108307,4020,4022,666
39691,48,3294,190
71819,87037,87037,33
52771,2251,2253,31
9335,524,524,80
20859,31,33,806
200791,4900,7400,307
23783,2523,2523,8568
38959,600,1467,7
52231,1570,1571,7
168447,12978,12979,146
201219,3945,3945,11
38991,1228,1230,24
25719,2500,2500,54948
6947,169,169,59
158831,600,799,74
5503,92,98,4670
4399,116,120,4549
18227,80000,80000,27
76567,200,238,6
44815,2088,2530,45
43851,12,71,328
79307,999900,999900,9
39567,150,200,47
198419,450,618,20118
42431,416,2500,202
158203,600,800,48
33451,2498,9857,177
204823,1300001,1400001,21
71883,490001,490001,70
4387,1542,1972,364
112283,99900,145816,16
173123,1200,1200,212
62011,388000,388000,6
124119,245,3300,4393
176863,777700,777700,3
113911,402886,402886,9
58275,200,6500,161
63299,2200,265000,15
190535,134800,134900,1448
152099,1000,1000,16
28103,643,1999,1168
162551,2029,6500,161
52095,41100,41115,16
151579,449,499,92
40035,51,6500,164
38847,100,152500,37
7067,390,7788,3416
83095,1000,6500,145
169135,94,95,6209
62675,45,3375,214
52179,1760,12400,2471
53051,174,174,264
44267,370051,370051,6
23771,554,1079,623
152503,550,1469,506
166343,900,900,705
163563,3500,3800,23
176867,199,199,20
176859,500,1000,163
194819,1546,1612,28134
13931,6500,6500,115
41511,635,750,8737
137239,25000,65000,123
56198,5062,5462,16
44154,750,3523,62
20418,400000,500000,8
41446,650934,650934,4
193438,449900,500000,3
38978,3890,31722,10
30478,37500,70000,10
153434,518,698,79
39978,999,1022,53
44282,62754,62755,7
41474,500000,500000,2
130201,1000,1000,44
192701,2067,2067,13
40113,9900,9900,96
39685,999999999,999999999,1
182713,3750,4700,9
32409,95946,95946,14
44453,746,747,39
172049,13,113,304
52777,1400,2052,32
163388,4000,4000,101
3340,10099,10099,40
201724,611716,611716,3
37160,7999,25000,77
24048,3797,3797,8
198223,2372,2372,793
178107,10000,10000,7
102543,76,76,1079
193959,1200,1200,3580
116979,3,4,1759
116407,6500,6900,14
201419,1670,6500,69
188671,150000,200000,40
17303,500,681,180
115803,154,155,163
136567,94,6500,150
44739,350,350,162
200851,300029,300029,21
43647,1000,1100,134
71859,28024,28024,37
76599,2090,6824,9
38791,104,270,17
186975,100,100,425
23119,459,469,68
105711,24899,24899,40
42751,3099,6500,235
163855,150000,180000,18
3663,55,6500,212
52987,590,594,2601
168639,800,800,470
13443,200,5500,152
3775,6614,6614,45
90659,22642,500000,9
40147,4991,4992,37
62451,10000,123100,16
34763,650,698,167
41339,1710,1710,61
19259,37000,74999,13
13363,506,50000,24
38987,125,299,27
174351,275,280,455
76555,150,150,96
40039,1330,1330,24
22451,35095,59900,2610
30155,20,6500,159
205695,449900,449900,3
76643,1500,50916,10
74647,895,1003,70
44291,49950,49950,12
132515,9900,9993,125
3299,30,170,120
90047,395,400,9
151391,30000,30000,32
136555,3195361,3195361,13
29571,20000,100000,43
111671,50,500,2203
40919,1494,1500,584
53039,18566,24000,718
98111,19,6500,180
32203,454,454,619
18255,1000,6500,125
36923,685,700,1147
33639,300000,300000,5
152559,750,1999,962
23978,500000,500000,3
13510,67999,77766,94
23766,899633,899633,17
108978,115,115,42
30466,1389,449900,5
62010,54000,54000,6
71870,34048,34049,62
127765,994502,994502,5
34753,1699,1800,243
168653,18000,39999,939
179269,1155850,1155850,18
63313,17500,236600,6
178541,1824999,1824999,7
52761,10500,10500,21
38973,1990,1990,180
3033,2000,2000,8
76521,226,226,25
120333,100000,250000,5
176885,50000,474950,4
43233,115280,115280,21
29573,5569394,5569394,11
162681,38700,38700,6
172413,245,699,84
76573,25066,25066,33
18285,909,909,24
138285,6500,6500,98
163157,4000,4000,80
56237,300001,374950,2
7101,194,236600,11
20541,100,100,8
21593,4801,5001,6
34757,401,401,25
38792,93,93,26
163580,777700,777700,2
38932,2100,1001050,4
141640,5111,5111,52
33092,7018,7018,33
24368,9024,18124,308
153632,1200,99900,17
204312,10050,65000,15
730,12000001,12000001,1
205014,3300051,3300051,3
13506,5000,5000,96
122346,515,515,237
53063,250,19900,1022
192675,100,80090,113
21223,115,125,244
128851,52550,200049,26
158927,800,15000,43
44571,279,6500,239
6291,40,2100,16173
43463,231,233,54
25467,44900,449900,11
4291,97,98,12892
114015,400,500,47
191943,99,106,1447
198175,125,1100,1841
74727,2999,168166,22
172043,4498,5299,2901
52123,8615,8615,243
63271,29042,180000,13
201047,196,197,512
21071,350,350,9919
62535,499900,499900,3
109155,925,972,219
74703,1447,1448,95
168635,3500,3500,719
62239,1390,1390,27
3727,500,3250,143
194799,4500,19999,291
79303,145000,145000,5
197851,475,487,95
192951,50000,50000,139
133575,13,13,985
27655,25,5500,375
45883,28928,29928,17
24231,400,50000,23
22827,3136,3167,183
8391,40000,49000,9
192963,70026,82026,35
24035,2626,2652,23
76619,79999,100092,24
41611,14895,31722,70
16023,9500,32476,7
22839,14503,14649,25
19271,953,953,46
183955,888,1800,2057
76543,154,154,57
52127,9000,9000,1
163107,400,600,128
29395,4376,6500,209
27635,210,6500,189
205235,4500,6000,32
25427,411,50000,18
198291,140000,140068,11
19279,25000,53915,10
5051,226,4326,244
4375,800,3026,2491
189155,300097,300098,150
71863,89999,89999,26
5075,155,300,140
40139,14394,14394,24
63307,3090,207719,48
41432,500,500,5
188760,3890,3890,20
90660,2124240,2124240,5
28420,4116,4116,32
18944,5099,5099,33
58276,42400,42400,146
18224,107,412,234
40116,9971,9971,36
130264,1095,1095,14
39502,939964,939964,14
87806,2000,2000,6
1686,19580,500000,5
185910,99499,99500,41
19774,500084,500084,12
76530,150,150,51
38790,87,87,54
54442,999,1000,337
163902,150000,180000,16
37101,449900,449900,87
175069,2500,2500,89
11385,10060,38860,46
43361,777700,777700,2
41481,84899,84899,4
136553,47500,475000,11
200765,24800,24800,12
60377,499,499,462
22373,430000,449900,15
24521,1250,1250,28
4581,1557,1557,27
163061,6500,6500,81
38809,439,462,7
163641,5069,5069,36
23945,500000,500000,11
52205,4040,5291,18
90457,400000,400000,6
41533,19900000,19900000,4
13365,236600,236600,11
6453,930,6500,49
29561,500000,500000,2
8396,449800,449850,2
182756,777700,777700,2
44768,95,100,25
43328,199900,449900,3
140204,50000000,50000000,5
163156,4000,4000,140
4876,12013,449900,45
76536,522,723,102
160582,777698,777698,4
5370,599900,599900,2
44782,45000,45000,6
44754,449900,500000,3
71834,20047,20047,32
41466,999,2500,15
193391,170,170,33
177715,45,60,327
128763,30,30,254
80431,298,19900,1161
44455,892,1022,12
155607,1000,8540,23
76679,431,848,20
197847,712,712,167
15415,60054,74999,3258
36811,188,188,139
23827,18523,18523,49
31895,75076,75076,8
182119,999991,1000011,5
4587,100,100,92
23987,100,25067,16
204995,1500000,1500000,48
41455,5200,5200,7
24059,1000,1022,23
3387,7213,12778,45
158327,700,1400,42
6359,493,499,4603
188811,2207,2229,46
38851,79996,100231,24
176087,97,97,89
173075,30000,30000,42
61983,100,6500,211
171351,525,588,1590
23107,320,997,3150
105719,25020,25020,61
38935,96932,96933,21
4787,1060,170000,212
41751,300,404,580
52743,592,598,43
198487,99,99,75310
29799,350,350,27
57059,450000,450000,6
116147,999,999,1450
62323,6999,6999,903
116119,167,175,68
173099,23678,500000,59
44775,299900,300000,4
76087,290,756,397
194695,900,900,600
169449,293,293,351
203409,95000,95000,1254
9261,740000,750000,5
11417,2092,2092,18
2593,549,554,395
42961,489978,489978,3
52137,9756,10008,15
29577,37003390,37003390,11
52144,303863,303863,2
20848,10000,10000,10
56160,25000,25000,5
8392,1000001,1000001,3
25442,350000,500000,16
20450,125000001,125000001,1
28362,3898,3898,894
76510,1054,1055,37
117454,6750,6750,35
62006,39957,39957,18
39002,815,1407,20
40058,95000,95000,85
120270,5000,5000,8
5530,499999,499999,3
108362,5007,19900,72
158750,8000,75000,47
38901,1872,1874,25
67397,195,449900,30
140297,500000,500000,2
163606,189899,319899,4
23938,1500,1500,12
22838,2427,5999,1251
21574,12400,12400,133
52098,200,6240,27
31866,4970,4971,9
6950,725000,725000,2
65512,200000000,200000000,3
168812,500000,500000,5
23948,449900,500000,3
39992,500013,500013,1
180340,777700,1138850,2
41436,119023,120225,3
71880,299600,299600,8
19276,150000,230000,6
168789,500,2100,10
4365,1024,1024,143
156873,29999,413837,2
38853,387,2324,10
15409,70000,70000,39
76541,288,289,32
38797,300,300,59
43465,1047,500000,12
163637,1998,5099,85
71843,20000,23890,45
39947,779,837,56
171287,599,1266,3745
173859,562,563,546
112299,38014,122299,20
169663,2000,4002,149
27663,129,6500,185
38963,175,1273,21
76083,199,199,1302
199195,3000,9067,225
158775,90,99,309
38947,50042,50042,15
22447,95,95,17342
129287,21000,21000,18
151651,50000,50000,46
74659,200,353,933
41379,4938,4938,33
81407,6720,6720,291
33547,299,299,31
61995,200000,200000,3
76563,311,343,13
163391,4900,4900,29
32727,350000,449900,5
39219,150,150,68
38839,93,93,15
184391,400000,474950,18
132183,429,50000,20
38775,797,937,72
56151,50000,50000,6
18631,12720,12724,165
74919,25500,25500,103
163411,3427,4097,166
52207,19762,19762,85
38803,100,400,191
118015,6498,6499,40
38999,17232,17234,36
197795,7250,7500,633
23939,150,150,29
37567,4410,4500,385
172063,500,577,1143
71839,23531,23531,25
34758,500000,500000,5
52118,3487,3624,4
59594,40083,40084,13
24058,690,690,34
136598,777700,777700,2
172202,111111111,111111111,1
33562,500000,500000,3
158818,6076,6076,13
43126,475,9900,773
193030,1055,19900,206
101746,29822,29922,22
158817,25000,25000,4
52081,2999,4878,20
4541,134,6500,105
7073,500,65000,164
144397,11000000,11000000,6
46361,9500,10000,9
33629,800,800,9
24033,1584,1599,81
108345,18507,19900,437
159897,94204,94204,10
42908,262129775,262129775,15
166288,500000,500000,2
1697,150000,179900,36
114001,1500,1500,7
31941,100000,100000,19
23113,1899,2299,14
52174,100021,104367,4
192959,49900,60000,41
21571,1900,1950,54
57191,2603,3338,158
197751,65,65,40086
23111,622,622,34
35791,500000,500000,8
187887,65000,65000,110
192887,17444,21966,118
192711,2200,2200,23
109223,96,2048,3033
153623,12500,5000051,11
141215,245000,470000,96
10559,5000,19855,544
158811,70000,70000,7
194571,6099,19900,316
41603,2550,2550,24
44271,450098,450098,4
12431,109900,109900,35
58259,86,6500,159
90043,550,550,11
178131,88800,88800,9
38823,9090,10090,29
20847,180000,180000,24
176855,160,160,27
2735,100099,100099,11
90555,20000,20000,35
178787,12099,12099,1445
82451,6500,6500,103
159919,200,299,391
163691,194,194,43
44499,449985,449986,31
88491,1045,1056,342
23115,4362,4362,5
163843,99900,100000,11
28059,100,120,18
52115,1140,1140,10
54747,22200,46600,130
200855,831,6500,109
34207,5689,5689,55
204991,28998,28999,225
67323,27500,27500,13
25521,50000,50000,18
44089,115057,115057,3
39965,499,748,10
178900,15000088,15000088,5
113912,6600,7500,8
179004,20010,20010,7
54624,2809,2809,8
94536,500000,500000,3
68780,5969,5969,150
52172,14051,14051,2
2730,73599,74499,3
77546,2035,2036,35
52130,43013,43014,7
199974,40000,58299,134
71882,222031,222031,16
76574,1118312,1118312,10
30476,44444,449900,35
71376,180000,180000,5
41480,44384,44385,5
52248,6963,7965,13
43376,120000,284950,2
108354,9300,19900,305
200830,1600,1650,48
158838,1800,474950,4
128845,25058,25058,145
129001,50400,50599,69
76645,1800,1800,11
179013,11999500,11999500,6
130265,1020,474950,4
23841,800080,800080,1
55053,1194,50000,403
201729,1000038,1000038,2
76600,19990,19990,76
130268,498,498,22
38264,236600,343250,4
9356,49900,49900,3
62772,2308,2308,14
39940,783,783,24
52769,5773,8300,14
2745,53530,56430,5
25893,199902,199903,20
39957,501,502,25
32773,2500042,2500042,3
22785,150,3000,9896
179006,39500,349900,10
180410,350000,350000,5
163150,1000,1000,3457
12430,399901,399901,5
143634,3800019,3800019,5
191950,3205,5005,4042
39936,2558093,2558143,4
191376,1069,1069,1430
27500,914,914,19
40392,777700,777700,2
200616,5599,5599,583
115813,237594,237594,3
54833,40000,41391,17
32209,298,298,449
178125,2500,5000,8
184342,1000083,1000083,2
76650,99900,99900,6
158822,50000,400000,4
201182,99900,99900,11
39686,99900,9900000,3
178174,777700,777700,2
52230,15208,15208,40
192974,99,10507,1314
76695,162,1090,36
159847,28666,36397,96
71375,777700,777700,4
5095,400,7000,200
13851,19,6500,127
34839,3500,3500,7
153663,1974,10000,200
76895,4500,5000,41
173359,30000,34950,4
43015,14373,250000,73
171439,33,34,436
192671,185,185,47
179307,11818,11818,15
130219,6252,6500,51
76659,1599,1599,17
52243,12353,294800,14
25899,80838,80838,22
52111,13098,13099,22
3167,50,50,120
18635,153,6500,154
12359,180,599,93433
113111,89,539,7990
153603,800,1000,18
35799,10000,10000,55
200815,8000,10000,31
43127,2547,2547,1975
31903,700,900,96
108364,4878898,4878898,1
179020,24607,229155,4
162116,752843309,752843359,2
33856,10000,232374,4
169948,1500,1500,23
187829,59700,59700,61
42777,500000,500000,2
184049,189900,189900,3
192716,9599,10099,5
29560,195000,195000,9
108344,2650,19900,1016
180429,999999999,999999999,1
54469,500000,500000,3
27678,158,399,8497
105702,25000,25000,20
41452,345622,345622,3
200804,10000,10000,34
23576,59811,59811,24
54620,333468,333468,16
24516,35760,35760,25
20676,299,1700,4
162583,99900,448000,28
52103,10319,10319,34
22459,2500,5594,49
163387,100000,100000,281
188795,200099,399999,8
23331,1000,1000,19
18287,2098,2098,50
178535,495000,495000,10
111439,15,249,205
112279,14878,14978,17
187635,667,5000,1477
23055,1199800,1199800,5
74723,296,1070,46
159875,5907,5907,8
40135,13588,13588,34
117439,100,6500,256
4595,679,6500,166
17307,1960,20097,318
106875,149,149,39
35691,500,800,178
165755,355,999,167
108391,9200,9200,119
52175,3400,3400,12
39967,500,598,41
20527,200,453,6
23819,23024,23024,21
142103,99700,99700,54
128723,75098,274998,15
39959,184221,184221,18
178223,99900,265000,31
43395,120000,284950,2
162011,50000,80099,9
24507,3999,7489,10
22831,1495,4499,289
56201,69900,69900,15
81921,865,865,238
18225,44490,44490,6
76542,198,72599,58
113278,35000,49500,7
61998,134700,134700,4
56150,40000,40000,12
33630,229999,339949,4
44206,449900,449900,8
40142,10099,23160,68
76666,781,2415,13
62004,198000,198000,9
7964,71,99900,85
114836,1032,1032,172
32836,8999,20468,18
192968,100,12583,2080
128550,72498,80374,60
32686,509129,509129,69
40038,2504,2504,6
46390,449907,449908,4
101750,50000,50000,20
25466,449900,449900,2
113139,24500,24500,3
40167,666,766,12
163147,800,4000,225
192911,849,1221,1281
90551,2400,2400,14
3667,100,399,16828
81919,690,6500,208
172415,1199,2650,263
3575,620,825,5335
111675,213,225,1461
76583,212421,356208,4
169119,2000,88800,27
3239,990,400000,80
80587,6358,6927,215
44279,400051,450051,6
5263,44449,180000,28
56551,59194,59199,60
32423,1300,1300,369
76699,480,495,85
25651,15375,15378,153
153707,1511,489100,30
23103,404,405,42
32063,3025,3025,79
112115,1886,1886,62
195459,1900,1900,901
40155,16057,16057,48
3827,15,110,200
130215,199,199,100
11391,100,149,96
173079,9265,750000,36
179003,69030,500000,7
201319,99951,99951,1
180991,777700,777700,2
6051,595,595,9
779,200,200,20
1015,119,148,34684
191939,99,599,24333
187707,10000,50000,302
163094,4900,4900,8
200778,20000,100000,25
168956,10000,10000,19
45880,5000,500000,10
76588,19996,19996,6
67276,777700,777700,6
176884,500000,500000,3
187812,19900,30002,160
90548,76313,76313,5
77541,1185,2355,60
140201,77700,77700,20
41493,15968,15968,8
30813,125,180000,7
45901,475000,475000,5
140265,40040,40040,98
13511,63700,64999,156
71823,72800,72908,29
12607,4334,4834,13
44155,10099,11564,45
44759,38,99,97
54623,6300,6300,43
40051,6100,6300,33
115811,51196,343296,13
180343,480065,480065,1
38831,5978,5978,56
140187,199,6500,204
38903,212915,212916,32
108355,1000,19900,597
43235,3646303,3646303,9
200783,3060,3860,64
32223,1781,1781,501
67407,50,180000,16
152495,77,150,950
24519,994,225447,6
168755,240000,240000,12
140679,2000,2000,20
163019,140,6500,175
4406,4800,4900,103
76550,2916,2916,1
200814,22500,22500,59
173094,19949,500000,16
184682,2500,2500,67
18300,3232440,3232440,3
41368,180000,180000,6
23944,100000,449900,10
32852,299999,299999,23
89676,40852,40852,4
201180,2996,449900,3
49625,500,500,47
76597,35056,35056,3
37253,1000,1000,17
169118,99999,99999,33
22054,3959248,3959248,1
39203,800,1000,10
200827,48855,48855,37
58279,500000,500000,76
163695,1999,2000,477
62391,449900,449900,7
21595,5001,27499,8
163151,2008,2008,113
126935,9550,10000,93
132239,14411,37711,21
162575,9800,9830,89
79311,306178,306179,14
29111,2555512,2614262,4
70139,50087,148900,28
140299,500000,500000,3
52143,1500,499900,35
200775,9999,9999,26
71807,43939,100000,17
20963,997,1284,600
155907,10000,10000,23
56195,3000,57781,10
38427,6500,250000,5
198283,9100,9100,218
6455,6079,6079,172
4367,1287,1288,21
109219,400,449,1145
19227,80000,80000,4
93707,30694,30694,8
192691,10080,10080,27
140347,25,164,254
44755,400,10000,7
76675,349,349,11
174383,600016,600016,3
198500,500000,500000,1
67256,777700,777700,2
41456,500000,500000,4
29412,5093,5093,180
130247,123800,123999,90
41163,15000,16998,989
163103,422,6500,173
178115,777680,777690,3
39979,1483,1483,45
23079,940,2500,3608
162567,47500,47500,59
25463,1874,15075,2268
41499,111742,120152,9
163143,599,4000,91
52239,13000,13000,23
24403,444444,447172,6
6887,5993,6000,562
28123,6014,6014,173
38807,100,174,23
153435,77,966,42
38895,7761,7762,31
41479,16000,16000,31
198043,17200,17518,49
31899,30000,35000,9
104339,125,37587,140
38855,200,200,22
52147,9843,9843,4
28463,900,1000,806
20007,7000,7000,646
37663,75000,75000,1938
138983,7055,50090,11
20419,100000,100000,7
112291,100000,100000,8
10507,1099,1099,824
31883,10000,10000,15
32199,1469,1469,769
21227,17000,18000,19
68779,6435,6435,236
132219,500001,500001,17
3671,130,130,24
40163,25000,25000,2
25895,99900,99900,15
151583,7583,7756,149
172407,414,999,36
71831,32075,32075,9
183963,4998,9900,17
52163,1572,1572,8
62771,30000,330000,11
39975,1123,1124,18
13935,800,800,469
38899,2304,2305,43
104340,170277,170277,40
163140,4007,4007,361
179288,280000,290000,5
71856,149498,149549,40
20544,5000,227450,2
136560,138511,138511,7
180332,777700,777700,2
108360,14166,14166,159
3168,349890,449900,5
179022,4000099,4000099,9
76610,9140,9140,9
194570,17098,19900,442
10450,449900,449900,21
52298,10800,11000,42
128158,17442101,17442101,1
116811,900,99900,166
30475,220000,449099,21
138987,4000,4000,35
5135,100,300,37
142263,750,1500,201
200823,200057,200057,87
140355,150048,164749,16
38919,9962,9962,27
200803,12576,12576,23
189571,134447,336117,6
109147,575,4499,1166
158747,125,150,43
172091,680,218504,106
771,99,99,38
2519,6400,6400,3116
76575,20054,20054,5
40011,1200,1200,8
2725,73098,73299,6
71829,75717,75717,17
42461,489978,489978,3
165733,222273,500073,7
108349,1786486,1786486,8
76609,70000,90000,6
41489,1000,1000,11
66949,777700,777700,2
42973,777700,777700,2
187849,99000,99499,10
163100,300,475000,52
22840,2300,2475,67
34220,200000,200000,9
201316,4471,7771,94
136558,4836,4836,32
43378,120000,284950,2
32850,49996,49997,7
38883,8483,8484,24
39919,198,198,27
24243,500,870,431
128015,12924010,12924010,9
52099,3975,3976,7
129003,123800,123900,45
112275,359678,369976,10
128011,5014832,5014832,1
103795,461,461,23
76531,647,2097,27
20543,27300,27300,5
196583,1700,1700,316
192971,5058,10507,1241
173067,500000,1400000,14
193955,1194,1194,8378
139375,35500,35500,44
3391,1770,1975,5425
4875,100,180000,9
34411,499,500,458
52227,8945,8946,7
192731,400000,400000,4
59231,10000,10000,143
143635,410000,410000,9
187827,24908,25050,35
119095,27674,27674,13
56239,777700,777700,2
179019,500000,500000,3
62523,90,180000,15
24271,54000,99900,1852
52087,108,108,28
183823,360,360,227
43115,989,2123,293
80591,499,2000,97
52747,8861,13344,27
163581,449900,449900,2
813,500000,500000,5
79297,1000000,1000000,2
40053,171018,171018,2
46765,168,168,63
24272,20000,28492,255
156624,750002,750002,11
180624,270000,280000,47
193944,2346,19900,148
38908,1908,2740,28
1274,500000,500000,3
56054,310000,310000,8
180882,800030,800030,3
169446,600436,600436,5
44778,449900,449900,2
21031,6500,6500,102
4231,2581,7500,3150
43391,120000,284950,2
156627,15098,573286,18
44263,140959,140960,15
140631,1400,7000,132
19263,33927,50000,21
38767,20,25,42
45907,449900,449900,3
158743,252116,252116,4
198423,399,19900,32546
144307,1249,4197,35
79299,450000,450000,7
24027,3086,3086,81
136550,113715,113715,25
76078,560,560,290
52142,450000,450000,3
52238,1200,294800,16
24055,1255,1255,8
76547,5000,252500,2
33571,50000,249950,2
8067,3500,3500,1294
60379,1001,1001,1223
76587,20996,20996,13
194871,50000,50000,8
161127,1000,6500,41
12215,694,6500,199
115355,69,6500,134
151431,150000,150000,7
38867,20,20,100
120959,5031,5031,73
76691,1200,1250,27
154127,390,390,249
13460,1184685,1184685,2
128728,825000,825000,7
4872,400,449900,5
128991,60800,60875,34
173083,9900,9900,35
4407,750,799,59
62659,1500,1500,335
158795,399999,424949,2
41335,11800,12000,15
40127,5991,5991,4
163051,1100,6500,133
55975,100,100,62
16583,24999696,24999696,7
41475,264389,264389,9
79287,625064,625064,10
187191,500000,500000,1
19935,777700,777700,2
158759,1800,474950,4
76515,1458,1458,16
111651,1100,19900,688
8483,22500,22500,7
62783,75,399,5347
158781,700000,700000,3
52289,49998,49998,15
158749,777700,777700,2
38913,13084,13084,22
163137,4000,4000,101
52145,1202295,1202295,1
67405,47500,449900,13
163897,10000,50000,11
141213,3400,3400,13
20812,189211,189211,15
200824,3900,3900,25
104344,35000,35000,17
41476,499896,499897,7
169115,1500,475000,13
29563,25000,25000,66
54835,15750,15750,36
955,3651,500000,6
23383,100,100,21
193387,535,545,8
128735,399900,399900,2
54831,180000,180000,21
179015,6400029,6400029,2
44147,5000,9500,26
178551,2277,22477,25
169139,300,500,31
76687,545,2545,31
136563,6399420,6399420,1
43370,120000,284950,2
8394,90000,449800,3
21842,799,1026,1180
200850,292430,292430,6
191475,800,820,478237
128739,850055,850055,18
22835,5700,5700,395
11371,14900,17599,2036
52167,5086,5086,15
40087,500,123100,19
200807,225000,400000,36
40059,7018,7018,18
198303,400068,400069,18
178547,500000,500000,4
57067,489902,489902,2
92431,500000,500000,9
52155,43898,43899,7
138383,475,479,33
76639,3075,3200,49
52125,8061,8062,17
79313,99864,99864,5
141209,500000,500000,1
158836,500000,500000,3
40160,20021,20021,2
127716,2499904,2499904,3
200818,130000,130000,26
88154,180000,180000,6
182718,500,250250,6
74706,1,1,70
79286,234653,234653,2
11846,475000,475000,17
41395,8834,9298,25
35503,200065,200065,19
179023,446026,2222226,9
19975,146848,146848,10
117415,400000,450000,7
71847,20038,20038,36
167043,4000,4000,100
5115,87,97,65
20763,2178,2439,10
110635,300,500,43
39939,31800,31800,26
76647,265,265,28
36743,13000,13000,44
39207,99999,99999,7
76135,78,115,3437
167739,2000,2000,7
18283,283182,283182,10
201407,499,499,22
136556,6500,6500,29
180880,2533,2533,6
52156,204500,204500,7
192692,500000,500000,1
40216,67182,67182,49
52138,18362,18362,1
115814,36036,343200,12
127714,99900,99900,12
62018,330000,330000,4
5379,277777,277777,4
10647,100,715,3778
4623,100006,100006,1
163651,74900,74900,6
30511,250,500,9
18251,9241,9242,13
29535,243933,243933,30
162547,100019,100019,5
61999,32500,35000,11
184283,76795,76795,5
46023,67547,70047,7
163911,1012,50000,24
172451,9445,9540,63
38819,456,549,11
173875,187113,450000,9
112271,47878,48078,12
163707,531,599,62
20004,7027,7027,156
195360,1800,1800,17
191864,11000,11000,9
179292,499900,499900,2
22148,200006,200006,10
62016,289999,289999,2
191501,19998,19998,1892
25901,2564,7734,35
205239,777700,777700,3
30355,99900,99900,33
40055,4929,4929,111
33823,19900,99900,684
32839,147700,147700,17
32067,1484,1499,1268
56203,99900,449900,5
191351,537,738,508
40171,10200,10200,5
152867,300000,300000,5
153566,3300,3300,57
192937,107139,107139,1
13757,1275,2418,1116
44773,495000,497500,4
43653,500000,500000,8
74645,1979,1979,238
52020,30000,30000,800
132207,212598,212598,6
28363,6009,20009,185
74711,141,141,60
89675,150,150,92
40043,186000,186000,1
35287,8888825,8888825,19
20531,939,939,16
163407,1000,4000,85
43107,2495,2495,2182
38780,367,2696,2
184050,500000,500000,2
172502,449900,449900,2
41385,39999,39999,14
32717,275000,275000,4
39917,15017,15017,25
90556,49928,49928,5
2748,350056,399978,2
40028,6554,6554,1
92056,371414,371414,19
41478,500000,500000,2
93970,500000,500000,3
39350,2124827,2124827,9
34831,4098,4598,2
40215,10051,10051,37
112287,882,900,76
39911,499900,499900,1
17403,500000,500000,1
71820,49999,49999,40
143636,2000004,2000004,5
41396,1599,1599,11
180992,352200,352200,3
62370,500001,500001,13
13890,327382,327382,3
163898,499900,499900,2
44482,274,275,68
52158,182238,182238,7
200634,155576,199976,151
178539,214795,214795,35
176391,199,1213,25
187711,449900,449900,6
163207,3400,3400,64
153631,25000,44900,5
4867,1000,1000,19
2871,140,217,17
54627,1500,1500,12
38927,25000,25000,16
173171,1500,1500,1122
71867,31851,31852,32
44615,1999696,1999696,49
77547,999,1781,31
45879,5000000,5000000,4
39349,79900,86490,11
153133,499900,499900,7
128017,12550013,12550013,2
40153,12900,12900,42
43236,45000,50000,102
20420,500000,500000,7
37452,500000,500000,2
179272,475000,475000,1
105700,25020,25020,20
132182,500035,1250035,2
30510,125,125,15
45862,100074,100074,2
200812,50000,50000,5
63388,29100,29100,44
4596,500206,500206,1
87264,474998,474998,6
43231,229900,229900,36
41443,2178,2200,8
22823,4581,399999,35
38859,495,2000000,5
5431,10000,50000,20
198231,17598,19000,863
30815,150,150,28
128159,8968345,8968395,4
71837,73557,73557,17
36817,449899,449899,7
32725,37500,500000,17
192956,40000,40000,19
43388,120000,284950,2
163914,180000,180000,7
113142,449900,449900,7
41486,49800,49800,14
110627,1999910,1999910,1
62019,279498,279498,3
1175,476,449776,10
34767,16186,19817,37
23447,5190,5190,996
185739,777700,777700,4
112095,151324,151324,7
1687,100,474950,4
41451,2752684,2752684,12
153611,75000,75000,9
36789,500000,500000,3
105717,30020,30020,5
44777,777700,777700,4
133981,500000,500000,2
40168,4369,4369,71
76640,1899,1899,9
33866,5999,5999,27
180614,449900,449900,3
163110,4995,4995,4
49601,100001,100001,32
23769,47504,47504,5
9357,777700,777700,4
161314,2000,2000,21
29574,5899443,5899443,7
38779,100,626,9
52247,5022,5022,5
32599,50000,120064,11
39935,699,700,11
194723,399,600,31
112111,400000,400000,189
76544,723,723,19
177028,500000,500000,3
25408,777700,777700,2
172500,449900,449900,3
201185,500000,500000,1
198301,750000,750015,4
29564,495000,495000,8
144288,2953336,2953336,1
128016,999999999,999999999,18
155810,55534,55534,11
160942,148000,786500,2
52160,70000,70000,4
52164,9500,9500,1
176856,1000,500000,6
117471,6500,6500,75
71855,28648,28648,20
43987,2900,2900,25
128979,45222,105122,15
49627,500001,500001,3
62279,1060,2160,7
76635,26235,26500,18
38975,250,255,28
52235,8700,294800,25
136596,45000,45000,38
32228,120,200000,403
2732,78431,78432,3
88156,139900,294900,2
171278,24500,24500,209
40045,6855,6855,7
136573,1500000,1500000,1
101748,500000,500000,2
92432,500000,500000,1
158868,500000,500000,3
178108,500000,500000,6
74704,1799,2800,83
12432,444400,444400,8
59477,99999,99999,12
5369,444444,444444,3
198437,449000,449900,7
130202,500000,500000,14
201194,248811,349355,4
24051,1000,1000,24
162111,214982787,214982787,3
40091,4975,4975,4
113135,32550,35050,3
9355,180000,449900,5
154891,22,100,1013
60579,123100,123100,15
40095,26807,26807,4
52128,1500,1765,2
192906,300,536,21
169673,220000,300000,254
38829,1200000,2000000,12
139345,500000,500000,162
60488,380000,400000,6
41484,33961,33961,8
5480,4998,4998,25
43380,120000,284950,2
79288,67900,68950,4
76604,7082,7082,7
41450,63719101,63719101,2
62003,540000,550000,3
137643,258388,354144,2
23095,719,750,45
45987,500000,500000,3
183203,350000,474950,4
193379,19991,19993,2053
140203,1500000,1500000,4
21023,9290,9290,608
25867,35623,49092,818
162663,299900,299900,3
4479,500000,500000,2
52779,1633,1753,45
178538,244534,244534,5
158858,6300026,6300026,3
38430,9500,9500,27
31918,399800,399800,5
128018,658150,2499800,3
173878,500000,500000,2
147869,5000,25000,10
76613,61536,61536,4
38778,396,397,72
29579,41500,41500,18
101747,10000,10000,41
4655,19950,33333,164
8923,20000001,25000001,31
25447,6500,6500,23
76545,640,690,34
119213,28000,29000,18
5329,30000,253680,4
76605,165000,170000,3
39958,1456,1456,3
92058,50001,50001,1
42778,500013,500013,1
2742,99900,274900,2
63694,49999,49999,60
5118,495002,495002,3
180354,250,250,36
71851,29824,29924,34
38583,500000,500000,1
29567,275,275,28
38875,486,486,128
44087,20009,20009,1
180622,400000,400000,3
59478,417686,417686,9
92050,17817755,17817755,11
182710,499500,499750,4
204310,777700,1500000,3
140302,6969,6969,90
43321,1000000,1000000,2
162517,31079,31559,14
179285,208256,208256,9
76581,6414,6414,3
40085,841867,841867,2
11390,777700,777700,2
176887,33300,33300,3
52203,12575,12575,22
37467,180000,180000,10
169947,2019,2019,21
52299,10101,10201,14
2751,449898,449899,3
10839,14600,14600,6
76523,33763774,33763774,3
172147,777700,1138850,2
63025,180000,314950,4
92525,2619295,2619295,1
43121,4475,4500,795
118415,19112,19112,355
88155,57787,57787,8
25435,460,460,19
52215,7773,7773,10
12433,333300,333300,14
173093,98798,98798,53
85585,7050,7050,813
76671,1555,1555,53
31079,4999,6424,241
192923,30000,40000,38
34843,449900,449900,2
158819,80000,449900,5
176883,50000,50000,9
65509,777700,777700,3
28053,10000,10000,3611
188947,999900,999900,1
52091,2500,2500,98
200623,30000,474950,4
22851,5899,5899,27
44783,300000,374950,2
20679,600,700,7
108359,10323,10323,391
183207,12987,87324,9
187911,500000,500000,2
79283,99999,99999,3
76627,14800,15000,7
128713,173397,173397,5
41445,193290,193290,27
40041,3539,3740,15
1703,588260,588260,11
7967,1400,6996,111
193943,88800,250095,349
163395,4073,4073,290
2091,50000,2000000,25
4583,500000,500000,9
3703,6500,6500,135
4791,13232,250000,81
108347,20000,20000,71
36783,6800,6800,1480
120271,349900,349900,4
163639,50000,50000,8
184051,500000,500000,1
180475,449900,449900,2
147775,9595,100000,202
173095,3500027,4000027,5
182707,500000,500000,3
153619,500000,500000,8
76579,178487,178487,4
97623,302,402,977
163915,236500,236500,41
140275,1000,1350,107
54291,250089,250089,5
12003,100765855,100765855,1
7079,83,5500,5467
192695,449900,449900,4
5871,550096,550096,4
105703,25020,25020,20
17771,115099,238699,439
138295,50000,50000,4
159871,15001,265000,16
128743,250049,250049,16
194731,28310,500000,64
24067,2748,2749,10
180307,200000,200000,4
76591,6005,11096,4
105707,35020,35020,36
39951,300,387,12
144283,999900,999900,1
94535,500000,500000,1
25723,350000,350000,5
76551,719,720,8
36823,777700,777700,5
200107,450000,650000,3
3111,85500,85500,43
52135,13999,13999,7
1399,9023238,9023238,1
5363,99916,99916,7
28119,2019,394100,56
188779,24500,29000,6
38979,817,817,45
185479,1180,1180,13
180623,300000,300000,5
40003,3500,3500,2
5367,423200,436550,2
180883,777700,777700,3
182715,300,474950,4
71835,69603,69603,18
42915,500000,500000,1
193019,10000,500000,17
179267,44419,44419,29
5371,777700,777700,4
200767,28099,28099,28
9399,53201,53201,146
29575,5000,50000,13
178103,489900,489900,2
41435,918,927,16
39991,51063,51063,8
187211,500000,500000,1
21559,500000,500000,2
136547,400000,400000,26
112155,101514,101514,12
173091,40000,500000,25
76571,160663,160663,26
132531,18000000,20000000,3
174207,370000,370000,4
71871,27935,27935,24
43379,120000,284950,2
20435,5000000,5000000,2
5435,500000,500000,3
76603,44114,44114,26
127763,7125657,7125657,1
76511,118,418,61
200831,40000,40000,35
20843,500000,500000,10
204311,198000,200000,45
79291,500000,500000,1
62007,149900,149900,2
60375,500000,500000,3
40115,2100,2100,3
44779,500000,500000,4
140207,44400,77700,20
52339,4500000,4500000,1
107663,777700,777700,2
54619,777700,777700,9
59491,200000,200000,76
27443,500000,500000,3
205015,1375172,1375172,27
200847,500000,500000,1
52687,1255,99899,5
92527,23814726,23814726,1
92051,500001,500001,13
32851,204697,204697,10
187836,75000,75000,26
163399,299900,299900,39
4552,440000,449900,5
31896,1700,99976,17
71832,82885,82885,34
22375,499901,499901,20
204858,9215,9215,47
42749,19500000,19500000,1
49254,100001,100001,20
71817,38000,38000,12
38814,1510,1511,7
128498,29187,29187,10
52131,38605,38605,1
180510,777700,777700,4
23101,749,750,42
76576,150066,150066,2
76590,130000,130000,3
556,180000,180000,13
76614,550068,550068,1
76617,550066,550066,1
76593,499990,499990,3
76612,100000,325033,2
76611,199993,199994,8
76601,52631666,52631666,2
76631,5000,277500,2
182758,777700,777700,3
25894,271148,271148,14
180514,59299999,59299999,1
192953,297000,298500,4
76685,1976,1976,13
159750,19722916,19722916,5
39916,499798,499798,5
200059,85500,107025,1403
200053,296999,297000,464
6041,46856,46856,21
41502,39571,39571,9
43492,2498,7000,133
76546,647,3086,13
32211,26920,26920,174
40145,35031,35031,10
179026,300019,300019,1
199189,29999,150048,35
52122,4449,4449,4
22376,399999,399999,18
76535,647,647,4
79301,87328,87328,4
3131,85500,85500,179
28061,85500,85500,256
10513,755201,755201,5
76508,279,521,19
139398,123310,123310,1
182765,350000,399950,2
15997,42000,42000,6
179300,10000,30000,3
178923,5000,80000,5
35788,500000,500000,2
42966,500000,500000,2
158779,500000,500000,2
25431,500000,500000,5
10840,350000,399950,4
41453,20904,20904,1
198502,25051,25051,1050
19233,118498,118498,7
11942,500000,500000,6
23330,500000,500000,2
172017,100038,100038,112
173088,19700,750000,11
192950,49000,49000,6
56238,199000,199000,8
180338,500000,500000,2
44275,134506,134506,4
19230,30111,30111,4
19231,68213,150088,3
19270,5000,980000,4
31679,7725,8925,573
128992,180000,180000,13
110634,47991,47991,1
198496,13000,15095,1435
113273,19776,19776,3
200825,50096,50096,9
200764,1344,1344,48
115512,55131,55131,30
63347,100854048,100854048,1
178175,600,250300,4
55976,222200,222200,4
41437,2428,500013,6
32948,120045,120045,2
23977,500000,500000,2
54836,500000,500000,2
201428,19495,19560,519
2692,500001,500001,21
163917,449900,449900,5
1178,10000000,10000000,60
184394,500000,500000,2
128993,89973,89973,12
39527,300001,350001,2
27729,449900,449900,4
158856,449900,474950,2
134051,449900,474950,2
136597,500000,500000,2
13755,9900,9900,239
16747,500000,500000,3
178543,63850029,63850029,2
200811,5017,5017,1
44762,500000,500000,2
109122,50001,500000,6
116654,5081,100001,33
169662,2500,5002,261
65511,777700,777700,1
38586,777700,777700,1
43330,777700,777700,1
5433,777700,777700,1
39550,500000,500000,2
205697,777700,777700,1
182708,50000,413850,2
172503,777700,777700,1
36824,500000,500000,1
180886,777700,777700,1
143853,777700,777700,1
40391,777700,777700,1
54633,250000,250000,6
134049,500000,500000,2
36802,777700,777700,1
46391,449907,449907,2
179001,777700,777700,1
201177,99996,99996,4
185970,777700,777700,1
187348,777700,777700,1
167933,777700,777700,1
27656,777700,777700,1
130200,300034,300034,5
24404,449900,449900,3
153627,150075,7755575,3
163913,777700,777700,1
187594,777700,777700,1
20498,500000,500000,1
35314,500000,500000,1
162682,777700,777700,1
54634,500000,500000,1
38520,777700,777700,1
180384,777700,777700,1
42905,777700,777700,1
182774,777700,777700,4
88158,777700,777700,1
20542,449900,449900,1
88163,777700,777700,1
33867,500000,500000,1
40023,12000,12000,9
52208,5291,5291,23
38585,777700,777700,1
94645,449900,449900,1
42743,777700,777700,1
5741,777700,777700,1
43430,777700,777700,1
43368,449900,1725450,2
180885,777700,777700,1
5377,777700,777700,1
136574,777700,777700,1
65506,777700,777700,1
192665,449900,449900,1
182757,777700,777700,2
43826,777700,777700,1
45790,777700,777700,1
110844,777700,777700,1
132208,777700,777700,1
153630,42000,3383375,9
153626,7755575,7755575,2
179011,3000071,3000071,20
88157,449900,449900,1
36805,500000,500000,1
30467,777700,777700,1
19234,20000088,20000088,3
38273,777700,777700,1
180327,777700,777700,1
43397,777700,777700,1
41105,777700,777700,1
38263,777700,777700,1
42963,777700,777700,1
56159,777700,777700,1
3175,500000,500000,1
43399,500000,500000,2
43325,777700,777700,2
57071,753792,753792,1
192713,777700,777700,1
41552,777700,777700,1
44207,777700,777700,1
38269,777700,777700,1
15423,777700,777700,1
15422,777700,777700,1
23099,331,331,5
76509,560,72577,193
63327,449900,449900,1
128715,1577775,1577775,5
62529,777700,777700,1
116428,4200,50000,6
38274,777700,777700,1
179289,777700,777700,1
45760,777700,777700,1
38516,777700,777700,1
69955,777700,777700,1
11395,777700,777700,1
32470,449900,449900,1
39551,449900,449900,1
88164,777700,777700,1
1081,777700,777700,1
120332,777700,777700,1
110838,777700,777700,1
151387,777700,777700,1
63314,777700,777700,1
158815,777700,777700,1
68732,777700,777700,1
180890,777700,777700,1
120269,449900,449900,3
194122,9999901,9999901,8
43422,499900,499900,1
11402,777700,777700,1
162559,450000,450000,14
45758,777700,777700,1
128727,1577775,1577775,5
43548,777700,777700,1
66947,777700,777700,1
63312,180000,180000,4
33551,777700,777700,1
104051,777700,777700,1
42409,777700,777700,1
4459,500000,500000,3
92550,777700,777700,2
41106,500000,500000,1
43396,777700,777700,1
134048,777700,777700,1
182776,777700,777700,3
41101,777700,777700,1
110845,777700,777700,1
42396,777700,777700,1
36758,500000,638850,2
36797,777700,777700,1
42410,777700,777700,1
9186,777700,777700,1
893,777700,777700,1
104102,777700,777700,1
174209,777700,777700,1
179299,777700,777700,1
180329,777700,777700,1
45806,777700,777700,1
90561,75099,262499,2
5430,777700,777700,1
198505,20000,20000,154
104130,777700,777700,1
42454,777700,777700,1
180330,777700,777700,1
9358,777700,777700,3
42414,777700,777700,1
44764,777700,777700,1
45800,777700,777700,1
42404,777700,777700,1
42397,777700,777700,1
80584,777700,777700,1
110851,777700,777700,1
54819,777700,777700,1
104048,777700,777700,1
110803,777700,777700,1
147210,777700,777700,1
110825,777700,777700,1
45755,777700,777700,1
158758,777700,777700,3
163904,777700,777700,1
153567,449900,449900,2
42965,777700,777700,1
33550,777700,777700,1
43412,777700,777700,1
45799,777700,777700,1
87902,753030,753030,1
66918,777700,777700,1
81956,777700,777700,1
110824,777700,777700,1
110802,777700,777700,1
110821,777700,777700,1
40900,777700,777700,1
3108,777700,777700,1
110849,777700,777700,1
201220,777700,777700,3
43432,777700,777700,1
43549,500000,500000,2
43827,777700,777700,1
42407,777700,777700,1
104106,777700,777700,1
110864,777700,777700,1
43547,777700,777700,1
43343,777700,777700,1
110816,777700,777700,1
113992,798,900,478
136570,777700,777700,1
179294,777700,777700,1
43329,777200,777200,1
120330,349900,399900,2
41517,777700,777700,1
187197,777700,777700,1
23976,50000,50000,27
110836,777700,777700,1
45732,777700,777700,1
45601,777700,777700,1
50077,777700,777700,1
45731,777700,777700,1
43393,777700,777700,1
104109,777700,777700,1
43414,777700,777700,1
42465,399900,399900,4
60391,777700,777700,1
180326,777700,777700,1
43333,777700,777700,1
163903,777700,777700,1
182762,777700,777700,1
182764,777700,777700,1
184553,777700,777700,1
43671,777700,777700,1
44265,199800,199800,4
184340,1251143,1251143,1
23947,490001,490001,1
158826,2000,389850,2
25450,777700,777700,1
8173,36,500,39
33556,777700,777700,1
23949,449900,449900,1
36801,777700,777700,1
175962,75000,426350,2
62015,190000,190012,2
136572,777700,777700,1
179291,500000,500000,2
66948,777700,777700,1
52773,9793,12191,7
61994,1920088,1920088,1
13461,8487,8487,93
61991,250000,2100000,5
61990,1750000,1750000,1
201206,777700,777700,1
76559,1000,2698,14
187190,777700,777700,1
180383,777700,777700,1
28290,999999999,999999999,2
192725,777700,777700,1
79306,3640000,3640000,4
19937,500000,500000,2
200282,2500000,2500000,1
128850,500000,500000,1
205686,39300,39498,2689
134050,777700,777700,1
66950,777700,777700,1
63342,777700,777700,1
187192,777700,777700,1
173089,58700,58700,30
41092,777700,777700,1
110846,777700,777700,1
110818,777700,777700,1
101661,5026,5026,11
42399,777700,777700,1
5375,777700,777700,1
110848,777700,777700,1
44955,777700,777700,1
42964,777700,777700,1
66946,432198,441049,2
41518,777700,777700,1
110841,777700,777700,1
110839,777700,777700,1
43428,777700,777700,1
45757,777700,777700,1
42417,777700,777700,1
8068,777700,777700,1
110872,777700,777700,1
180519,777700,777700,1
162112,999999999,999999999,1
104107,777700,777700,1
158788,777700,777700,1
83107,777700,777700,1
11389,777700,777700,1
42968,777700,777700,1
188789,777700,777700,1
110822,777700,777700,1
50045,777700,777700,1
41537,777700,777700,1
32758,777700,777700,1
171348,777700,777700,1
110805,777700,777700,1
110843,777700,777700,1
179298,777700,777700,1
43381,777700,777700,1
40094,506941,506941,3
104131,777700,777700,1
104050,777700,777700,1
42412,777700,777700,1
76652,3056,3056,9
110847,777700,777700,1
45775,777700,777700,1
110835,777700,777700,1
76728,777700,777700,1
45602,777700,777700,1
45769,777700,777700,1
43537,777700,777700,1
43342,777700,777700,1
41532,777700,777700,1
42960,777700,777700,1
43550,777700,777700,1
63416,777700,777700,1
110842,777700,777700,1
110837,777700,777700,1
104135,777700,777700,1
45771,777700,777700,1
110840,777700,777700,1
45762,777700,777700,1
43869,777700,777700,1
183108,777700,777700,1
42403,777700,777700,1
41526,777700,777700,1
110806,777700,777700,1
110801,777700,777700,1
80585,777700,777700,1
104133,777700,777700,1
42957,777700,777700,1
43673,777700,777700,1
110807,777700,777700,1
180520,777700,777700,1
110852,777700,777700,1
44920,777700,777700,1
42974,777700,777700,1
43536,777700,777700,1
63539,777700,777700,1
136575,777700,777700,1
40921,777700,777700,1
43421,777700,777700,1
76519,170,170,8
104276,777700,777700,1
43417,777700,777700,1
42408,777700,777700,1
45604,777700,777700,1
104136,777700,777700,1
110819,777700,777700,1
42415,777700,777700,1
42453,777700,777700,1
42971,777700,777700,1
110854,777700,777700,1
43552,777700,777700,1
42405,777700,777700,1
45733,777700,777700,1
110853,777700,777700,1
104124,777700,777700,1
65505,777700,777700,1
20513,500000,500000,3
110800,777700,777700,1
33555,777700,777700,1
63321,449900,449900,1
7428,999999999,999999999,3
180341,777700,777700,1
25426,265,285,305
180517,777700,777700,1
180508,777700,777700,1
56190,777700,777700,1
177843,38582,38582,124
42996,500000,500000,3
201469,500000,500000,8
52102,519,519,6
40050,20427,20427,17
204971,2500,2500,29
105701,25020,25020,20
105705,25020,25020,20
52152,11398,11398,1
168624,10051,10051,24
105706,2520,25020,29
44750,100005,287502,2
173913,20000000,20000000,1
105722,50020,50020,5
104342,27520,27520,20
128721,75051,75051,1
173172,1500,1500,115
31885,408392,408392,1
173173,1400,1500,160
200619,99999,99999,5
128722,2000000,2000000,1
128714,399999,399999,5
128731,177730,177730,4
128733,399999,1040443,9
159879,88800,176900,18
200839,500000,500000,31
140298,500000,500000,1
92430,500000,500000,1
43000,500000,500000,1
23334,10001,10001,1
57065,500000,638850,2
39223,777700,777700,1
170491,180000,180000,2
132227,180000,180000,2
41378,1441100,1441100,1
35707,249800,249800,3
178216,123282,123282,6
144284,500000,500000,1
6949,500000,500000,13
198499,39999,39999,39
80313,500000,500000,4
38865,4107,4107,5
132197,9000000,9000000,1
180408,500000,500000,1
43415,500000,500000,1
43367,500000,500000,1
192684,500000,500000,1
27933,500000,500000,1
205238,500000,500000,1
41109,500000,500000,1
153134,500000,500000,1
35790,500000,500000,1
201468,500000,500000,1
23969,500000,500000,1
153219,12999901,12999901,1
77540,499999,999800,5
76549,151,151,12
5140,500000,500000,4
19282,20088,20088,12
112295,50051,500051,41
56477,638,638,14
36781,4004,4004,102
39907,9913,9913,1
23097,2499,2499,4
193956,700,7000,1033
198440,52631600,52631600,1
33825,42607,42607,20
18254,500000,500000,1
132211,500000,500000,1
42999,19908,19908,57
76569,1250,1250,2
76644,2300,2300,1
112276,500000,2750000,6
23120,1500,1500,10
142102,53985,53985,3
37159,17500,17500,4
19273,5588,5588,1
21927,7006,7006,2
44261,150000,150000,1
92052,22555401,22555401,10
110620,20295769,20295769,2
44273,50000,50000,3
66945,300040,300040,1
92049,21111101,21111101,9
182775,1491438,1491438,1
120331,434355,434355,2
33854,108628666,108628666,1
92055,21999701,21999701,11
37156,50000,2750099,8
163638,50063,50063,4
92054,31111201,31111201,10
92053,20555601,20555601,9
20878,1000000,1000000,217
52204,294800,294800,7
179275,2854743,2854743,2
19262,50000,50000,1
152717,3000,3000,8
17036,250462608,250462608,1
198265,28796,28796,2
4480,1101,1101,2
31889,376,376,6
169956,5216,5216,1
138980,15094,15094,1
171195,3051,3051,1
20879,5999,50065,241
52161,454595,454595,2
19278,1244,2499,11
112281,50051,50051,1
32068,5322,5322,3
33093,50076,50076,1
163709,6306717,6306717,5
4880,550000,550000,1
23782,4000,4000,7
31911,2500076,5799976,5
200571,12000009,12000009,1
41439,10013,10013,14
113274,12005,12005,1
44082,34509,34509,1
179287,15823057,15823057,1
39953,62175620,62175620,1
4265,2010,2010,28
11416,180000,180000,2
156526,23519,23519,40
172018,38,38,20
180344,1000065,1000065,1
76557,151,151,22
40013,117,117,54
204708,740076,740076,1
174983,5999060,5999060,1
