item_id,min_price,median,quantity
40039,850,1086,38
205459,187,199,71
179315,7,7,42124
194071,3799,3799,102
79011,43,52,30265
152511,98,199,83474
192651,190,199,366
127759,240,400,4727
14343,24,131,276280
68047,4872,4872,136
192855,2300,2709,106930
199967,4389,40000,479
111659,168,1100,1646
52327,889,1100,14609
152543,43,155,9930
38863,5000,9191,43
14047,21,30,231698
153051,4,96,106657
204311,3970,4000,88
54447,272,702,67
12207,43,15019,2628
22787,287,397,9221
36927,4250,8040,120
44331,797,18525,160
192627,64,64,716
12803,3523,5850,2420
193255,6430,9154,53088
76087,499,13525,447
202071,41,41,8018
21071,185,276,11824
198491,50,52,398
62779,40,94,2594
199051,4999,16997,110
190451,1100,1900,50868
19263,3900,3900,41
187823,11599,11599,13
38775,284,322,115
2519,5800,5900,3116
193895,400,1950,746
21215,160,160,285
193563,370,375,533
19271,750,750,62
199962,574,574,403
109222,60,10000,754
5122,49999,65099,15
198314,5501,5501,770
193950,81,95,1186
170554,465,8900,25988
112294,918,1500,35
68198,20,23,644
52326,1300,2599,53662
158378,40,395,88251
34054,88,185,856824
179314,7,7,27187
191394,489,1400,3434
191522,10687,11688,16308
198210,3899,6601,148
43386,2307,3869,519
19702,2500,98901,2259
171274,125,170,4480
197786,688,887,36323
52078,2100,5928,23375
39682,456,2595,2659
200042,800,900,4774
191374,4000,49998,5262
172362,102,4500,963
156930,315,369,14788
200614,500,505,318
141898,52499,55500,293
199190,24998,38000000,23
190326,1089,1405,106420
191318,965,1196,814
23446,500,639,13965
200814,10000,10000,94
76646,1622,1623,22
52718,297,300,11246
21842,350,474,17950
87234,505,505,347
41163,16000,17500,1150
76563,1005,1006,22
183823,79,80,292
7067,450,5530,6357
197779,175,1340,15685
21595,6999,6999,69
187887,85999,86000,209
198423,387,390,134275
112275,8492,8665,33
124107,18,2516,13269
52843,5000,100000,1161
178787,11349,11397,1378
199947,508,510,851
192615,63,94,41196
193223,3798,17589,80330
127843,208,491000,476
87559,1000,1185,84
200015,35000,57900,56
1711,4,37,346
112271,19900,20000,40
5363,90016,90016,5
36903,290,479,14047
197747,36,79,197384
192967,70000,78062,357
65511,777700,777700,1
198303,190099,190099,14
43463,74,250000,138
2675,25,2425,19190
192715,175,180,174
192635,61,61,1856
76683,157,660,15
133575,13,13,1460
153711,251,251,508
33447,188,825,446
187703,2093,2803,62578
3383,500,1000,161
35947,8,8,362
200507,283,584,26319
1251,30,30,2322
194567,257,19700,1228
87883,1066,1606,730
23079,100,2500,3843
186017,3140,3199,3552
19441,356,544,46365
10505,47,380,11711
168645,23,165,199983
76641,1000,1640,28
76621,23016,23017,4
189145,300000,369400,370
137249,27999,50000,196
154897,6,7,23593
2589,4,8,1290919
6657,1300,1300,118972
147777,849,849,468
25425,25000,25000,66
52757,150,198,65
38993,481,481,27
52181,2379,12550,3029
35949,99,99,817
64397,710000,2500000,840
60485,21,21,4295
187829,55000,57132,64
124661,100000,7000000,142
174353,1,82,240653
191393,155,850,5809
201405,18600,20000,19035
197793,835,2995,24032
194825,899,899,1699
37093,300,5020,124
191365,9312,9600,2174
76701,200,1273,38
193261,8,8,84586
204237,228,825,513
111557,77,239,103634
20869,200,500,103
43013,20,60,6780
34765,20,30,495
34753,299,500,303
154881,50,500,1579
109137,23,234,14607
192730,176,176,220
154898,7,7,17481
11018,401,450,547
72234,29,1135,17386
191382,3964,6600,202521
31670,57,862,2489
37702,650,650,9732
193922,71,78,247979
111446,34,34,1206
195462,729,7000,217
4874,100,198,151
133574,200,550,374
198218,800,1054,948
22202,144,1493,3633
178550,19,19,586
19222,1,350000,732
160298,8,38,57708
4542,39,39,917
27682,90,100,1431
1210,100,237,14261
137250,30097,55500,167
194814,6204,19000,567
62654,1400,466000,254
197742,25,29,223189
172094,10,260,398162
36926,99,795,5653
23426,33455,38000,5007
35622,3050,3690,4965
200002,505,505,274
60838,1350,1380,12426
20866,1400,1455,133
32218,1320,1320,307
171370,34,42,1516
192658,183,1000,5436
11382,85054,479800,2600
21546,123100,123100,41
193030,2049,2560,1734
53062,85,335,7687
22790,165,277,1180
190322,4738,4972,138230
814,44,45,1849
200634,133300,177700,135
32470,1195,1300,128
52182,1498,10077,4713
10646,500,500,70
130246,124497,124498,246
172054,7,10,43678
6470,50,1800,15648
190538,19950,19950,13069
193218,33494,122127,59292
118006,34,210,434
52214,12578,12578,11
10286,109,200,8031
152494,100,599,1974
128726,499000,499900,10
58262,10,270,236
76658,1849,1872,51
21882,28,100,13077
40078,1500,14505,343
179166,50000,60000,6
39006,2050,2362,488
76138,1500,1680,3298
187934,74900,79300,177
169674,110,200,682
35623,3268,4250,2601
194863,21999,27900,17458
45199,400,400,42
76651,2497,2499,21
198219,900,1016,1167
5467,441,1050,693
171315,696,1574,51692
194819,398,484,2797
2775,2250,2300,6265
193939,134697,155000,2502
13455,857,497000,200
187707,9399,10926,984
25451,45,149,247
132515,1999,2000,128
1707,24,7000,494
194035,1300,1300,369
955,650,801,106
184391,3400,6500,103
3531,100,202,2142
108331,400,4500,4210
200003,550,806,125
6887,20,5500,525
188671,297,297,197
194123,181,195,164719
199955,501,579,230
201991,40000,42854,5788
191371,15600,17500,1006
86599,20100,20101,54
3355,575,820,7445
173127,1900,3200,2928
2459,400,600,7238
197787,688,1197,15729
22851,4499,4499,387
158187,28,62,38126
29539,10000,29948,2850
194859,9897,9897,1653
139435,39700,65000,96
108343,73,1220,10328
4595,176,7000,211
3173,25,2500,7035
23077,142,618,1334
6361,47,900,4832
199993,508,15000,1296
2677,244,7500,17334
191337,1337,6995,9055
40081,95,118,114
4357,16,24,3297
108333,550,19700,741
112273,8548,8722,42
194969,270,339,270446
1705,63,327,26974
112157,392,19700,336
22573,113,186,20610
200041,511,717,1211
74849,85,2526,4199
74725,799,825,5045
124121,25,89,145031
58489,2200,4377,1936
175965,475000,475000,4
199189,187,760,207
191333,1899,2138,685
111245,350,380,69154
5469,65,2500,17168
43117,307,891,6274
27677,55,60,11919
67749,499,1238,5817
76618,527,190027,38
152510,775,1900,96506
155618,40,40,546
62778,308,1250,34751
52986,849,850,16401
173170,500,1058,4408
24478,109,549,4378
197774,130,166,816
190450,18399,20220,9486
190530,12000,16101,3392
180318,210,469000,276
160398,53,100,4910
192970,8100,9900,2303
109134,24,60,4021
4338,66,94,641620
111662,50,79,1889
12206,190,19700,1109
43366,1764,2302,673
104138,3639,6500,264
11186,300,400,876
20846,5000,5000,33
4470,90,90,4801
39970,415,473,1405
205470,65,69,1303
6358,799,19700,631
191350,10000,14994,684
3730,50,2400,15686
75014,1483,19700,1056
194566,7000,25000,5167
110610,38,49,108437
191330,1000,1200,566
192631,63,64,2600
168191,350,550,1494
197743,1500,1687,15231
153667,125,7423,62
58259,113,7000,198
32215,3197,3197,329
67407,203,705,17
5471,8,509,4931
192955,89500,90592,1329
80595,400,598,456
29535,243914,243914,28
8827,1350,2500,2257
197795,9400,9400,7431
142335,3,180,85583
200043,550,587,1592
201399,400,9500,19536
41119,48,50,1106
40919,1061,2737,439
43647,2018,2018,1893
43535,4771,6500,210
109219,100,150,1462
5631,1515,4296,378
172019,4444,5000,120
193951,40,110,9200
191387,7445,7600,1137
8391,39000,40000,8
12203,12,1040,48422
139175,1000,1416,361
19183,3,4,10115
22447,99,2500,16959
4611,9899,15222,179
23449,67500,68999,1636
192645,160,190,113
198317,2395,2395,1922
168185,390,399,254078
27669,99,2500,2457
137293,47900,75000,160
172053,7,7,19341
38785,70,275,129
200113,24500,30000,31136
27437,300,2500,2638
71809,9900,39998,276
8953,297,7000,174
5373,4549,5000,581
124125,2500,2500,79
172233,375,1000,1117
52113,219,691,26
151133,29900,39000,64
190533,64500,67300,238
173161,3295,3995,1000
197765,182,186,7192
29449,15,22,365
200581,400,7000,713
68197,19,19,242
191465,200,832,313938
153437,44,45,145
193893,175,400,19468
76685,997,998,12
194541,239900,239900,31
191329,59869,60000,4019
30821,95,261,167
32773,2555500,2555500,4
197757,188,239,183799
128997,72600,72796,47
192629,59,59,2098
22861,4599,4777,657
20865,64,64,1313
152509,82,1099,33760
85221,3596,5360,330
81413,13,108,1338
95373,52497,79900,695
2321,1,6,28375
127837,200,317,310
87577,1175,1300,247
41813,395,7500,3676
193245,20000,21000,296
76637,130,344,231
76133,223,250,4861
111665,22,500,3920
87881,3094,6500,186
193217,11100,11900,429619
191401,3900,3900,9249
41381,5218,5228,28
192969,122,200,3485
41805,2700,19700,1515
3013,1980,4451,52
153705,251,251,537
199945,505,505,242
112177,700,19700,936
44269,356390,359989,5
154121,357,357,547
201400,200,1928,17640
33568,292,400,7101
44756,32,45,199
2836,17,48,295040
198216,100,19700,1610
172052,7,7,32530
3864,1299,1480,8201
152576,9,10,1792390
199956,503,504,634
38844,200,470,158
15416,1300,12500,4157
124120,4,88,32784
158212,500,489999,89
104120,2011,6500,162
193360,11500,11799,2036
193936,89499,97599,2576
109076,499,998,148687
127840,180,300,334
168500,3000,19999,985
57060,26971,26972,16
52240,3000,3900,53
33452,5,5,552
7100,99,100,91
201164,99,100,30
20008,723,19988,313
58084,1299,1999,1139
3860,700,899,3851
38804,200,200,50
8244,52524,61275,388
190324,48709,51000,35779
8952,3,25002,1296
108996,5,98,24935
1080,15,2500,3258
20384,7470,7470,486
192836,690,695,4786
200508,14800,15992,1773
197758,19,20,1330
153702,251,251,2216
62518,88,98,215
4234,700,1000,23532
37118,5,196,1696
41810,44,517,4384
44922,3498,7400,472
74838,320,350,893
20882,60,60,249
19278,2000,2099,26
20858,41,45,1284
102542,75,75,2334
76686,300,659,16
193258,34,99,192026
152546,50,900,16064
194578,12220,12220,286
3386,2149,466000,222
197766,745,1349,130166
166270,49,55,1440
954,91,591,69
38906,14661,19611,9
112302,13000,15000,80
60378,316,322,849
187702,23,200,51938
138486,1289,4999,8673
189542,1910,4545,8644
60486,44,44,1006
41806,88,2250,4305
193050,11,21,3238299
140286,300,400,211
41814,1749,1999,3633
124442,1000,2189,81357
199954,503,559,721
5634,4200,7495,540
39222,280,280,8
2674,575,1286,2479
81202,100,200,128
22203,40051,66652,1101
36907,600,649,9778
172363,77,4500,1327
198299,360,4000000,351
40043,402179,417314,2
62007,145899,145899,5
28399,3,34,476
23107,97,400,2683
193555,539899,539899,211
93707,12821,12822,11
151567,19,110,467214
197755,131,165,89845
40211,200,10000,427
187699,697,2500,17029
38679,10,12,474
192959,25000,13000000,73
67415,69,10000,465
192619,64,64,210
19931,34050,34050,172
3731,2232,2825,2975
67507,33,42,116
3371,1,1,705354
23103,2342,2343,14
109145,1180,2375,799
58277,8500,8500,262
12361,800,2999,15781
32897,12,50,60789
38877,48746,48748,38
62785,200,340,3867
142117,55,83,1245
198397,899,2000,5748
81401,68,999,751
168193,833,1000,2207
27429,41,2535,7251
190537,22000,23500,866
182121,450,499,132
186981,200,200,38
172361,288,69900,2580
192625,70,70,3681
39681,2400,2410,2474
5465,5,2519,10243
192729,2300,50030,72
32833,549,550,42
201469,125,260,831
61984,1558,7000,277
192624,70,70,2697
153700,265,270,3060
7912,9,55,124040
197736,132500,222299,620
22792,1100,3800,6921
183952,297,300,1541
198184,200,290,12275
87236,700,4594,155
83764,17500,19900,90
8836,250098,399899,301
191364,200,331,10599
191336,1098,1157,1332
63692,99999,99999,245
27636,50,500,226
18640,738,9999,1238
191352,295,6575,1011
200052,618699,1100000,163
124108,12,22,10585
192648,175,175,2187
34052,141,2068,333163
1468,3,95,83721
204828,2099,4450,606
204860,28403,30700,2345
3404,1035,9850,1929
173192,38,38,287
163844,4000,5099,41
19268,9083,9083,52
200836,1244,1244,155
25548,350099,350099,38
139442,40523,55500,147
191398,1500,4388,1099
168302,150,800,20652
152542,5,81,355482
192614,60,64,1757
14530,60,750,1875
76094,87,999,2535
81414,21,60,1325
118,20,25,3001
87226,450,1200,424
72986,123,3008,4208
172146,99999,100000,15
81194,5,100,1441
203410,3898,4400,2498
194862,38979,38980,301
172230,20,99,654411
192938,59978,77000,1518
13422,200,966,3940
139358,40076,65000,164
112298,10947,500070,35
201402,375,535,10168
173202,4,7,3183550
158778,119,119,71
201315,500,506,402
38799,50,61,78
139375,5049,9549,46
6303,65,498,9343
9155,381,1407,84
71879,493881,493881,161
10559,3575,4478,1542
13511,56996,56997,143
109599,6500,11100,176
23439,400,698,658
198203,6396,6597,8868
23783,3000,3000,5453
38999,17218,17220,16
76131,1600,1888,2990
2835,5,19,299917
124439,1,69,150793
60491,120,120,31
191515,5999,8111,612
141527,100,219,256
197775,102,118,1988
192683,174,174,120
203411,6900,6900,1008
2455,20,422,561
128315,428097,526694,892
168583,741,2595,17609
39967,388,390,27
168791,50,100,139
32223,1632,1632,111
24511,500,500,1297
199219,2793,2952,586
2799,15,2500,2304
198415,3931,4798,2736
199963,900,900,362
76619,12199,13998,27
174283,19,19,1080
173035,7,107,12191
197771,95,96,84715
112291,800,800,18
41375,1711,1728,97
52719,785,3330,8698
3575,649,722,3423
22451,42000,59900,2491
137191,37464,57219,217
10839,7500,7500,10
158327,355,11041,109
192611,59,59,5880
200035,1999,3950,11573
19943,17499,17600,699
62783,44,2400,7000
172935,55,170,25159
6451,101,504,2478
38933,60,29999,531
128793,85,89,73
4341,20,21,30740
32905,9,17,924
81201,80,82,158
144329,1477,7500,826
108357,8045,8650,474
191361,1500,3995,1167
168649,1100,1110,98711
176853,45,48,681
163569,5,19300,37588
192849,420,583,11863
152641,5985,490000,723
124437,27,99,1307616
200001,530,530,80
38793,111,200,380
116981,104,202,2998
199941,503,503,204
176877,800,1000,93
173049,100,100,169
132192,425,495,123
5500,8997,19000,398
168960,8500,8500,58
112276,13720,14000,39
190320,1100,1423,97981
32464,515,1105,1806
191396,99,220,3407
44752,22,522,27
41100,4197,7500,502
36920,250,348,1535
9260,290,500,548
172368,190,11194,711
200024,2295,2470,1861
40000,3826,23951,22
201312,500,505,286
62512,43000,43000,19
58256,7,9,378
186704,1000,1000,146
204826,2000,2000,1037
132530,199500,600972,17
177962,575,10599,1345
205686,11500,16643,3138
52178,1782,10900,4611
158746,90,100,75
2450,300,614,64388
85506,180,9999,1591
200050,588174,709173,192
194810,9000,9978,564
190330,2494,2993,32073
168586,500,750,14354
158806,148,149,75
192650,350,679,208
199994,1045,14900,676
200834,400000,400000,22
7286,499,599,8086
61986,15,7000,238
7974,49,77,60648
192838,230,300,5737
192554,300,5550,520
192978,100,375,9001
188794,1800,4000,30
23786,99800,107901,1329
74250,15,98,671909
27854,34,35,2329
197754,30,44,610390
192626,66,66,13046
139438,29970,59481,162
118630,524,524,64
46378,594,491000,648
27442,200084,200094,4
22578,1450,1850,9035
199990,542,575,556
158874,108,108,91
18294,3950,4376,969
200026,1197,1320,1031
198082,3000,3060,135
182122,189,198,145
192610,63,64,421
41334,8319,12146,147
44722,18,7000,198
173034,25,132,12578
154122,360,360,479
154126,354,354,465
4406,5500,5858,64
168646,388,699,1942
194826,3861,3900,2762
53010,195,400,38303
22866,7000,9999,498
109142,10,2500,18409
422,4,7000,193
32226,218,218,75
197770,10,250,10346
61978,1400,9900,9167
153430,10,20,28
67506,2747,2757,23
21574,6849,6849,325
22450,125,299,114184
44266,68694,70087,14
158862,143,144,124
120150,94,126,642
194858,1797,1971,33106
158210,33,35,174
111438,150,200,1377
139338,35433,65000,126
79538,3928,4664,266
192690,2200,2200,12
52142,3575,4076,7
182714,1000,4500,21
173126,200,987000,269
13446,30,30,1359
197762,133,3094,4116
15410,22276,31198,725
59594,7099,24349,16
38811,69,70,25
63127,2400,75000,1680
115803,125,135,65
154899,7,73,12212
40023,8499,9266,11
101747,50000,200000,26
62519,99,199,94
192647,182,182,1072
21991,30,30,2162
144307,1617,3200,27
199983,508,520,364
130215,180,180,136
76515,317,11343,39
44739,349,350,165
200051,124801,124801,2038
8839,891,1764,5573
141215,245000,245000,198
88155,250,250,42
35627,2600,2800,1864
79255,1270,1338,7270
172043,4500,7000,3240
195455,170,7000,70
53067,1350,2199,2389
52135,13936,13938,16
162555,997,998,315
205467,2190,2190,11
39563,2500,330000,84
52983,325,380,34387
199975,14430,19998,90
104099,760,783,456
129019,44875,65000,132
52131,98400,98400,8
172367,114,155,516
171271,70,270,1254
41803,350,19700,954
43015,1300,1500,161
152631,7,90,32161
109627,975,11000,1305
4395,4555,4555,47
7075,200,14075,16283
108339,114,1800,3956
192919,67400,69000,527
136547,2213,2213,51
200059,79900,99999,1495
168487,1100,1154,24653
171263,25,10000,1190
152507,75,2500,23663
124117,110,3305,6153
42225,34875,59900,543
52721,181,446,84387
124669,665,850,392538
24401,123,2500,34475
113585,1056,1797,388
198217,200,265,541
194869,20000,300031,12
188761,5000,9999,178
198313,200000,39500000,6
108337,869,2560,1801
173129,1400,1400,1455
200801,2075,2075,50
44573,500,7000,221
160709,75,2500,15309
43121,1200,1400,1326
102541,75,900,1493
29453,8,9,203
13445,6675,9000,178
192697,2399,2400,98
191945,7000,8099,13781
199949,530,533,241
204709,824998,824998,119
172089,55,257,61141
765,100,922,19352
32229,134,1814,9459
153713,250,251,428
4425,928,937,133
15869,49,65,666
153669,9,2575,185905
44165,895,1095,28
193961,2000,19700,873
198440,500000,1000000,4
22644,14,70,5039
47556,1399,35000,2008
13888,245,732,10292
19236,12589,100000,27
35948,8,7000,274
136852,199,427,373
172360,83,4500,1323
22788,1975,8121,947
41808,40,125,15395
38992,1285,1286,25
193956,146,3668,1493
132184,22,211,837
197780,377,1327,8889
19704,2455,99900,2472
203416,6632,7110,503
153440,53,1499,215
199960,500,502,217
10940,75,119,181385
2924,96,97,5126
191372,200,214,1491
205172,328000,328950,31
18230,100,200,102
174350,20,7000,669
15994,198,529,3677
36918,345,1200,642
25650,78,79,146
52114,590,600,42
199982,502,502,287
201318,500,516,200
3466,21,26,25664
63122,10,20,1027
19270,900,1000,25
139310,43449,65000,116
172414,64,65,392
90146,195,2044,3571
192646,159,159,4004
159466,306,11184,231
62782,99,1125,36603
41802,260,276,3609
153570,7900,120000,45
38842,498,1529,29
20878,100,499,125
172010,8000,15002,240
158186,33,55,3702
82442,1248,1250,39
56046,10,20,361
200786,1989,1989,87
171266,29,32,12795
64670,5,172,5590
71858,39298,41366,31
173130,1300,1500,1806
199942,550,550,118
152506,96,200,108321
142406,1440,1502,2164
31894,5000,7500,36
173122,600,466000,295
191334,4822,6925,2175
166343,35,37,462
172439,400,602,19809
118007,18,22,323
11415,79,7000,187
43491,345,499,505
36931,1099,7900,3901
34207,4999,29197,11
205871,1900,1900,12
111675,74,100,1971
163115,52631600,52631600,1
124111,20,99,8465
109127,125,445,33109
200047,149900,149900,131
152503,880,1000,405
43551,800,6500,198
175955,55,55,63
52147,23673,23673,4
113139,110000,120010,5
74839,400,998,5119
108335,523,1000,12966
40195,442,531,6189
111667,29,2500,5555
127839,1600,2555,89
41167,500,500,109
158823,585,689,53
18567,395,450,3843
111431,174,446,415
37567,1900,2000,561
22575,385,900,14059
140567,54500,54500,13
198221,8901,8987,842
191397,249,294,944
136825,49085,55500,259
41509,280,280,886
76061,5799,19962,6783
198185,133,139,107022
191369,1171,1294,396
192609,58,58,154
27681,35,181,6086
168589,666,828,10018
111669,100,174,5685
104105,5000,6500,208
2289,5,150,638
136857,116006,116006,9
81197,20,100,216
200849,4800,50021,115
58257,10,83,982
27441,1300,1325,18
39341,775,799,10450
171841,13,13,21842
158773,129,130,102
12037,11,99,77517
8393,80000,80099,8
52093,450,500,56
54833,10000,10000,12
68049,316,316,908
7973,466,999,256
52217,2089,14491,6
22785,150,3300,9846
197761,20,220,3220
193237,21001,21050,3284
21721,400,400,3113
87277,200,447,259
178149,2100,3500000,319
54449,3000,35638,146
14529,15,150,361
192621,66,66,979
17197,704,704,223
7965,199,252,116
195457,290,290,944
4625,1024,2595,7740
38429,20036,813136,49
52977,400,490,2076
192833,204,206,22373
199997,502,505,605
172069,99,199,3641
189541,13500,15000,2957
199973,4879,6500,228
177661,15,15,64
15420,626,25000,175
34752,100,2028,271
81920,416,416,533
87392,6697,6700,835
187636,95000,200075,159
45912,60015,98505,91
3820,250,363,19283
34760,52,7000,200
152508,75,260,182775
2776,1400,11184,3244
129020,47683,47800,174
176868,225,450,101
194968,245,281,412734
23676,90,94,6033
74860,821,1190,4565
52180,2000,3420,6391
36924,425,1500,1971
22844,8800,8800,727
112280,24500,25000,44
191324,1000,1099,324
172364,59,183,1364
201404,33000,43179,45877
79296,40000,40000,4
59480,49500,50000,122
36904,184,303,24407
129158,19,30,4794
193254,6800,13598,33399
62522,60,120,69
192858,1137,1195,17308
42546,20,39,1782
97546,3025,3160,725
53038,900,1100,38467
58146,98,465000,500
44758,170,170,1004
39526,20998,22910,205
198310,401,600,59
28102,1298,1350,470
4814,39,40,24
141446,50,3495,36
201222,66,66,39
201422,5920,8729,3472
192878,825,1890,3813
105718,4075,5999,843
63274,1125,1125,14
111658,65,99,1231
8394,90000,90000,1
38782,19,19,67
204622,585000,800000,217
173102,25000,35000,19
9206,3980,4763,642
38870,807,807,138
34763,450,7000,133
114015,20,83,220
36811,188,188,193
4291,14,15,152890
59595,495,500,49
149755,2004,7500,430
152579,600,648,14698
200795,790,798,201
194811,7300,9999,326
153015,31693,31695,92
11391,44,44,444
154887,14,25,642
62003,200000,200000,12
123919,150,725,310482
112299,10780,11500,43
160483,30,7000,226
52219,1515,1515,98
198279,1708,2461,323
38883,8459,8461,31
18227,2450,50000,17
25719,597,2000,56213
20863,30,30,831
43571,99,117,2974
194571,6298,19700,479
168215,1100,1184,2170
104127,1554,3966,341
22847,59900,120000,107
109131,31,232,7059
199943,533,533,204
200807,6990,6990,17
4235,9001,19900,3699
83007,1390,1465,114
113355,417,450,78126
153439,69,1499,510
155629,33,33,312
205413,1672002,2400000,642
35953,8,510,291
192605,190,200,910
44469,344,1389,17
124113,100,499,129274
188669,3500,7300,220
194049,100,491000,293
62421,1000,1480,499
2453,232,2445,17391
173361,128,128,53
118061,617,5023,326
55057,808,888,85
137269,42977,43000,266
192877,761,1457,5705
172357,45,19897,2593
53065,4389,7575,20282
200009,45000,78499,40
151393,449900,449900,6
197749,20,39,78138
168653,14900,14900,440
179369,178,189,37
93705,200,1834,17
192689,5500,7000,10
198161,250,250,48426
27729,449898,449900,6
172449,61698,65286,463
35501,44428,44445,11
81409,13,7000,209
79101,700,900,3694
8365,274,2500,3785
198621,87969,88569,34
194857,2377,19700,748
152545,40,94,18470
12365,9,30,144084
52121,195,200,213
172365,995,50700,769
60853,85,85,57
173097,42500,43200,2
6149,50,1575,1879
199989,528,593,470
929,24,1000,3511
4305,87,123,8333
194813,6500,19999,309
178221,5147,5147,109
37701,40,5036,38358
133577,15,40,617
16204,103,777,88319
173032,8,13,15230
199992,897,4074,582
11188,60,90,1566
197772,849,850,593
109992,89,89,2470
204972,300,300,9019
151564,99,500,105522
184308,173,275,1436
13756,1093,5427,8507
111436,100,150,392
191944,113,225,9116
198280,9985,10004,1677
142336,24,120,38602
171828,80,353,185230
194568,612,1119,258
6260,1,1,777557
192636,59,59,12697
62676,10,48,619
124104,360,1589,35993
204464,1139000,1400000,1288
11754,215,749,12203
168638,7100,65500,200
35794,10000,10000,64
136826,38506,75000,169
6530,2,10,1801
52982,388,1775,34349
13934,1000,1000,111
168506,524,524,439
53070,10,284,3143
11406,7799,111100,270
31898,799,30000,189
36930,1706,5596,1849
173110,350,1270,2406
198202,2700,3035,756
3182,11790,19999,8073
124106,12500,12500,14925
131746,1500,3300,83
193378,22365,50000,213
42930,333300,333300,9
67510,30,30,134
153706,1350,1500,1422
130174,300,48660,1498
62270,85,85,33
173070,2000,19400,64
111458,311,317,2080
33462,90,400,65
74842,371,420,1728
191950,4500,4500,2441
76086,504,13525,630
172358,45,48,1936
34722,70,2016,2648
53050,57,2508,1389
76598,15051,22950,13
108330,200,2500,3343
43334,4391,6500,195
191326,4385,12298,326
191386,855,881,26677
104126,4099,6500,173
112286,1153,1200,33
2842,1701,2240,6602
122742,38,10000,99
54834,3760,3765,31
205462,1999,1999,25
22850,380,471,83
31918,48411,123507,13
63310,485,500,30
186982,7700,7800,15
13754,150,739,8856
177843,35582,35582,146
191939,88,89,38503
152875,103,333,53350
61983,854,7000,218
39339,1550,19700,702
13463,509,5500,5897
112295,66881,66881,17
20879,63,70,267
158771,31,33,146
158859,110,110,254
58275,200,7000,124
723,22,100,6404
45979,18016,500000,6
165755,155,999,523
132231,22,22,297
189155,180000,399997,81
60395,132,142,135
52987,400,510,2298
62655,500,700,278
168499,3797,3797,480
74847,550,1799,3068
27435,184,2500,2745
200811,170001,200001,150
172051,13,13,1275
153703,251,25000,1690
171275,10000,22000,677
5379,80500,80500,3
204235,19,85,3079
53063,238,1186,3558
3775,700,5014,80
153219,500001,500001,5
112279,66150,67900,50
114931,372,387,27105
128725,38859,79588,9
191353,1900,8455,734
44481,49,98,242
140753,30000,30000,13
155593,44,100,79
165017,115,4258,175
172061,38,7000,340
201409,389998,390000,151
52117,1000,1800,48
158865,128,130,113
3857,5,1003,61547
25409,200,400,486
65893,253000,253001,869
133573,65,72,370
65509,777700,777700,13
200057,70000,70000,3136
76681,932,933,28
28061,74860,78800,428
171289,293,1400,12636
152577,46,58,731406
58265,64,7000,170
34053,536,3300,4705
129017,47687,75000,176
154165,1,96,152271
34057,228,488,182520
537,2500,3300,7
14341,85,105,5715
74249,8,72,2091908
36933,350,982,1727
192929,30999,32355,80
5137,6005,6005,75
205465,1875,1875,38
60577,45,47,135
173109,275,297,896
192657,164,164,293
200105,66,66,63
172097,145,475,946972
192617,64,64,2464
42253,142,165,12119
180733,966,966,8617
79253,623,7000,55442
168825,7430,14695,21370
19701,1288,98901,1687
197753,199,321,23400
46377,866,2840,297
20381,8995000,16000000,111
136545,1255,1255,36
29425,170,170,10922
38625,6399,6400,564
22825,463,1070,191
43373,1939,6500,199
67405,500,5000,55
13889,691,1446,4027
38373,1500,3775,71
4389,400,2151,306
177061,50,500,6181
8545,240,650,2768
173037,77,400,12037
112321,476,499,3891
172921,93,93,178
129029,55000,55500,264
72237,45,125,19264
113261,41,11510,19714
111664,90,999,5361
199940,501,750,425
52720,1499,7200,10522
162012,2000,2447,86
159788,3020,4728,31
191532,58300,58400,25
52084,1784,2872,24
32228,143,5000,4365
198240,1267,1439,442
2592,4,24,903147
104108,200,291,682
3012,81,499,66
44760,250,325,29
154888,50,999,540
20424,500,1300,2644
45200,90,95,259
76636,275,899,241
204072,799,980,52181
133940,198,425,448
18224,200,350,797
25708,5000,9999,18291
7676,89,89,5874
192620,61,92,334
30476,15000,44444,54
177716,106,108,495
191520,8900,9986,434
200008,23800,24000,1386
71844,93830,98049,36
4424,4583,5683,77
4608,5,7000,215
153616,9000,9000,7
192976,9000,9000,542
4784,80,90,179
205700,68,68,663
127848,3097,4899,983
199952,525,567,303
52988,490,990,45280
52976,471,999,81029
170168,9219,65000,101
172056,13,1703,7685
33824,8199,17000000,55
191348,1155,1500,746
128836,6329,6392,133
109132,122,180,7963
173072,2000,16625,56
43394,7599,7972,956
191370,2000,3900,1135
52762,99,99,107
7070,65,2500,15223
200018,79000,79000,1082
191466,799,1492,369885
199950,505,508,464
198290,3199,3999,75
88154,50000,120000,9
4538,4,8,814
193250,30074,30074,1047
23766,299917,311017,31
199934,598,599,147
8846,965,969,18136
178222,19,19,1146
68778,9795,9795,196
200014,31999,69995,599
38834,49798,49799,17
76650,5497,5498,22
198298,198,20029,528
76518,170,350,16
179278,475,488,64
199946,693,693,188
200822,1616,1616,92
188670,79,100,1213
39910,400,500,50
183954,1900,1900,3800
40070,654,657,674
44270,23783,24023,5
190378,18500,18500,255
200938,8400,9269,1331
198306,29999,29999,9
197778,305,330,20955
154722,5,100,105039
108327,396,7200,3339
194723,500,1081,46
53039,19500,19898,1663
188795,27500,37500,11
81175,196,7000,70
85559,56,10000,155
191943,50,87,1382
19767,33500,35000,2466
178547,500000,500000,3
137239,47015,65000,156
3823,111,813,1122
192723,13300,14700,126
127991,30,42,13050
193551,945,1000,8531
33459,900,10000,147
76699,1125,1555,186
197759,38,40,1986
194803,5800,10200,1082
25651,15366,15366,24
163395,3528,3528,272
13927,225,423,126
199999,509,509,148
173071,27500,30000,20
172419,802,10599,1529
189151,200,5000,1827
19259,5497,5595,39
115351,60,60,249
198183,129,146,6185
192095,154,154,25495
109155,540,23525,724
193031,1400,480000,3565
115807,800,1100,109
81055,37,41,456
132223,265,1627,62
52099,3973,3973,71
174891,7900,7900,32
197735,400045,555090,447
76639,950,1693,27
188835,700,700,595
119095,9209,9443,34
22527,50,50,202
193243,2450,2799,21069
194799,6195,12065,682
168303,3,450,24365
38371,26350,26373,38
33823,9900,11500,440
41751,91,139,620
176871,130,140,40
139271,46790,46791,137
4407,199,399,62
37159,12093,16830,66
192951,25000,15000000,69
28459,1000,2300,517
152559,644,695,341
195543,35,38,210
19279,4897,4997,42
159847,2304,7000,133
192623,60,60,246
151579,1199,3045,1238
100739,192,396,625
176867,30000,30000,20
55055,500,4989,101
52123,2513,4693,65
46023,10000,93449,13
172059,65,350000,8431
87647,400,500,28
6455,4576,4576,52
40147,11999,11999,31
168663,748,751,10237
173075,27500,27500,61
41339,1639,1675,90
191375,1199,1295,623
173859,19,29,280
192691,7599,7599,53
127847,3749,5000,907
52155,1650,11355,9
158751,38,38,949
62667,345,999,576
2447,100,350,8546
41731,9,20,213
200779,4000,4000,47
44615,1899600,1899600,33
158863,100,119,184
4875,395,400,38
25707,7000,7020,3768
111663,20,999,6237
191351,399,475000,1251
34055,69,176,587424
44759,30,30,218
108307,1864,1864,878
33567,175,201,1492
38847,200,1602,51
153635,5,10,63804
193559,88,6500000,152
195463,100,7000,234
23055,800000,800000,4
191521,5580,6882,14197
20817,900,900,533
198257,295,778,1348
109153,548,1125,625
60405,30,35,294
5785,211,2500,3583
139289,46287,55500,240
110645,1924,2000,55
108365,16740,16740,126
20533,774,2599,460
13465,464,531,10627
112289,750,750,28
41453,5000,5000,9
62525,2001,30000,25
180329,50000,50000,3
24281,46017,46017,15
204621,700000,1200000,31
169673,399,1050,477
24449,5629,5629,154
38849,280,293,71
172057,11,11,1808
191949,100,194,12837
62001,74500,74500,7
205469,5500,7000,36
168501,1507,13840,311
21881,398,399,11124
152877,1500,3300,16746
173065,113,3035,85
200025,1567,2498,1186
154125,1300,3900,3094
77589,30,48,557
29533,59800,193219,44
171441,150,300,546
38869,5065,5168,53
191389,8000,8100,47512
193053,24,44,101734
184100,6929,7545,130
189152,35000,99300,353
39912,382,618,57
173124,950,2700000,273
194580,297,800,255
192968,99,900,3421
187700,2600,2800,9010
172092,50,55,415715
173172,490,5000,2825
192720,2162,2162,415
200780,1155,1155,152
109144,33,469,16973
173204,100,118,280592
57192,69,142,777
69244,390,7000,134
15564,56,56,22
43572,387,388,1781
97512,150,7550,1889
172096,775,3199,108181
4480,7000,99900,43
89868,3630,4750,374
154120,360,366,330
38988,1421,1422,27
170164,50047,50047,334
58264,223,224,446
2740,67556,67556,3
13512,62500,67999,457
199984,522,522,160
40360,500,7000,65
174284,295,7000,162
128304,124,180,80721
10308,343,543,57
200016,34000,66094,694
197752,123,124,72194
20520,13800,29900,8036
3388,1555,2155,811
194012,7088,9295,2144
109128,138,477,31987
205460,62,62,1207
184392,2044,14444,62
44328,673,673,325
154128,363,364,547
37704,479,690,5830
12184,100,470,3833
74652,776,1010,248
68784,51064,51071,73
190328,1409,2299,582388
172044,24,135,712
192634,69,69,815
3478,174,175,17798
111442,50,53,637
19706,1200,99900,2494
4306,15,75,67615
168650,12,501,24592
192726,2200,2200,24
9334,230,230,140
138986,35088,35088,14
13758,200,7500,3425
162022,2099,53391,119
76550,151,80051,71
183738,374,29999,367
160502,28,31,11165
10938,149,1000,11156
56850,3095,4600,17577
109218,84,95,1087
17194,40,500,5822
200106,187,187,62
35562,510,7500,23637
192630,68,68,229
205170,573799,574399,144
79294,250000,365000,6
168662,1550,1555,13173
38426,148,150,7008
104122,1000,6500,204
19698,3036,60000,3022
4606,22,22,1420
186662,7500,7500,102
123918,1320,1431,208484
193214,24,38,1204309
86070,315,836,132
191514,34224,7500000,125
200074,6300,6679,27906
58258,15,438,300
87530,33350,120000,64
36782,297,390,4390
27671,148,232,3765
192727,2293,2296,108
188683,27590,27869,29
118415,4950,5000,444
38831,5798,5800,72
44463,800,1109,261
43103,3000,3100,8345
172347,72,169,3123
7099,95,100,60
193251,821,7777,254333
194755,1699,1717,7383
88487,1300,1300,88
138875,9897,11173,572
109135,200,250,5809
27515,6138,60000,1003
109223,115,180,915
187911,497000,497000,38
76695,255,1179,38
162515,124,900,48973
37467,7000,7000,90
155607,1100,1500,32
124119,74,3300,5632
11387,45000,102295,8
5503,99,333,25796
12607,2899,3000,181
52235,7798,7798,19
152639,3700,460000,757
205239,600014,600014,1
7191,1300,1989,5772
191363,89,200,1891
15871,300,374,91
153435,1000,1175,34
4787,49,750,320
27859,3,7000,194
193259,44,50,683119
120293,1080,7000,99
109629,4488,4500,765
184097,7546,7783,813
74861,388,1071,5939
192705,2198,2198,71
151565,959,3199,32564
35565,15,999,1083
187805,8900,10000,246
45789,5620,6500,137
143681,5,60,1267
153033,59550,60000,120
32221,600,600,211
83097,35,81,265
9233,228,529,409
168489,6831,19999,1775
38833,11,22,231
200013,199900,200000,47
154129,397,525,661
62277,80,125,136
23573,5900,5900,3624
112277,45542,47900,30
11393,219,219,372
151585,2697,4945,179
37705,665,5299,2325
198189,3537,1700000,543
203413,26599,29984,1164
152557,319,450000,227
10593,1518,1900,346
33445,6,9,322
27425,97,925,6599
62273,83,84,154
200565,14900,15000,164
24521,110,110,60
203417,120000,250000,178
153701,250,250,1211
194009,549,415000,784
197789,999,1398,3246
192709,2900,3000,18
129021,48800,75000,231
62677,75,473,276
7081,16497,18500,2471
44293,12378,50000,13
130173,200,772,6911
54849,2000,3600,17339
163637,1800,1998,154
19225,4,7000,225
198297,175050,200099,57
168449,12345,12359,297
127849,2997,2998,1099
193216,10830,17609,7543
139352,49377,75000,126
24056,1247,1247,12
136564,207749,207749,9
200572,700,2558,459
199476,100,600,99
109148,690,900,1054
41380,4994,5000,87
34736,900,19700,898
41584,9900,9900,607
23424,888,1899,31897
52192,10655,16600,483
199948,509,510,546
109156,450,23525,1084
175788,19,975,748051
44154,1034,6245,71
200046,78070,149970,149
187634,4500,4599,611
168190,385,390,810
3358,640,5590,4666
119102,9642,9838,29
151722,600,35000,1090
194850,5544,6425,1482
188834,1618,1618,27
6042,2000,26488,54
157842,49,50,2420
153714,251,251,503
175886,4,65,32920
74722,74,97,282
8838,700,5549,6141
153710,250,251,682
146406,44900,44900,62
159826,550,550,65
38466,2872,2972,150
29426,2400,4892,2202
177026,5000,5000,37
51950,2475,2561,8252
151538,54929,57042,100
44330,487,488,502
139890,81880,119700,1593
44774,80000,320000,14
20862,41,45,1180
43658,10000,333300,21
194050,140,195,12524
14342,9985,9990,2431
110646,1824,2000,76
136638,4750,5400,198
200038,16999,17000,2867
194562,30000,30000,1640
124438,1,19,134748
171286,500,488000,1732
197746,89,155,338768
38986,75,943,63
192662,176,176,3381
3827,88,500,295
102543,69,80,1204
155615,38,40,223
19231,4999,5335,23
53071,28,110,7192
199951,748,750,124
128551,17985,17985,34
173043,25,45,263
72095,3999,4500,18212
43127,1394,20052,6997
138979,155,700,1738
194815,7388,19999,311
128979,11998,63235,14
173039,55,73,217
25463,1068,4161,1908
138967,10,61,9841
113135,450000,499500,8
191523,9950,14500,189
97623,198,10071,947
24479,17995,19990,3199
172359,52,4500,3072
43851,10,60,147
39151,665,665,1739
19975,300000,300000,10
89639,400,1248,4318
169333,73,98,221
52325,1087,7800,23236
13365,25002,25002,23
197721,4900,19500,702
198421,378,389,15433
76677,662,799,18
85569,10000,10000,69
200005,596,596,123
179985,300,250350,10
128017,12599904,12599904,1
20873,1310,5000,92
83765,11175,12332,44
42545,200,123100,124
198505,12500,13000,1206
192885,1644,2000,51902
205793,1154,1357,131
6289,1,66,39261
21877,15,100,302589
7077,77,2200,29994
173057,59,59,108464
199961,545,550,99
108361,1000,47400,73
74841,70,1000,64838
62649,3002,3005,530
28501,390,445000,80
200509,4,100,234378
22445,142,290,144149
153709,1348,45548,121
11185,150,1000,1072
20861,35,45,1185
194829,2196,2875,7080
192673,160,160,211
133681,125,125,1392
44329,718,13525,149
22789,600,1800,6815
25893,199883,199885,24
172937,368,3300,13371
192941,2800,6500000,139
194817,500,700,275
52085,1550,1950,37
151721,1300,1979,2647
38897,149,290,57
38845,190,244,81
24245,1400,1400,2456
36921,435,28500,1643
167861,500,800,2706
30817,2,2,44506
128541,5000,5000,126
200793,1515,1515,295
171301,750,7000,188
34125,101,7000,267
76513,574,576,43
201205,85,90,21
192961,83000,87096,1862
182581,9900,14000,703
56033,20,35,94
57193,204,304,99
124441,500,1200,49863
76689,200,1792,37
168637,6870,6870,296
199977,549,2300000,530
3729,5,495,344
5833,1987,2008,231
54629,100,197,149
158205,41,41,4654
152549,398,900,2061
192937,28900,33495,82
19233,3095,3595,31
5113,1000,8960,188
173173,399,1080,2255
200577,4200,4325,358
171833,1049,1300,57604
190313,6640,14599,56511
124109,294,331,20695
141909,20080,23189,82
152513,125,1095,53834
9317,1088,67388,35
187633,1500,2998,648
86597,39974,39978,16
136565,52631500,52631600,3
23425,198,209,70615
151257,1500,1500,1441
107469,701,701,75
194573,843,843,169
29460,2500,3999,7445
76680,950,1000,13
34440,142,485000,369
13444,45,47,1586
124640,499,13305,4476
87232,10000,44400,145
198176,15000,17997,603
199964,504,504,240
198228,25000,25000,89
193552,40086,40086,90
197852,686,686,90
191368,10400,13897,1339
13464,340,448,11689
168796,1031,1031,33
43652,60,74,1228
193252,3300,19700,638
203652,6593,6593,2082
153704,200,251,1079
72096,530,590,164130
104104,6499,6500,212
153712,253,253,511
136572,777700,777700,3
19768,15000,24999,8365
38816,564,626,26
81404,17,450,245
133568,75,1345,163
106824,201,211,60
205012,139900,141400,133
169300,792,792,270
11184,180,189,111
87888,996,6500,194
194856,2900,3910,2077
27666,30,135,519
133570,50,84,1561
128314,24099,37399,337
63530,70,75,513
19306,6,999,281
111666,25,30,20471
137238,49997,59276,170
38934,972,1573,275
24282,42475,200000,11
52722,198,809,262561
154882,14,999,1583
168446,14875,14889,196
168822,2500,3000,64047
136550,113715,113715,37
192958,85019,87049,2046
20874,60,73,267
201406,36000,48358,35968
17010,301,2500,3761
858,19,1500,7375
174890,2199,2199,12
29570,5000,5000,37
76674,417,417,38
36910,7500,8989,9659
200778,100099,110099,50
184202,100,7000,264
153478,4000,6000,183
90046,29791,29882,60
197782,688,699,21972
173094,50000,50000,58
202070,45,53,4147
192910,449,1700000,422
115526,3500,3500,93
62514,2996,2996,243
192674,389,400,186
75026,21,420,271
4370,465,500,224
183599,49900,49900,19
45191,5500,12742,31
76643,1000,1075,19
194855,3999,3999,9316
162027,8740,9740,182
32667,3508,10208,184
151583,5499,6000000,124
38787,55,100,79
41483,54996,54996,6
37703,266,7800,10270
203415,18499,18998,724
25443,18999,18999,10
16023,11000,11000,87
199959,530,530,103
173171,1550,5015,1128
31887,1000,2175,294
58263,10,300,315
116119,90,95,95
79287,200064,200064,3
105711,24999,25099,88
13467,349,5575,6406
3131,78800,78800,281
172091,130,130,370
171831,299,324,8242
192663,300,300,59
62791,40,2500,14114
190327,11730,14000,57017
200451,50000,50000,6
116271,810,823,1983
152615,7500,8950,455
74247,40,150,594968
173099,18000,18000,61
198311,2500,2900,606
140631,500,555,185
40199,299,400,1457
40079,697,2300,142
159467,189,190,74
62671,595,595,242
191331,1237,6566,2338
24243,1495,3849,1603
38303,53,55,392
45907,449900,449900,9
44271,275046,275046,2
204615,742500,841500,154
13759,500,4000,2581
200575,1055,19700,331
74719,49,124,54
19703,2499,99900,1486
3671,126,129,18
200027,62400,98009,590
169675,144,345,1052
194575,6498,6563,332
19223,40,346,341
38807,200,219,49
200579,4500,6125,279
41511,569,686,5607
167539,1549,1603,229
172063,385,600,2025
69243,250,7000,70
128499,800,19700,677
192869,1200,2476,4714
52185,700,895,55675
204829,3489,3489,1126
173033,8,8,25678
41441,85098,85098,2
172045,48,57,5397
27501,572,1572,160
127761,397500,397500,11
7097,175,6800,56
108329,1116,5000,2164
171829,364,364,16452
43465,22,500,20
1477,40,81,266
74641,1499,1499,1403
88529,299901,299901,6
187825,19800,19800,112
22841,5400,40000,348
85501,311,471,221
193937,87570,99900,2177
77101,8875,10000,269
173101,32500,32500,20
182733,47200,50000,185
23381,1200,9000,11
3685,81,2517,6412
176873,1385,1385,19
108341,103,285,3693
204565,6618,25573,827
86073,1398,1400,193
176869,50,75,238
133557,13,13,1112
15417,392,424,84619
184393,300,300,29
88157,199951,199951,4
7069,768,1156,3960
115805,275,275,100
58269,15,100,793
109133,75,500,9594
77529,26500,48574,35
130217,179,179,510
39469,1001,1333,2179
200813,658,658,217
198233,12397,14197,523
172041,21,75,581
112297,673,760,35
108325,78,114,1141
23441,450,35000,1119
38801,2299,2299,41
154169,75,99,5402
60393,100,500,76
200789,2900,3000,83
187933,49664,57219,167
63273,404,404,27
33461,4,135,98
4361,99,100000,120
39569,92,92,29
192553,190,200,1387
193933,15045,20094,1170
769,65,500,11527
163781,816,5999,722
200785,4699,4700,13
198309,9500,10600,512
23945,490000,495000,9
40057,90000,90000,17
128761,329,332,506
153441,202,1497,92
152561,119,119,393
158201,3099,5637,475
41809,990,7500,2248
44265,32900,100000,14
193029,3898,850000,886
194805,5500,19999,227
163841,50,7000,203
12205,58,130,4664
153621,123100,123100,54
39937,366666,466968,4
41601,1599,1700,81
191341,10800,12000,12699
8165,1347,7000,1532
110609,105,488,184820
8845,4155,7541,8300
169332,4172,341000,251
85504,485,971,117
39212,26,26,67
137288,49291,59174,186
23440,618,35000,1016
169280,2200,2200,507
49084,3922,6500,120
198536,6875,6875,677
194124,1185,1225,70227
60388,75,99,183
180088,99,99,18
4592,50,7000,1502
153664,550,594,62
198620,3960,3960,52
20816,498,500,288
192908,2500,4000000,252
198416,4390,4390,2861
23784,2400,19700,704
38976,500,514,39
25652,34400,34400,11
151256,699,700,1953
43000,145174,145174,56
33444,5,5,414
38860,99,99,12
158740,133,134,85
192948,82298,87000,1380
177660,80,80,1161
1708,14,185,259
5524,233,933,1105
191472,5934,6192,36040
147870,400,10000,100
76690,736,796,17
140630,51995,57312,170
169954,123180,265000,63
199978,1155,1257,4759
7082,1584,1824,10529
152550,250,297,396
154990,11931,14550,128
43646,498,9900,487
168642,200,48900000,167
32902,2,4,1786
111674,100,500,6025
193958,375,380,2495
38266,24500001,24500001,4
134054,297000,332490,7
199986,540,600,235
52102,1599,15255,27
38874,1187,4900,42
43102,4390,7015,11006
3030,498,498,4163
201398,503,341000,315
192966,43200,22000000,69
79010,37,50,6784
109138,8,26,10622
167738,70,75,14738
76890,2500,5000,7
1478,500000,500000,29
140754,950,445000,38
130218,519,547,229
15870,70,76,395
187850,14150,14150,425
39342,169,395,25713
27498,100,1298,340
4402,8910,49900,195
87242,950,5000,405
76570,2500,2500,112
1710,26,1000,1354
153490,39,154,385
172406,146,11130,348
187827,16939,16939,122
133607,7,799,29402
83763,9500,11676,63
74707,100,150000,74
40771,2000,2099,490
23571,65094,124994,1776
187931,99797,99799,156
198419,575,600,45120
27855,3,7000,229
6043,500,5798,67
45999,200,200,27
28467,1577,3278,627
177715,29,133,339
199935,524,525,109
22791,284,989,6750
42751,2552,6500,178
194015,3897,10289,2587
23119,100,100,75
38923,70091,70092,41
29575,5000,5000,43
178539,49033,49033,192
6947,26,28,76
189143,202,301,39380
173041,300,700,310
21569,44989,44989,10
151609,2000,2000,185
136633,300,500,735
204841,389,1405,39
36901,238,1000,4781
44289,44368,44816,13
116405,7300,7525,184
6317,2810,19700,481
94645,27900,27900,38
191469,2799,4087,135773
52329,990,3000,17098
52769,4035,4040,30
23437,669,2279,1609
132193,43,43,125
193253,1288,1512,101147
193213,30,49,59547
194569,6499,9800000,66
76629,8098,8098,4
87885,4995,5065,390
109625,299,7500,685
193389,170,170,83
58145,200,480000,298
35761,9405,9405,37
192669,196,196,1800
46849,66500,66500,342
37101,1200,325300,342
132525,47595,50095,13
147869,2578,3944,25
192661,175,175,123
199953,503,503,359
74661,12274,12274,290
13893,11499,11499,784
76089,75,80,510
170165,4700,65000,63
38797,169,169,143
192632,2250,2500,421
132528,46925,47399,11
192608,63,63,489
151608,1800,100000,206
80588,4175,4667,847
171288,136,249,6356
173128,2799,2895,2499
132524,99893,99995,15
38868,9998,12125,31
2680,4,5,508
27516,8000,19800,287
52196,69475,149900,1990
74708,664,665,265
153708,1200,45500,127
19700,2000,2540,471
201424,68,68,550
139348,44864,65000,107
147776,2125,2125,555
200856,400000,400000,38
198492,979,2500,3970
198268,7025,7048,74
188164,55500,65000,121
171840,10,21,507104
23112,170,198,3588
59596,592,1300,113
192644,163,163,4030
157844,35,35,499
194788,6000,12099,790
172068,15,28,891
205464,179,179,66
17708,4897,5000,346
53064,10,825,3555
20404,55,99,43648
168192,674,799,1299
154124,351,351,889
130220,1000,5000,49
34056,36,477,10070
45060,1184,1187,84
115812,24467,25014,36
76132,2970,3300,1547
9088,9999,9999,15
61988,99900,99900,5
153568,7487,7487,14
41532,589900,589900,3
158760,123,123,38
87580,700,700,281
171832,250,371,25915
43108,1009,1210,10010
132212,21,21,262
52294,14584,14585,11
109118,73,150,293691
4278,39800,333299,202
192954,29800,29900,106
188658,215,284,251026
15414,3499,9933,10122
187842,912,912,379
46390,50015,50015,27
43350,283,291,644
22842,1998,40000,327
13926,22843,24053,91
205866,573,1075,28
39942,776,777,43
7966,208,270,2677
38938,186,1381,235
62790,110,483,681
3858,524,850,21602
54830,8400,8500,11
193246,9164,16747,13082
141910,15175,419900,123
40042,26,7000,183
153438,73,4500,814
163082,80,95,428
90058,49,120000,40
168598,27590,27598,85
45198,170,275,182
45978,10010,8500000,130
52086,400,500,49
52750,125,15596,22
127838,250,500,388
200578,625,19700,431
116266,275,300,586
172346,87,88,286
40026,19899,19900,19
43010,1211,1211,2430
200791,3499,3499,93
19699,1400,99923,2625
194751,1000,1379,2035
3667,49,2500,2000
3111,78800,78800,42
189147,85500,90000,114
153031,57399,57496,156
4391,17500,17500,21
113111,224,250,8209
46379,1166,455000,393
139339,22035,61663,155
42459,1543,4259,244
17031,44109,44109,21
171203,23000,23100,48
172411,307,312,118
191471,3599,4480,66990
20875,77,150,186
29571,5000,180000,132
46003,9499,9499,20
191503,95,95,1273
173059,93,100,8519
2871,160,160,404
140355,7901,7901,24
203419,19047,22498,1096
38943,229899,229899,55
180055,800,948,580
201883,66600,98900,627
62275,22,22,32
140187,79,7000,236
5263,200,212,76
4387,1075,1100,304
38855,75,510,23
200855,4179,7000,113
154127,351,525,436
80591,422,425,161
5135,106,400,47
109119,179,303,30774
44143,2558,3783,57
169451,1200,1734,630
179003,500,4900,21
8951,300,300,269
12655,700,1238,45216
174327,67,2499,5554
176087,85,90,61
193019,1456,1575,140
173103,13500,14000,20
179271,93,7000,92
1399,11948254,12008598,2
779,496,8796,29
76587,20199,20200,12
168639,694,697,263
41595,14269,16567,1195
39961,399900,399900,1
128993,89200,89300,95
9197,7501,8000,28
38425,2030,2139,2967
60389,62,65,28
2449,100,700,15506
42433,1807,2125,136
109125,144,475,39757
198293,1300,491000,677
191873,890000,890000,278
3825,3525,6330,166
52101,500,500,16
19705,1500,99900,1373
199193,1000,3000,46
128741,1499951,1999951,9
189153,850,199399,2164
109217,149,488999,465
9333,105,106,128
111449,2400,3600,628
57061,84,250042,8
83065,158011,329005,8
110649,1700,2000,48
199957,502,502,148
76565,114,72514,132
137289,55393,75000,115
13757,527,4000,879
153629,900,900,45
192861,2800,10000,37763
191373,168,6075,1594
62781,560,566,1778
132229,100000,500000,3
67509,30,30,266
59029,198,945,99
198241,4000,4099,1170
128632,1499,5000,3321
14344,50,100,545521
6308,6,2499,7510
25700,2200,4000,5555
205692,1944,4223,157
58092,1646,1900,276
158828,94,94,57
192916,467,500,1809
204312,9999,10050,8
190396,62,149,617595
163224,74,274,1115
22572,3534,15999,3616
118428,29,7000,180
128980,49999,68107,114
23448,20353,20900,1846
199988,3500,3968,1115
14048,117,194,48733
169220,6767,20000,386
194824,73,142,1107
7972,151,178,26626
72104,26605,28963,4831
191380,799,949,138442
110624,1374,124999,358
110628,1322,124999,254
52208,7499,7499,19
158188,494,5500,14051
54448,15593,15593,40
198220,2500,2855,1116
37700,274,600,6975
200044,600,700,470
163208,75,199,598
21844,594,600,8505
2604,1,1,136710
171276,9775,10000,1003
113140,400000,444400,7
141212,50000,123100,62
3220,10,25,734
43464,295,295,366
33632,65,65,147
191376,200,6502,1073
60224,2150,2483,15310
172408,698,10599,1380
43400,6853,7375,139
193560,1000,1362,2593
182120,49500,49500,28
109124,140,406,17394
24508,105,105,4668
139362,37156,59481,182
163098,390,7000,128
194690,420,469,396
71810,40000,44999,129
194822,399,399,18391
32410,53557,53558,18
28470,200,600,618
198502,7517,14050,985
2070,3,3,571
62662,220,999,794
31902,1499,1026959,46
33470,53,69,61928
200030,8899,10009,14412
2290,15,75,185
38882,3588,3589,23
194574,998,1300,1966
13362,500,900,44
774,344,350,10689
153050,5,2430,17279
39686,9899995,9899995,2
200010,198677,230073,398
27858,3,245,341
11590,638,1075,593
76642,4298,4299,14
10310,2057,2757,188
124102,590,1650,62908
198214,4515,6915,70
192666,165,165,60
2934,118,199,12536
7078,196,790,21804
44314,1020,2020,79
151566,10,975,116833
22854,4487,9999,838
198278,2400,2609,195
40050,11546,12154,39
179370,400,500,45
62658,500,999,911
109626,515,19700,761
49602,1469,3707,230
10558,400,500,358
74662,8123,8164,100
74846,400,2500,3140
127850,1424,1498,217
76670,993,995,27
32194,1590,1590,904
39338,1000,1077,1811
1206,1795,199900,14510
16766,28,7000,165
197722,2400,2400,12816
76562,1998,2538,86
38810,11,20,78
180430,13,14,376
124110,7,14,1412
3666,8,39,390
4342,20,33,30894
101630,10000,12500,247
140266,25132,25385,116
88162,189938,189938,4
198422,349,387,15352
200842,1600,1600,60
197751,52,65,29174
193379,15900,21970,4956
174351,225,225,301
7911,450,595,10403
116979,20,1410,214
7079,95,3000,10991
44775,50000,777700,4
160399,44,100,2576
41379,4838,4838,12
87579,1200,1200,293
27503,124,1212,1172
57071,560092,560092,2
74647,425,500,179
44599,41,86,274
81203,315,1483,505
8831,1464,3300,5980
129287,35000,100027,189
56159,701860,701860,1
29799,100,200,41
111595,63,2500,6047
8959,523,562,577
76691,213,213,12
190331,29996,36517,37720
25699,400,4000,9128
197847,411,411,304
38951,174,190,90
191379,1166,1700,1571
172231,23,329,824649
44963,9500,10050,52
31079,8998,8998,733
24231,49,50,65
159791,210,210,23
137267,45099,59276,129
1015,23,29,7315
178227,37,7000,171
3771,3,118,466
187831,47587,49987,94
56047,40,40,71
191511,3503,3503,49
63691,50079,50079,265
173163,7504,7504,3140
62011,120000,120000,7
197767,304,329,16814
80587,7598,7800,179
168651,17999,17999,967
11403,300,500,125
1175,33752,33752,28
52115,300,20000000,98
151719,2080,9980,2177
183203,222200,500000,5
74659,894,19700,705
19299,8,7000,98
153707,749,474100,379
109147,1890,1975,1093
39927,200,200,33
5997,79,79,175
38929,143,143,201
198493,13780,28385,1089
132509,3500,5000,57
76697,921,1270,159
192685,2045,2860,708
52161,24509,24759,12
112181,19850,19850,856
192965,46530,26000000,40
63317,300,300,30
205457,2200,2200,11
173125,2500,1200000,242
115353,169,7000,187
103789,50,75,61
56517,2125,16525,159
180377,50023,105023,2
162029,5996,6000,147
176809,89,89,203
197769,789,789,1120
139417,51200,51200,223
203409,125010,240000,292
21885,16486,29926,1286
199969,5007,15440,164
17057,10,20,1064
4605,5,5,1048
138729,7,200,22498
6297,97,97,36
112093,75,840,200
154889,13,13,682
191260,1999,2080,397
153636,485,500,10755
4384,38,40,232
194008,498,2500000,313
3576,200,219,5500
173076,22610,22610,63
192672,122,168,368
133688,99,123100,201
107528,33,95,136
172904,297,300,334
173168,81,81,4823
152876,800,2700,36118
76580,6040,6040,3
24072,49,7000,252
76664,400,500,7
76660,799,1069,14
152548,600,875,1521
43004,170,177,537
52328,1455,1690,40665
7076,458,2097,32138
173092,30000,30000,35
187180,30000,35000,11
4236,9400,19900,2561
192656,35000,37000,38
174104,500000,500000,129
76092,249,299,388
31892,750,123180,80
44772,80,90,330
165016,1799,2515,338
187836,49699,49699,57
5136,50,100,137
36928,988,9900,3588
108332,100,399,3884
185480,250000,250000,7
74248,175,450,90153
163132,1141,7000,151
190388,500,5000,3331
200820,1300,1300,92
30816,2,8,1612
154168,2100,3000,366
87560,1325,1475,114
94288,50,99,598933
76700,1018,2222,118
152544,58,65,3830
190536,42098,7000000,134
132220,500,140000,136
38896,11497,11499,28
31884,2498,5500,28
171292,200,2430,4287
187648,18000,18933,249
192932,74999,80098,1568
19280,2400,2500,32
132516,9354,10054,3280
110656,2200,3128,8
192872,2,7,340024
198356,399,399,1193
192956,14000,19500000,62
44128,7500,50000,5217
198254,800,19700,589
168786,13603,13603,8
176086,200,200,81
41166,9999,10301,320
117442,89,7000,233
41462,9596,9596,13
52782,262,11044,55
10562,9,25,477
173074,2000,28700,23
25454,250,539,57
198414,3015,3049,2664
54450,7800,18211,76
199206,15,22,933
144306,3107,3109,21
5342,145,7000,199
128554,1000,1498,218
2838,58,64,19654
192942,63000,64093,1195
45202,15939,15939,17
139270,47109,56572,184
153434,75,98,98
185482,25000,35000,52
3674,220,345,27
31906,431,435,45
111450,327,327,355
2798,599,799,191
52190,9100,9116,25
198302,2389,5000,88
43107,1495,1495,2037
124103,359,800,87349
168635,3900,3900,969
154123,831,999,2094
192747,61,61,415
136571,5399969,5399969,4
192859,885,10000,3832
187635,400,5000,2064
63299,473523,500000,19
109991,125,173,5599
133579,17517,17517,169
171195,10000,100051,164
192887,25000,53000,772
7967,4000,7906,60
76559,670,671,16
173095,2000,25999,17
132199,298,299,405
24067,2788,2789,49
41495,3300,3300,13
43695,5167,5167,199
154883,18,30,685
37147,1000,1520,85
6037,500,600,8984
61981,289,294,3111
200777,780,780,207
38997,792,823,27
23529,1419,1419,138
44941,7,1500,314
56477,225,353,124
151389,190075,190075,5
130181,15000,29900,1064
153661,800,999,91
76649,1730,1800,31
139437,37333,57030,194
67337,400,400,20
35625,4100,4279,2082
43105,630,630,4201
152505,88,200,94719
192717,2000,2024,690
194693,253,278,297
25897,59738,59738,23
176865,200,200,124
58093,1500,5182,142
41397,3236,5726,15
44465,1300,4019,19
76645,1000,1000,41
22853,5000,9999,845
132185,699,180000,10
199985,1166,1200,239
158745,115,115,83
136569,6000,15362,156
69841,199998,199998,7
5784,70,2467,5767
194692,122,122,213
192992,80000,83000,1595
151540,66599,94499,454
44260,48502,90091,17
41444,949,988,25
23848,600,7000,503
4600,52,52,411
130172,1077,2400,1214
194684,150,200,23382
85568,195,1358,34
205468,200,200,16
152640,2300,9999,1109
199188,166,16963,117
191524,11895,11936,1243
38972,8000,20578,25
199204,100,200,1273
83092,2329910,2399500,65
111668,97,5000,6962
62652,99,500,514
19300,2,500,450
124440,200,399,45161
74660,795,800,3851
192712,1939,1939,74
192868,906,1500,48243
110640,850,2000,52
9172,6935,497000,395
200788,1349,1349,245
23436,7500,19800,365
22832,90,10000,527
168640,600,600,161
196440,3009,3069,183
40536,11,3306,2132
12204,133,1900,3561
2452,225,650,16519
19272,1597,4598,28
192724,2500,2500,7
67348,1000,77483,119
64392,6888,14051,636
200812,500000,500000,50
119100,6435,6467,18
39552,500000,500000,6
52128,650,700,53
76582,153369,153369,4
147774,1955,1955,327
163842,100,100,70
200570,6928,6928,1066
66946,432195,432195,3
24274,207594,218520,23
38518,49000,49000,194
49110,40000,60000,10
171350,98,98,587
44066,1500,1500,1
76638,122,1525,31
155610,41,41,299
172018,15000,15000,83
129022,58330,58334,182
115502,4095,8935,11769
190394,155,210,436037
24030,6740,6740,55
76734,300,50000,16555
22446,150,230,106574
192850,348,375,61278
171290,260,1200,19825
8766,4,200,604
124118,16,99,24772
1702,75,99,84
76682,400,450,15
203414,59998,60000,495
128558,316,316,212
19262,18095,26297,20
38375,100,103,118
21887,297,979,8013
205699,179,180,39
43987,3800,3800,227
192907,399,966000,216
79251,49,72,74754
141211,700,90000,24
10939,50,236,130244
76507,160,160,17
168427,38400,38664,219
43011,65,74,2930
31895,25098,28449,8
194827,250094,323346,35
163411,2089,2089,168
76595,14773,14773,11
69839,9900,9900,6
190395,110,148,37630
111439,100,7000,179
32413,500,500,1375
200829,34850,34850,141
60493,2250,2250,5
191533,1485,19700,428
41337,65,65,118
52785,9315,9318,26
88493,999,999,240
129001,109900,110000,53
76529,634,1995,94
2605,1,2,62861
192925,74000,79952,1083
25421,35,40,158
22845,9700,40000,109
22449,150,1200,61301
3357,5400,5500,4072
52141,500000,500000,5
179001,740000,740000,20
76653,550,699,19
176885,22500,22500,11
109693,110,350,227946
12645,11234,11235,65
37921,200,225,10519
171273,199,393,2688
23793,1890,3792,4103
178217,19,19,981
23736,50,97,739
128736,87300,87300,9
38884,4995,7707,57
200768,990,990,99
200828,2400,2400,30
137188,47058,50000,219
109136,100,2000,5562
109160,1120,22500,669
3712,355,7500,2400
76648,916,966,17
76080,384,384,363
43492,1985,2285,243
152512,550,1150,53274
173160,6039,6099,913
27860,4,250,238
198200,15840,19000,2679
173080,20000,26900,45
200852,1500,1500,71
151388,329746,329746,7
109140,18,55,16650
18232,13097,14500,669
200860,482,482,10327
140276,27,28,353
6888,15,30,579
108336,500,1818,2830
198164,493,493,977
136636,1000,1500,266
161344,70057,85000,1465
52980,29999,34465,3269
199972,76000,139900,139
12644,40,40,3651
45768,3975,4664,370
2672,15,94,11634
200832,550,550,271
23116,100,100,68
4776,200,300,34
52148,5124,5394,16
194804,5900,19999,854
197788,300,300,24217
38872,20029,23031,47
1696,40,400,75
159468,30,11140,136
108324,65,1000,10792
39512,35,35,137
168448,21080,23095,177
4780,199999,299999,3
179368,9963,10063,52
2456,30,440000,670
43696,100,100,365
67404,50,500,42
177040,40,163,1671
184096,8241,8243,248
58088,13500,32284,770
171428,2400,2592,17503
200944,4975,4998,68
198232,166,1299,1023
29548,4500,8799,7206
76672,604,6500000,113
11416,285,300,12
192652,165,165,116
107472,187,199,62
15408,4960,8945,3343
23768,70,169,391
2684,25,7000,192
58480,48096,49897,1617
82444,1200,1400,42
172936,98,9957,3624
62772,108,658,18
82448,295,7000,292
127844,1100,1100,762
5504,428,550,37049
109152,600,1990,544
119324,428,432,142
28104,500,13525,118
46002,7500,7500,32
23782,6572,6572,111
89674,1581,1582,26
152638,5742,474000,636
111454,45,50,774
19274,25021,45031,6
168794,49800,49800,24
19282,13643,999900,23
414,1,1,1509
5370,777700,777700,2
193554,159600,161800,652
74718,400,402,174
175970,80,100,54460
34750,18,635,162
52778,1006,15210,91
58266,10,7000,184
120274,400000,400000,4
188762,9605,9605,11
4558,7355,7429,39
19974,52900,53200,59
13930,45,6600,560
38854,7837,7998,74
6807,26,7000,293
58487,7490,8135,564
20867,360,399,35
112287,550,1496,80
23819,57000,57000,39
198283,4280,4280,149
43007,66,311,4990
52979,255,6000,9844
2251,25,96,2343
7071,670,877,1457
199991,510,520,340
194807,5500,12000,673
36783,1900,2370,1711
192963,44099,60000,50
110647,2699,1950000,126
67511,90,148,58
17203,19600,50000,4041
12363,11400,12273,4333
36919,996,9970,1571
190315,933,1299,132095
40135,13588,13588,28
201207,40000,48900,11
191319,1032,4893,6962
3299,100,175,116
76885,12599,13200,170
43381,777700,777700,1
109129,139,465,35412
76633,11964,11964,6
204837,466,475,33
183733,20000,20000,13
152497,98,2081,633
152541,61,3360,48518
180885,500033,500033,8
158377,200,3500,191
201725,2099,2099,407
16005,55908,55909,116
2325,3,13,32131
52221,2098,2099,15
11325,100,2545,1225
22525,25,50,145
97621,380,11000,948
52761,6500,6500,46
173073,20000,20000,41
39957,490,493,35
62673,8500,8500,488
31905,500,659,55
180317,1300,38500,470
4873,70,70,104
194689,244,251,748
42465,399000,399000,2
173121,884,485000,224
193952,116,154,3684
191500,12414,16088,226
172920,80,87,505
128648,8800,25000,688
11404,40,60,71
13364,6070,7070,28
158936,900,900,11
38924,94198,128213,39
190236,395277,395277,1
21024,1500,650000,1872
173036,77,140,3788
128768,149,1069,2694
188948,2970,2970,31
118280,20,80,83
23108,394,396,106
6304,8509238,8509238,2
22456,3049,3164,896
4404,720,2507,1266
197720,4900,6500000,144
72120,62,71,96371
39000,4130,4131,32
168788,1550,1550,33
193248,20000,37813,1715
2460,3450,3469,1030
52140,5000,5000,1
109628,600,19700,708
22448,197,276,16180
198412,2596,3000,1348
114016,248,7000,117
178132,500,62050,28
76888,4104,4104,75
45188,400,500,27
166804,5000,8600,986
114008,100,5000,13
79292,4999963,4999963,7
44936,192034,192034,41
2880,9,9,14770
19284,22522,99900,16
20860,41,45,1598
52764,300,399,42
153036,57698,57774,136
128500,75,199,2606
162516,12065,12973,206
192880,84,90,722502
2732,299900,299900,2
38768,10,1800045,337
10592,250,470,396
5048,188,188,716
151392,500000,500000,6
200816,2253,2253,49
74856,470,508,1041
136376,499999,499999,7
2730,117667,117667,16
83006,1390,1475,381
60406,68,70,53
126934,900,1560,485
199958,535,538,163
133942,1200,1300,204
39562,100,455,28
108342,300,318,649
204838,380,880,33
38786,575,575,49
172366,102,146,679
163782,515,19700,561
163222,338,473999,326
172934,100,108,49252
143750,55399,59993,259
41146,7599,54150,143
175962,650000,650000,2
12190,200,5000000,248
43398,7897,7899,238
139278,48994,75000,122
189146,499,5000,1296
38838,1470,1470,176
153566,7900,7900,79
52110,1000,2836,13
198506,85000,85000,23
7971,1029,5045,1277
174207,100000,100000,7
28595,598,600,33
176811,25,10000,1788
190235,9851,9851,10
160059,5,6,6636
199055,700,8000,2469
76687,1480,1485,15
8151,98,99,352
158747,112,125,59
2771,200,870,23092
193387,90000,100099,7
38911,1500,2798,33
79307,199900,199900,6
197855,39,42,1222
179283,30027,391511,11
115811,44441,44890,24
3819,900,3364,2790
147119,50000,65000,81
153603,3100,14655,6
178219,497,7000,146
158839,39,49,132
192653,182,180000,92
89737,146,146,58
2673,448,800,3503
200037,13932,14946,4385
5237,197,198,23
124101,347,350,144688
8173,243,243,92
10513,449900,499501,1001
79289,168300,170000,7
168313,99,99,826
39685,470000000,470000000,3
124461,1200,2500,11200
62269,50,50,28
153609,1500,1980,59
189149,2950,20000,141
38909,80,3000,50
111437,150,416,445
162677,427555,427555,4
205869,2185,2185,28
10840,100000,114686,6
38964,50,50,29
76088,906,1030,506
153620,20000,20000,62
127368,94999,95000,7
76696,3522,4273,40
20864,40,40,1059
111456,13,13,3061
174348,156,257,652
200304,322,7000,333
108920,12,12,308
80592,400,499,192
52176,6500,6500,13
112288,784,800,25
111672,75,900,5645
31672,121,133,737
24032,4595,4595,33
198304,700,6000000,144
8948,5,5,407
187704,38,4507,46361
58488,17817,20065,819
52780,10661,10665,78
23756,199,7000,178
36812,352,11100,517
198300,77098,77098,51
61980,100,190,17988
194016,499500,510000,384
198192,2615,3700,1262
133576,134,135,5892
119096,61462,61463,9
201192,4000,65000,24
87228,8910,9000,165
27668,65,2520,10052
132204,22,32,1277
9332,132,132,183
108328,70,2500,3057
41586,15539,15539,15540
112282,588,650,38
44282,50054,50054,5
111522,1138,2700,97
198238,5596,6996,327
38806,455,456,46
194010,6870,7898,3646
129018,52394,59154,235
132514,30000,30000,2300
10290,52,62,9973
38894,11832,12731,37
13466,921,1079,10390
6150,120091,121591,37
56502,75,1690,66
76626,37500,37500,22
45190,60,275,225
10450,777700,777700,39
200790,999,999,299
61991,232500,232500,11
76679,230,533,11
142263,193,194,354
44315,175,183,64
171287,297,297,10562
5367,423200,423200,3
137287,48892,75000,293
3387,7998,7999,89
32227,300,12770,3821
61999,12400,12450,2
112283,4900,4900,37
176391,379,379,29
163843,5500,5500,13
39527,50099,70099,22
76623,37476,37476,18
200007,1600,56302,10
180623,75000,100000,7
76667,1397,1399,19
38995,4102,4696,53
19235,7499,7539,22
70139,20000,40000,13
52127,8984,8984,52
163143,700,700,665
163223,149,490999,819
179295,30000,62500,143
194685,492,492,2397
169449,265,995,354
5829,90,200,145
198201,20000,20000,117
3241,195,200,656
61989,12900,16795,7
80433,699,4836,5596
74729,132,133,106
2841,399,480,6778
46001,28600,28600,16
144305,2516,3311,23
13933,300,7000,199
20877,90,100,269
44453,497,500,120
191513,12059,12059,3265
158861,149,150,56
76137,218,297,4480
173093,63500,63500,45
12208,17,25,8189
139288,46565,46568,215
154884,39,45,1494
138292,15,1787,602
200032,8987,15000,5172
153476,745,750,220
76688,500,590,230
173100,27500,29000,17
112272,8820,8820,11
173060,90,190,24512
153668,119,1380,60
118416,377719,377719,18
133680,299,745,38343
58144,1000,1111,229
168956,29000,29500,41
154164,23,100,25402
115504,90,500,39051
172008,3199,31099,393
76564,896,897,30
153444,14897,15000,60
63396,200,200,180
38904,7113,7114,45
197748,400,1098,70183
136556,1169,1169,64
62340,650,236600,27
194816,5900,19999,336
24036,2300,2300,23
76684,868,914,34
24276,66906,66906,40
32576,429,752,341
63272,400,400,9
52194,1966,3950,193
112278,817,850,22
199194,299,299,113
37602,114320,114320,17
44482,100,1500,407
154166,549,2760,168
87578,1175,1205,287
193894,3500,5974,311
818,229,679,8248
17058,285,120000,1049
171278,5000,11639,876
168314,60,85,951
136574,170563,170563,11
204370,8699,8800,419
172050,77,79,443
113262,14,445,44465
52082,950,2484,49
71854,119988,549800,39
57058,50015,74219,5
173362,175,200,245
60858,10500,11000,269
115470,39999,49999,6
4586,8,12,84
191462,234,247,457808
5506,2200,2255,24
109226,99,100,455
39350,179676,1806103,17
41266,4941,4941,209
176862,40,40,107
41486,45000,45000,10
40214,28018,28018,62
192746,180,180,36
173874,115,130,139
176874,120,125,132
201166,90,90,19
86026,153,155,322
52766,75,1576,103
30810,10,320,29103
194802,5800,12097,582
178114,200,200,350
198230,17504,17504,992
108354,1039,4557,412
35950,10,96,744
11394,45,45,365
90554,54870,500000,7
21718,12704,12705,43
38998,41295,41297,17
132190,700,75000,13
37663,54800,54822,651
173191,140,150,632
201163,600,800,21
21747,349,351,3517
35799,5000,8800,46
200011,70003,85893,42
39915,115,122,43
194695,832,832,900
82443,232,233,83
11291,52,63,27117
29739,76,7500,26785
128159,4566545,4566545,1
52295,19999,19999,17
158795,199889,199889,1
31671,95,2500,10357
112111,20000,20000,27
155603,34,34,297
52087,750,900,63
18223,75,88,49
4603,1070,1070,4755
44291,12562,12950,11
204835,755,1055,19
25679,99,1380,44
191367,250,6300,7877
41467,40203,43038,32
162573,20000,40000,41
192945,78500,84000,1053
173089,57000,57000,18
190321,11680,13097,27811
62413,22,22,589
52753,63,74,71
111433,19,883,643
194681,188,1720,913
38557,255,374,4287
34861,10,3500,64
21217,14,563,521
44757,38,41,42
178133,49,49,74
52205,7407,19500000,51
4757,105,105,24
136553,500,445000,17
193229,13252,13253,1403
133913,500000,500000,5
19281,29999,40099,15
178225,111,350,150
110625,1665,124999,267
127841,1069,18525,102
192701,2067,2067,20
192964,82500,85000,1371
173108,575,595,993
62784,100,213,20073
52772,2900,7358,72
204460,1489,2500,435437
2892,1500,3100,27
129028,46662,53913,209
71832,82885,82885,50
43120,4400,4500,1236
21536,1799,1998,1491
2840,200,300,41465
139436,55000,55000,244
199996,499,501,1103
13760,483,2425,2030
158744,2400,2500,15
176392,100,100,29
192688,3200,20000,184
30820,360,400,56
160400,77,100,4341
22528,200,200,730
5376,10000,100000,12
3356,444,1532,9858
108352,1066,6966,234
41460,1250,1250,24
115804,152,1396,11
38940,19776,32664,120
11392,100,122,356
54624,6814,6814,27
197768,5756,5759,1788
178136,35,35,187
76590,126139,126139,6
24066,2788,2789,19
153510,7900,7935,5163
27422,65,1200,4558
38954,150,268,37
76678,1097,1098,8
198498,995,1194,98
199998,559,5624,567
23354,190,10000,107
175954,250000,250000,8
192718,2200,2200,487
79302,97063,100064,10
110626,250,124999,201
190314,8285,14033,60076
173062,20700,20700,45
52250,3099,4896,30
52218,2498,2498,56
38946,72817,72817,24
101662,13200,13200,243
6362,115,1000,9241
38987,1075,1075,15
77531,298,298,56
52687,379,435,39
180307,20000,40000,9
200787,1250,1425,232
71863,89899,89899,43
168447,9865,9879,256
44263,12978,45078,19
52095,3387,9694,32
71807,28900,28900,106
17407,128,129,96
199195,5996,5996,809
130183,700,1034,1218
76135,110,399,4253
46703,300000,300000,31
67403,400,60742,22
40059,8485,8486,9
52763,90,99,79
163019,85,7000,217
198231,10307,10307,330
108347,18507,19900,106
38839,75,1327,11
198503,12500,12991,131
184283,80000022,80000022,1
118631,550,800,388
76139,1299,1450,2832
74703,1407,1408,26
4339,84,87,23440
52083,1144,1144,27
21023,19800,20000,702
52207,19761,19761,15
74863,523,527,1085
36743,11049,11049,87
6291,14,124,14682
151391,30000,30000,16
39691,15,35,259
191507,1998,1999,1117
4363,900,900,11
8167,350,469,2935
24275,21500,21500,36
136555,2599,882476,19
46391,50016,50016,20
130179,2660,3430,351
63293,4440,5539,119
158821,140,140,120
203865,3500,6725,678
39005,300,317,26
200049,97900,100034,1058
61985,90,7000,182
4097,87,90,166
44157,9916,12416,74
49625,8200,17500,19
200769,476,476,197
43369,9499,10000,192
67401,120,120,38
3829,6499,6499,284
41801,180,4000,3710
10309,3018,3018,71
137557,2901,2902,29
5637,1600,6599,1908
201221,500000,500000,1
132513,6000,30873,67
71805,254494,479990,274
74713,92,188,264
25521,75978,75978,48
29564,90000,100000,29
198508,9000,9869,911
113588,1300,76400,7952
161128,50,78,780
76568,142,300,60
81924,39,39,641
39980,1048,1048,44
31896,799,1100,56
36808,500000,500000,3
72988,18,105,29523
52160,459951,459951,2
180060,7949,9968,710
113264,15,455,31423
141320,2500,2500,59
38264,40000,236600,9
8172,900,1227,1866
159464,50,11167,91
71852,47988,48000,99
52186,1690,1700,22371
74654,106,416,181
38890,90030,90033,26
100738,20060,26860,33
27674,40,62,2434
200794,2300,2310,31
22834,2908,3009,66
108306,1900,1900,1458
38558,1170,550000,1946
8950,6,6,509
151718,1900,1925,2332
30458,20,7000,148
118414,4950,9999,1814
184390,222,222,20
191378,400,1065,2778
27678,276,2000,6654
45194,40,50,124
52242,4800,5000,37
76538,473,645,153
103786,50,500000,91
172902,300,300,82
74643,80,250,691
40215,19600,56267,93
72235,109,545,20130
192935,75000,77540,1119
34823,99999901,99999901,1
191335,43500,43855,2951
204463,640075,699999,5724
158789,14011,14450,20
43125,65,150,7756
62005,20900,37975,6
45189,100,100,26
4233,2120,7200,595
33053,15,7000,206
11285,11032,11032,439
76661,2019,4722,18
200533,200000,224950,6
76553,749,3925,380
40109,5497,8686,228
24053,451,479,26
129289,90000,99800,1157
31885,45000,75950,7
5429,17500,236600,8
23841,25500,25500,65
74857,894,1013,890
168189,440,1050,1581
63693,9900,9900,235
83157,1000,1098,657
187849,72597,72597,90
158849,2800,4477,32
76093,121,440000,620
139389,39999,67319,14
191325,1291,2869,751
133593,92,100,1380
178137,12500,262500,6
53068,84,2500,10906
38836,75,1327,32
200000,547,547,196
62276,67,67,47
162572,5831,5831,138
144304,2000,2400,41
168828,17000,49900,32098
22836,100,10000,501
112296,777,800,9
52124,10496,10497,31
19304,7,7000,216
205868,1580,2088,38
1520,30,30,996
44264,4455,6080,15
52232,1500,2300,47
89680,3149,3516,54
158380,1500,1500,1025
52292,15500,16600,9
128730,55081,55081,19
204234,1000,1000,63
5498,376,4500,18489
44754,180,180,53
197790,2862,2867,13935
52174,99998,99999,5
40090,3561,3748,15
128542,12950,13235,118
62526,3235,4743,37
74822,7,2007,465
76698,1990,2893,68
137274,42296,53670,267
154706,1200,1999,1731
192870,1555,2982,24600
24246,25,300,2210
175053,2400,2618,95
2997,83,85,141592
118681,1095,1095,31
18633,20,25,299
67385,200,499999900,83
175957,270,275,15
185481,1625,1625,200
42701,900,960,172
24477,172,595,58943
23385,1000,1000,31
44285,34700,100051,12
785,164,244,12163
193561,2841,3071,1815
116409,2200,51500,396
19261,1107,2108,38
89112,575,635,16079
166240,40000,100000,163
194732,600,655,115
192628,63,63,402
174328,447,450,8077
63128,22464,75000,1615
43328,120000,310000,2
200808,545,545,209
151580,2500,2500,26
187888,76144,78600,159
113576,100,100,52
44500,199900,199900,40
193420,40040,50040,13
151720,3799,9989,602
1180,179,9933,317
192664,179,179,59
199060,9900,9986,40
2772,474,713,22816
200476,400,400,86
190880,683,683,230
200224,41469,41499,678
58086,4900,465000,465
179986,620,620,108
63318,189900,189900,10
17406,9,7000,93
30466,222500,450000,16
178134,1800,2000,28
60390,500,500000,9
193934,14298,14898,5359
136554,50004,50004,21
44458,140,2096,21
44958,3100,5999,2239
193262,51,2129,67032
23098,974,2500,97
61998,22999,80099,5
113142,248900,299900,11
3818,494,5594,4659
17034,45000,272500,2
108338,495,2500,3318
201194,150000,150000,7
205417,9,10,575
6305,2000001,76000001,2
3821,2999,7501,13392
76561,150,4004,44
19221,100,100,361
200033,8969,16969,3366
19273,9405,9998,38
76585,20544,1000000,30
44773,340,349,114
192936,39899,12000000,72
3180,66,66,81
38796,255,255,36
87244,9500,187110,79
108296,772,1160,880
23764,22682,22682,11
36916,1800,2885,63207
22324,5000,5000,280
62780,418,569,1227
25456,100,4500,143
200616,11910,11910,348
192708,2100,2100,106
158736,270000,270000,3
63316,75000,75000,8
132752,18,20,276
38876,1055,2721,20
191516,13000,13758,2601
38948,8918,14203,88
56052,1000,1000,23
41488,367749,367749,6
85584,240,19700,311
74720,70,74,34
38908,1891,2023,32
112300,833000,850000,11
199936,500,510,228
200680,784,936,174
176876,700,1999,53
177062,998,998,8140
168790,3900,4000,28
112290,2851,2909,86
52774,19367,19762,70
139786,9000,25000,3850
25890,340623,358550,15
74866,73,100,4344
178542,3700,6183,19
21114,4,7000,185
23530,19802,23702,53
43122,1400,1500,3625
67438,1040,53525,245
4594,20,5500,1013
30478,2599,2599,10
32062,2454,2555,448
34330,999,1519,59
2318,238,1100,42614
74848,180,2565,1837
202712,100,10000,208
32388,7984,14498,16721
199944,523,2900000,319
187884,84198,84200,138
188684,19998,40098,45
74636,13,156,586
62664,500,999,545
7068,15,2000,25941
192928,50000,55700,967
159140,129,129,46
28060,50000,333300,1005
193208,246,400,29120
39968,668,671,121
34768,6887,6887,111
40212,903,990,270
81196,600,600,61
200012,155098,159897,1737
77468,787,800,5164
82960,275,300,1521
126936,13000,13500,194
175052,1500,1592,49
35760,585,585,202
52188,96,97,6529
172232,73,1200,1131761
192654,175,1575,107
23826,2500,3500,106
2770,100,300,133126
22786,200,1266,11449
8150,45,200,35645
6714,600,600,171
159850,3830,7000,146
56550,39049,39055,47
173086,8967,9967,79
2886,3300,12600,1373
132234,268,268,41
108302,500,19700,639
140302,6969,6969,89
194754,2412,2654,1028
199058,29897,29898,183
62274,99,2500,10
198174,1860,19700,179
153494,38,10000,215
32224,700,49900,11
155636,37,39,107
195360,1682,1682,43
67304,650000,650000,1
117568,99,7000,193
38792,73,73,32
44144,1485,1485,29
188836,32175,32337,4
190380,14300,14300,180
130192,44,45,367
32720,34105,35900,1171
86592,1070000,9999900,533
172416,21,21,70
111444,15,29,768
197764,532,533,19310
163558,249900,249900,2
132982,102153,106927,16
173162,7000,7000,490
173038,50,55,778
74642,25,200,212
6370,2800,2850,907
52746,800,1805,25
53066,20,99,14468
200568,2000,16975,52
22452,1478,1600,4053
153612,900,3500,89
152560,99,494000,425
52220,1555,4314,38
180168,100,143,176
112292,490,600,38
173104,57000,57000,12
52748,3676,3869,90
171264,45,248,697
129284,6000,6588,195
36860,4450,9000,22328
192844,220,290,22199
166664,22464,65000,58
163056,2000,2000,53
40008,1199,1199,24
74644,489,1135,513
173360,55,55,162
23576,19689,19690,45
33052,400,2279,1016
124444,1980,3201,5042
41164,200000,200000,2005
74844,70,85,18681
38776,250,250,119
31916,270,399,46
108356,6685,13192,800
187936,99198,99200,163
198504,1000,2384,258
19264,9999,10000,33
76504,200,300,60
52152,560,560,22
132232,697,5097,15
143588,59969,60000,292
108340,400,433,9617
25428,85,142,103
160484,5557,500039,85
124112,241,241,10585
128540,102,140,49
110632,399,451,21
76692,12701,100000,10
62272,100,200,57
193384,2000,5435,46
180624,85000,90000,71
52156,33300,87862,6
11420,7500,7500,126
159756,590,590,46
128312,1400000,1500000,11
115808,1872,1872,51
76136,243,1116,8371
76576,2050,2222,46
197856,686,686,1609
140568,44950,44962,10
173088,5000,40000,7
2996,23,149,748474
20676,835,835,74
9336,168,1768,49
152812,8997,11996,1346
39524,120,208300,8
136708,11875,17423,605
205472,17500,17500,13
42780,12,1000,18781
44280,200000,200000,4
1712,500000,500000,6
203412,37199,37200,167
18588,870,875,186
88156,129938,129938,5
194760,5801,7333,325
191512,7995,8788,331
76676,533,50266,6
130180,598,700,316
39520,22,23,402
10920,999999999,999999999,1
44456,253,255,43
44768,100,500000,6
155600,14095,14999,31
3928,35,42,1791
87648,300,400,19
5140,500000,500000,2
62000,55000,55000,11
201584,500,891,356
100734,50000,50000,8
198499,12090,12577,1479
56551,41889,41890,33
193370,860,1500,139843
198296,2000,2045,392
158830,60000,80000,11
130182,269,400,511
28101,400,471000,400
192871,20000,39598,5902
9061,2278,4533,554
81415,64,7000,276
109584,15000,119095,173
7392,2865,2969,1706
25868,139998,140000,42
28103,563,1000,2776
32067,539,539,167
129003,27242,27242,33
40067,799,475000,228
58090,134,134,269
29454,255,7000,193
200532,1099,1099,13
67229,1195,7500,1749
76666,7490,8500,74
199937,697,824,190
28053,4000,5000,3779
192845,289,403,55628
24368,100,100,361
190311,465,540,105200
62529,700,700,63
35287,2000025,2000025,21
41594,11047,17906,244
3402,200,200,22
162663,153900,153900,8
191506,152,169,486
57066,119,120,42
4289,8,25,4018
53072,20,89,3372
54831,50,51,180
128985,8899,8999,10
56236,1522,500000,5
201313,3300,9900,193
53069,113,400,1961
179270,27400,28300,33
18635,35,50,242
133569,916,917,596
191519,7488,7490,1627
28118,9999,9999,153
158836,10036,36036,7
128851,40000,40000,22
28362,2598,2598,840
28119,22900,22900,304
28363,10031,10031,163
28123,10014,10014,200
41489,2000,2000,20
76539,150,72550,41
90553,2200,2500,53
158743,15000,15000,3
100735,550002,731150,8
200034,2694,4453,10239
200004,1411,1500,622
200815,29099,30000,35
80594,400,495,112
191861,1200,1400,319
176854,2900,2900,7
107663,200000,200000,3
185739,230090,698090,5
185479,1000,1200,26
62669,360,999,468
200766,19500,24750,67
192659,299,299,61
192613,100,100,11
45909,17500,30000,27
205237,490,250250,4
198260,937,1900,414
201314,834,1244,231
205242,300,387,20
136549,125149,125149,20
136551,989,1713,86
30475,7500,7500,25
62435,50,85,72
79303,100000,100000,2
24268,100,199,594
136552,149432,149432,8
94536,50099,145099,29
136558,3534,3535,58
204310,250000,250000,7
205698,2290,2293,136
44618,100,7000,165
44619,1099,7099,98
76090,158,466000,603
76079,250,999,2429
192719,4450,5969,215
58091,55,9900,611
76095,72,999,1302
57191,600,494000,332
198208,50,80,314
58143,222,400,102
39666,2132,3000,937
41475,240000,256965,14
58089,990,1266,182
58148,2585,23525,76
40077,100,494000,306
46376,1145,4499,1335
58094,1036,1199,165
40073,498,2998,258
28100,440,10000,483
163643,99000,99000,36
179018,60031,98831,76
2454,140,10000,393
158752,140,140,27
200054,724000,849888,998
192943,50000,14800000,48
158870,36,36,159
194734,611,611,125
203407,19773,19774,575
174282,97,7000,187
140188,95,95,241
74645,1150,2274,504
191362,7500,9800,683
176860,1600,2367,7
158871,1000,1500,18
200056,665999,675000,621
159789,8062,8062,59
152296,4000,4500,52
38850,988,1336,163
200773,4277,4277,29
160330,531894,2500000,46
1697,525,702,58
20770,200,200,33
194752,1213,1326,5862
12209,1567,1567,307
194737,10000,10000,147
192994,118147,119700,2506
24051,2678,7500,19
6453,280,940,723
192912,3000,3984,337
155609,48,50,200
193930,1265,1933,101273
82328,100,100,167
168789,1072,4072,12
156624,750002,750002,2
38955,92,92,153
38966,614,617,89
115012,1609,314950,10
3179,50000,499900,15
192993,39000,42082,4878
153431,69,20000,38
198209,2100,2200,671
168795,435,4250,14
163692,1100,7000,51
24060,1287,1288,41
138975,40000,350000,48
4623,126850,129438,21
151444,10000,500000,5
60576,110,621,162
31867,972,1711,9
39220,25,34,121
30512,588,588,5
32063,2125,2144,346
3390,1999,2000,357
66950,400097,400097,2
201165,290,298,31
198413,2864,2995,4101
5633,3348,475000,318
32212,3067,3067,286
5066,4998,397500,42
22840,4090,28215,331
136606,4900,4900,45
52179,1454,9900,4107
133545,6999,7199,101
32728,1500,1500,15
204859,3992,8375,18850
172062,112,112,279
60743,398,398,26
39900,375,530,50
39966,495,9000000,67
41432,814,814,17
41482,18900,18900,8
4428,500,2500,16
3931,80,80,30
3171,12,5000,73
55978,260,260,53
76141,368,999,3039
76694,4223,4299,123
199059,700,1398,589
28458,899,1699,409
198431,2594,19700,409
194868,18799,18799,170
28461,2499,10022,423
116147,999,999,1027
28463,230,293,609
28464,1465,1960,410
130222,1921,4800,70
36809,40,44,15
28468,510,5510,402
71864,10042,10042,22
2888,390,7000,168
33185,124996,124998,44
23386,200,10000,57
30155,20,32,224
27659,49,460,391
200772,1249,1249,59
199054,12499,12499,133
116172,3999,3999,557
27660,341,342,551
961,210,7000,152
27664,200,499,164
27657,23,7000,145
34850,594,594,138
33547,189,236600,13
52177,1500,12575,3892
180880,500000,500000,6
204623,1969909,1979999,159
151394,14900,15000,14
90561,30098,69998,80
32220,7546,7557,305
36912,950,990,60240
191468,1950,2814,198433
161126,1284,7000,157
175054,665,665,48
193410,190,190,56
32199,1369,1369,423
52158,182134,182134,18
39983,199,199,90
130177,185,2231,3158
110617,476,477,52
32205,750,15074,1690
76540,150,156,75
177025,8900,9800,23
40022,3225,9266,43
62323,3250,3250,736
76627,2400,2498,7
175924,15940,15940,37
109122,8250,15009,17
52773,5999,6096,56
204836,189,200,32
35758,350,15000,40
175960,600,2000,25
111441,50,190,1138
162026,290,15000,67
112182,13000,13900,529
9179,600,600,319
192711,2200,2200,15
200031,8964,19364,2548
204313,4500,10750,20
67397,81,449900,26
74834,199,3500,6460
38856,150,350,40
38682,10,18,52346
52767,275,376,56
192924,39050,49950,173
43124,1001,1025,4940
201467,37595,38500,50
201466,698,898,105
132233,26,26,395
132217,400,400,48
81205,200,1400,420
163076,194,194,1161
132200,699,699,24
192979,12499,60069,369
33867,2000,4987,48
24291,511,764,455
13366,10000,54950,8
63306,355,355,367
63304,500,500,424
197857,111,121,445
200833,11138,11138,28
196540,95,95,232
35951,11,2511,310
12435,11508,247500,136
153623,100090,100090,35
128990,49900,50000,32
77547,2235,2235,209
77544,1495,1495,244
193935,91000,150097,196
6371,1225,1999,3705
153480,4598,5505,29
90555,2000,2000,20
18251,8041,8041,12
192668,200,267,30
199939,20000,20000,106
129285,4000,19700,298
44467,7549,7551,83
36929,250,9000,1474
22459,1800,1800,49
191948,200,200,177
132213,698,698,26
130175,372,2002,2438
32717,9000,30000,4
25813,49900,49900,17
4459,500000,500000,2
198420,654,655,25643
205872,299,299,19
9358,500000,500000,22
76520,205,241,11
89679,7597,7598,5
76530,150,150,17
76505,150,150,121
21990,64,64,572
192851,750,910,188525
44286,58443,59033,9
44287,250001,250001,15
10586,5999,5999,114
31915,414,514,32
186725,19,19,1581
172017,100000,100000,247
192865,1110,1129,21181
158864,127,127,47
201420,1490,1495,6440
23827,18522,18522,98
176807,135,202,37
35285,15000,19400,769
178546,30000,500000,7
8169,265,600,1186
52758,100,5000,80
43501,399,2575,3167
173761,203,7000,146
60399,44,44,94
62237,89999,4206969,814
90558,1225,1225,9
153662,800,1260,115
18594,26936,26936,91
151651,19899,19900,43
3776,100000000,100000000,61
1178,30967382,100000000,91
6293,48,48,23
2091,2000000,100000000,26
192848,332,609,38561
198236,5708,15000,239
204845,450,683,1335
25894,180120,189951,19
200838,3590,3990,108
192835,736,759,1466
12223,90,2419,5684
133562,36,38,239
1082,100,162,191
133571,17,998,396
3663,50,7000,313
191357,2702,2849,804
18944,978,1522,239
197849,74,75,557
133572,50,95,463
52765,599,600,46
60488,1000,1000,25
23987,212,212,41
37140,1865,27500,105
194691,98,125,18082
192839,299,552,49766
107603,25,25,48
108980,185,186,32
132183,288,288,62
107462,1009,1010,18
108977,30,75,413
106889,129,130,114
116923,30,70,97
10620,214,500,81945
106875,150,150,29
106870,44,98,660
107461,1244,1246,45
106867,35,35,242
106825,2500,3358,66
107518,148,148,21
117437,95,7000,185
76142,1045,1500,1533
90552,400033,7850000,16
203763,1999,1999,1487
38818,15,25,46
61993,12940,28940,10
192934,40000,4925045,118
43385,999999999,999999999,1
79311,250071,250072,13
192843,200,380,8321
133563,50,101,769
169152,82,87,300
22642,15000,17888,46
192846,201,340,1669
203762,2098,6529,461
87246,1350,7000,422
104314,12,7000,250
87230,6500,7000,334
25898,74837,74837,41
200040,12594,12599,3681
191933,190,269,1162
67335,1549,25098,1690
116148,999,999,1390
200036,2697,4024,13494
49908,700,1050,741
192842,298,360,54828
33093,53233,53723,488
158204,3400,3400,966
73260,15,15,512
72238,595,8900,50078
178218,150000,150000,18
4555,12,12,46
189150,395,516,6713
38777,11,44,176
155810,500000,500000,1
38984,1002,1002,9
42430,40,80,261
142262,19089,19090,64
163137,3751,3751,121
52749,125,199,105
180057,1350,1999,2515
18645,2000,2000,137
4398,9900,9900,47
192973,23263,23500,1199
200853,6590,6990,25
82449,518,518,412
89683,66,7000,143
3391,1084,1999,4297
17035,1000000,1000000,1
204834,1391,1591,28
193925,770,807,19225
199216,871,3059,3069
204973,4999,4999,6317
56204,50,75,100
194786,6000,12099,650
3673,499,500,20
127004,149,175,23469
111656,45,78,89723
6522,2100,3499,50858
34767,3845,6122,74
34754,1900,1999,196
74865,855,860,3104
74655,1450,2882,298
74859,487,800,2817
783,600,8100,2158
3369,2000,9000,3303
139783,1500,1500,23
200800,600,600,166
17202,800,839,50493
34766,193,7000,95
55981,500,540,22
192837,352,360,2820
193931,1981,3499,96841
60336,100,142,21
197741,18,95,849934
1701,50,50,88
38878,15000,39734,23
52163,1200,1200,17
40216,89466,1812987,25
23572,165,1824,5800
41401,9998,9998,25
40034,21500,21501,38
22833,20000,20000,42
39991,1227,16504,15
38939,26713,26714,39
192834,986,1800,6309
16202,500,7200,5783
23765,300099,300099,16
155635,200,397,111
22577,306,600,11742
142103,99200,99200,64
71819,59968,59968,169
52289,14999,15000,49
111452,50,50,505
128991,49900,49900,25
133589,97,1297,1100
25899,80587,80588,37
71873,77515,77518,84
41478,99975,111175,5
168216,465,5000,5620
12216,350,662,206
130903,1512,2126,1689
2678,2,2,149579
203862,35225,35226,778
41333,2500,5295,16
176882,2713,500000,5
11284,10000,100000,118
3669,88,88,21
191461,145,243,875771
71998,99,1800,11047
5466,101,30000,5146
41455,5100,5190,11
62268,43,43,44
124115,475,2500,9493
3403,20,20,46
7098,77,12377,90
4867,2767,500000,5
198291,300097,489991,29
178113,190,200,152
17222,29,7000,217
2319,1699,4499,40164
90557,2000088,2907339,8
25440,150,150,41
38919,2500,9962,22
38561,3114,3115,3348
128721,500000,500000,3
128728,824996,824997,5
128743,500051,500051,19
770,289,400,34
128739,850051,850051,14
128740,500051,500051,4
33449,9,9,901
193470,3085,3585,24385
154167,999,1117,1504
173871,1080,50000,33
192702,1996,1996,24
176089,250,451,23
108309,65004,65004,49
174285,50,50,202
172055,82,683,25288
74710,51,66,104
124116,10800,12500,706
32852,299999,299999,23
25442,500,20000,11
163900,777700,777700,2
163898,499900,499900,2
163906,3500,120000,12
163918,500000,500000,2
163915,236500,236500,11
192841,285,300,10562
190452,1374,1375,47751
163911,1012,120000,9
163897,49800,120000,10
25802,5550,9950,8143
44571,200,7000,233
39513,75,75,49
90047,500,2500,14
43001,275,319,469
39950,52772,96449,12
52291,30200,30313,21
4231,800,7500,2561
178178,420000,5000000,20
59227,240,7000,162
55975,435,50000,55
55982,190,5000,112
204825,999,1280,719
101745,10000,500069,16
179272,500019,500019,27
97624,300,19700,535
79868,22500,150099,503
71806,15000,18905,58
61982,208,7000,157
141207,1200,350000,23
52191,6000,8000,215
22830,1495,2464,77
4539,206,206,584
52193,3959,4850,871
134053,390012,390012,2
38852,11,500,193
27856,135,135,520
42429,488,493,449
81195,100,500,66
76502,200,398,245
194761,3800,6682,508
194725,4846,4900,171
188672,12500,15000,37
41434,2517,2517,11
43086,1098,1098,848
39981,209,209,26
110682,7990,7994,58
11419,6000,100000,20
200805,9088,9088,35
74728,2410,2410,34
41593,9500,9500,1509
200039,14833,20034,1461
4337,369,900,18262
198614,15434,20001,10075
199052,8000,8691,231
5124,9,11,106
188811,19000,19000,65
198497,29700,34000,56
191467,1900,2694,31819
36908,199,263,7431
203408,30692,30693,126
201317,2499,4400,383
188791,6563,6629,7
201311,700,3500000,366
188827,9900,9900,7
188946,85000,195000,34
23105,2393,6053,22
140189,300,7000,257
39954,211148,409061,11
71827,64254,64255,89
71850,59843,62993,99
40058,89967,89967,20
23101,494,520,25
52781,9900,9904,77
168419,13597,13700,620
45087,58,1800,9427
74721,300,489,52
129032,638,640,75134
184690,11078,11078,70
38967,1539,1541,143
188792,4807,4807,27
43115,1100,12055,2154
38865,3109,3111,23
110642,1999,1999,35
108300,500,19700,643
110654,1400,2000,30
32849,206960,206960,16
52779,1408,1408,24
38871,59877,59877,66
5473,167,167,374
72162,100,19700,738
10841,4793,4793,351
71853,124699,124699,24
38913,13077,13077,13
39939,28690,30200,28
38809,81,439,15
108299,4900,4900,1058
25901,2591,12594,27
5470,50,289,3699
191460,207,244,25369
158808,180,1288,164
3530,55,100,2512
111455,35,45,938
191464,220,812,23509
159872,10019,100019,29
112165,8220,12983,59
74833,200,500,4914
188682,282,282,162
200774,488989,488989,11
163639,27500,500000,22
13462,2222,471000,358
105707,25000,25000,34
10507,1998,1998,379
18262,4338,4340,48
200810,14087,14587,28
22838,5991,5995,442
38979,596,600,72
77467,2087,2239,3380
43480,9000,9000,102
179019,7500,350000,5
153611,60051,60051,36
140269,33193,33528,40
115809,8360,8800,37
197745,165,185,473763
88530,350000,445000,27
58085,1120,19999,624
158834,461,2300,1380
183951,285,427,1074
71842,58091,61148,82
31676,1047,1047,219
120269,199999,199999,6
32851,204697,204697,10
38791,99,273,19
194756,59885,99910,155
71826,31626,33290,51
41385,39999,39999,29
41499,69816,69816,6
18283,279998,279998,8
20541,99,1200,1171
186522,2300,50000,370
56968,270,270,29
38936,46319,46322,35
11584,154,7000,299
62328,200,200,105
3577,2189,4627,21936
38430,10000,10000,42
71818,61890,65148,42
41376,15032,15032,22
179014,25000,32100,93
114017,16,7000,192
24476,140,362,878
193567,9200,10000,367
153251,499700,1000000,32
80593,488,488,85
141318,12250,12400,32
168755,80000,80000,11
74701,183,184,58
52752,700,750,41
41493,14526,15223,5
41451,2752684,2752684,13
71874,124099,124100,39
163152,4033,4033,80
167043,4026,4026,103
167548,5878775,5878775,2
33872,575,697,95
52109,12973,13658,34
171291,1100,1200,7788
71823,146439,189900,31
192671,800,800,122
205243,9500,9500,15
20452,2600,5999,633
106868,133,140,29
205240,40000,45000,13
192920,18049,16000000,48
63307,94326,94326,585
163207,4000,4000,73
130904,1375,1499,1748
52340,159,539,3231
163050,106243,106243,59
155811,250,15000,234
4876,200,500000,5
13363,400,5379,47
173079,9489,9489,9
133980,2504,2504,61
153646,20026,20026,15
163054,2406,2475,162
138977,1500,500000,93
163083,300,7000,73
117452,475,475,132
118704,557,557,148
133564,1293,1293,909
74653,199,250,754
200771,50082,123182,19
81405,34,42,429
138978,800,7000,83
74646,522,1999,1664
169660,2000,4000,274
13454,2999,2999,49
59229,495,7000,60
191366,799,1300,363
120168,2999,2999,562
62665,999,999,310
34757,840,840,13
171352,5375,455000,305
63251,169,7000,201
62661,298,7000,195
191504,2200,80000,244
191349,1499,1568,487
195459,703,711,469
29563,750,123150,27
112090,630,630,699
194688,685,690,265
201413,868,7000,132
163154,4000,4000,127
31673,320,321,400
38427,20000,290000,58
197763,993,9992,314
40097,900,900,7
193020,2468,2499,109
10514,275,275,263
198495,2975,2999,267
62239,4082,15000,10
169949,2000,445000,40
6986,500000,500000,3
198211,3200,300000,239
140668,19998,20040,95
2686,700,700,427
138488,1205,3600,24523
76085,500,1698,479
52206,10000,15000,135
46765,200,200,80
118711,1115,2000,1256
158203,1549,1550,71
198223,3599,8075,911
39671,454,649,764
198550,3095,500000,3100
117474,5000,6100,73
162557,99,7000,95
19224,52,7000,217
127836,44,556,684
49632,4000,4000,556
163522,700,7000,113
173042,500,1000,106
201820,593,7000,156
44327,500000,500000,2
140587,975,1090,720
46766,400,400,172
81406,14,144,447
163107,197,2197,104
71848,56637,59620,44
179276,89930,499930,67
12224,351,351,61
201162,40000,80000,11
6316,4061,4061,66
32409,79946,79946,23
42996,4366,4366,192
200652,7539749,7999000,504
163147,1000,4000,141
38788,1436,1438,28
38873,29896,29896,217
2682,14,7000,151
199938,39500,39500,15
199980,904,1880,1224
151584,2399,3998,57
44501,175085,175086,119
167739,100000016,100000016,2
43478,40038,295538,146
200017,60000,75098,58
172370,99,214,428
194724,795,1700,345
205684,7300,9900,966
43009,100,733,2844
181468,9911,10077,2230
3181,700,1100,105
152496,700,2596,271
171349,449,499,1326
168652,12400,18200,775
43521,300300,380000,10
168654,19900,19900,691
9355,500,550,23
171270,433,1085,1217
167862,2600,2600,2773
39774,501,770,3119
25895,90160,94905,21
3170,40,40,89
71846,43380,43380,28
117439,89,7000,212
34721,180,190,1261
33454,5,32,378
3167,169,80000,267
20870,200,200,27
12431,100302,103404,21
153647,47,48,105
1703,333299,333299,3
4585,25,34,62
5115,75,80,137
5117,300,500,16
11407,28,50000,25
205235,3500,3800,26
27661,25,144,243
141319,299400,299400,25
192977,100,1900,6656
11408,500000,500000,5
39917,20795,21766,25
6038,26287,26288,132
43118,2801,2850,1102
190534,25095,25095,1340
108360,15012,15012,64
79254,101,213,115848
115352,1547,500000,176
74921,193,7000,129
35315,29016,29016,12
155909,350000,445000,62
43854,1495,13886,162
23528,500,1555,45
191510,14041,487000,314
29560,5000,10000,16
191385,399,525,1558
6372,1200,1999,3554
198207,300,300,1199
163053,400,400,115
205173,488800,489100,53
163051,1100,7000,168
13929,100,1200,383
7228,97,7000,193
76096,822,480000,241
168959,4500,4500,37
17307,255,261,1957
62670,999,999,702
15993,902,1259,130
173058,3695,3695,3450
12404,198,3934,221
43119,400,514,4843
2608,400,400,20
6041,17999,46856,20
62668,207,999,925
43005,700,700,291
197848,110,7000,233
111603,80,25000,297
76097,199,830,915
16167,2073,2073,1082
2457,4443,5250,96
172903,695,700,325
178552,59,7000,135
140273,200,7000,59
163149,700,7000,111
5095,100,100,528
63308,600,600,77
3385,16,50,2365
76078,900,931,30
81400,15,144,684
133566,75,310,228
89326,400,495,120
62663,521,1999,398
159848,200,7000,170
33042,396,7000,196
6458,79,7000,263
2458,500,955,512
191256,500,2236,1572
37092,1125,100047,114
17198,258,563,335
178226,15000,15000,148
128763,295,7000,174
142334,5099,5099,294
201045,1032,7000,130
44575,1400,7000,193
127846,100,100,529
23329,180,50080,22
44325,4006,4206,5
171285,680,688,1993
23575,49,67,131
159825,766,866,30
63303,1000,1900,142
13442,550,10000,750
17747,384,7000,75
4791,2025,6550,168
42995,400,400,336
76076,299,300,441
74650,1231,1999,2799
186726,1000,1000,538
163145,3852,3852,226
204308,65,77,58
71869,24988,24988,54
39997,12400,12400,32
71878,22124,23288,42
71862,51058,51058,48
168641,5110,5200,38
43116,1701,1750,2268
39996,9525,9525,23
204614,20000,24750,230
71877,20095,89900,89
128988,119400,119500,52
192097,150,244,159589
71829,68334,68334,30
132526,23500,30393,10
40051,4513,4750,21
168797,7700,7700,13
194970,1100,9791,37999
41445,193180,193180,9
71868,43037,43038,82
25432,80,100,21
20871,99,400,72
77272,4097,359603,18
158796,4599,4599,9
142266,162,839,22598
67310,44800,45000,33
4359,490,19700,2135
39567,49,59,101
8152,600,800,47
33576,398,398,49
4460,100,250050,14
5368,528,500000,6
5118,86000,87700,22
3301,30,30,84
6826,70,70,28
198507,1750,1800,60
3665,28,4599,1154
4557,200,200,36
201047,941,7000,316
110866,999999999,999999999,1
22794,374,538,14942
71859,26524,26524,54
6444,850,999,166
12808,5500,10000,1769
71847,18084,89900,131
71836,39835,39835,41
158848,200,900,72
33048,1000,7000,194
58865,1510,1510,18
39218,30,38,92
39209,150,179,252
33638,16029,18029,62
137643,419974,419974,5
111434,299,299,828
194683,240,240,2376
199974,29999,67500,93
108439,5600,6507,1617
25430,35,35,45
44770,480,9080,29
71881,290000,290000,75
54837,2494,3994,15
52241,8715,8715,7
189154,600000,777700,188
199987,999,1385,310
44277,183095,350044,12
188681,6000,120000,37
62527,20000,20000,39
198318,199999,205000,369
52204,8888,8888,76
192840,300,402,8394
52223,1098,1098,81
124105,799,891,13130
52228,2010,6587,13
36810,200,290,40
119157,2500042,2500042,1
139346,2500001,2500001,6
12810,8773,8774,13980
733,3,9,347
56516,2825,2833,28322
115815,35640,36000,37
50816,70013,70015,95
171196,3099,3100,869
11940,50,428,51
60392,25,29,50
11939,50,50,32
5042,548,548,201
128835,145,7000,132
29292,25,7000,114
128840,495,500000,151
54442,200,250,1030
11942,1500,2039,14
202290,1949,1997,3515
82344,125,7000,138
127760,195086,195086,26
2685,88,7000,52
172042,663,1000,1572
28486,6924,6924,1284
138290,299,7000,225
33448,75,5000,790
62653,3492,3492,253
184682,1741,1741,176
163060,1352,7000,139
5526,20,7000,115
16166,1200,1200,1020
86069,391,392,328
191497,5000,5488,29615
2596,100,110,993
191384,208,310,3732
4365,50,1000,189
81922,1568,1583,1562
7964,42,44,237
18253,499,5843,294
43488,200,209,159
13443,96,689,277
198403,1400,1999,12008
4604,15,32,538
4544,107,500000,161
140265,38080,38080,18
132239,9900,99999,18
74649,575,615,128
27502,200,2500,948
81918,55,597,500
42431,297,7000,157
198163,680,685,1016
98111,15,7000,153
122347,500,500,905
4380,150,200,272
35954,1782,1800,240
130258,78,78,1435
4536,121,121,383
62680,590,594,2193
3662,18,7000,293
4366,94,94,57
168310,94,95,574
44601,97,20000,229
6373,500000,500000,19
27499,242,2599,370
16168,7392,7392,423
82392,59,2500,608
160092,4400,7000,177
34759,105,890,159
27857,175,175,372
117472,6860,6860,144
173762,246,7000,170
120257,496,1200,2987
128833,66,7000,201
197851,297,329,199
21033,100,100,359
109184,50,75,15651
29112,4709,4804,33
118391,9,234,387
160989,20000,20000,123
198160,200,1600000,586
9144,144,2999,43553
76892,8888,8888,30
112156,930,1000,1200
38584,2599,120000,25
15415,68979,75000,863
55054,10025,164068,23
128560,447,448,124
35557,8500,9949,63
198165,7060,7060,699
199057,450,9000,908
171268,94,290,1403
40145,12031,12031,34
198261,143574,144374,257
198162,5200,5200,13034
191940,8049,10000,8764
13851,100,100,210
128546,7000,9026,48
200531,65,265,18
129002,174800,174800,43
39568,75,85,25
158855,1370,180000,9
142102,49600,49600,35
142101,103500,103600,65
44716,5500076,5500076,1
169456,3399,5000,41
33639,480000,480000,11
39550,500000,500000,2
191377,14000,14771,515
200058,681872,809475,419
193945,4698,4698,1511
56202,360,360,27
128992,76300,76500,63
40116,9971,9971,30
71830,39090,39090,23
169299,7798,7798,2739
128987,84600,84700,67
71817,120000,120000,15
12218,100,100,440
13931,252,7000,199
188790,495,500,26
58261,120,120,708
178135,5500,7500,21
1179,4,100,717
174281,295,7000,343
4601,64,6751,742
90659,500000,500000,53
116811,500,500,1339
34761,1498,7000,276
172407,149,5299,712
4537,90,93,976
82451,100,100,484
162583,350000,395000,39
13932,69,1023,433
82450,444,444,820
162561,98000,100000,230
138727,71,99,18745
58274,150,200,340
162546,475000,475000,40
4541,33,33,732
162545,265000,265000,45
81923,7000,7000,150
24338,100,7000,247
162562,265000,395000,49
159,19,99,37023
4602,100,7000,162
4540,15,7000,271
177841,900000,9000000,7
204710,1600000,2499990,475
116170,998,1100,259
90660,5000,2500000,49
112684,137,137,391
177842,95087,95087,19
40093,200,1500,247
162547,2500000,2500000,20
192927,15085,17495,74
43126,396,703,10658
43109,950,6020,38663
38432,15573,15573,944
128847,1374,1401,54
159875,1190,1214,80
6662,2999,3594,1830
178017,4000,500000,18
111457,300,395,226
205039,1910000,2250000,345
3702,209,209,12
74709,123,127,159
3177,795,795,31
23785,5575,5575,192
33092,5479,5543,343
39343,249,323,123211
71841,30097,30097,22
71824,71650,75421,40
22846,3975,3980,640
35503,200028,200048,18
192946,42500,17000000,57
71855,28644,28644,80
4457,45,200,204
3728,125,7000,151
71839,21236,22354,37
76523,45000098,52631499,4
132238,389920,394920,2
153663,807,7423,161
153618,2500,2800,33
81407,75,4257,40
3239,447,1200,95
20416,345000,345000,2
161373,698,698,523
131729,166,166,9362
20526,2556,4500,496
128764,400,400,228
159874,150,7000,110
154891,19,20,1050
20527,634,2598,634
57099,99,464000,483
12212,7,43,353
9451,25,7000,183
20531,499,2511,423
68687,579,7000,115
20532,547,5149,402
89893,309,10000,57
18662,500,1300,22
122346,75,75,74
128843,44,7000,191
17304,400,400,2519
42641,200,2500,154
163549,4000,5000,135
82343,558,7000,119
116268,104,300,1354
34748,50,555,191
159919,98,98,639
115355,150,7000,151
81412,107,500,208
41547,20000000,20000000,1
18256,20000000,20000000,10
41104,20000000,20000000,1
4358,133,1000,827
42749,1985000,10992500,2
16169,6494,6494,442
43418,20000000,20000000,1
41533,19899999,19899999,5
153487,283,300,240
112449,1,13,532
40902,20000000,20000000,1
153666,1400,1400,41
195466,381,581,345
1017,17,200,705
2679,50,1000,1212
109221,703,466000,290
27500,1138,100000,61
77532,200,400,131
159898,6463,6463,191
140299,10000,10000,21
86432,1100,7000,77
200847,500000,500000,1
159899,10000,41000,177
202401,99,950,928
75038,1770,1800,322
197784,688,2000,10123
128545,8498,8499,59
128544,16325,16329,46
76081,230,233,64
4599,150,573,521
29450,91,7000,214
2862,20,50,796
1177,230,7000,209
9315,495,10000,58
18641,783,2583,144
122343,25,63,356
1205,45,6945,1006
41603,3213,3215,35
197785,640,1495,11388
44953,2733,2788,108
38898,1661,1985,16
63291,200,7000,190
172040,125,125,1252
197854,76,7000,269
32423,700,19700,1018
40909,20000000,36315800,2
41106,20000000,20000000,1
87276,20000000,20000000,1
41094,2375000,2375000,3
42410,20000000,20000000,1
48720,20000000,20000000,1
42737,20000000,20000000,1
41537,20000000,20000000,1
128547,7198,7391,72
39969,436397,436398,48
205411,150000,200000,55
173875,49900,49900,8
20540,14589,14590,152
177256,54074,500000,56
192707,2000,2000,89
20542,22518,22519,112
20543,22598,22599,75
20544,4580,4580,6
20679,491,1200,744
52133,4372,30767,9
104316,10000,25500,3059
136562,2581,105192,56
112095,33333,151321,10
192917,19900,15000000,52
187802,613,769,762
20545,725,1225,241
20552,499,1298,407
20678,99,1299,399
171267,198,488,3234
33234,20,7000,213
20518,982,3584,76
88532,55,7000,225
23384,40,120000,37
39349,62340,67033,69
23984,98,98,939
20535,6700,45054,61
193941,3040,19700,404
191388,6969,7079,63354
25414,80099,120000,15
52021,99900,99900,1898
65512,282339425,282339425,2
190312,6732,18000,9419
57194,115,10000,264
5468,16662,22500,173
76572,10095,10095,35
172502,75010,75010,3
5871,10096,280096,2
34825,2355013,2355013,2
33546,54,54,26
194572,19492,19499,2481
43852,70,70,543
178545,54,56,560
192876,900,1043,1371
95481,311,311,517
201407,70099,25000000,23
198289,175,9000000,94
27635,81,7000,176
192862,900,1000,1279
72093,82,100,42477
168217,800,1413,14869
192866,900,959,7718
62656,47,49,371
41611,19998,31355,68
771,25,180000,55
193964,1499,1499,4229
187796,145,245,267
76084,718,13525,405
89888,999,999,6
43268,120,7000,144
179309,4720,7000,106
38374,750,27823,61
36814,198,198,133
155813,100,7000,178
90043,543,745,9
40035,28,28,423
3664,49,7000,163
43466,283,283,304
2863,5500,5500,46
62666,250,999,226
117453,90,7000,120
173040,5901,10000,245
3927,250,999,893
1645,900,948,517
87872,272,272,281
2594,155,155,660
182653,390,12500,269
154707,500,1150,437
18255,899,900,495
81410,1000,194000,336
12643,502,502,185
7307,2500,8888,11
163103,400,7000,115
179992,1000,5000,376
158381,16,425,658
787,5,101,701
62674,9506,9506,29
86057,43,7000,192
156525,6900,6900,152
23737,38,10000,176
40087,2043,18897,297
12214,4510,7000,138
154885,272,373,1226
136653,90,10000,454
4656,69,7000,161
53051,100,172,204
174352,1750,500000,3
5476,100000,265000,59
5479,23,181,328
159849,500,7000,197
33254,7000,7000,126
155812,250,7000,102
6049,179,179,167
197850,999,999,234
22871,300,5000000,174
171351,190,450,445
163018,808,7000,90
197777,18,74,1591
22829,150,1915,208
76075,888,1000,325
53049,70,100,96
194694,162,7000,101
136561,8000,8000,92
163910,5000,500000,7
56036,12485,12485,46
62341,180000,368300,8
62523,58,65,21
25431,400000,499000,23
11410,21168,180000,7
170491,240000,240000,3
169138,90,90,35
163548,2500,7000,90
56205,7279,7280,55
5114,326,390,76
155814,250,7000,103
62414,46,180000,23
11941,175,175,24
155605,9999,19500,186
39358,12500,20000,26
155608,36,95,374
7074,100,100,95
7073,1135,30000,201
163914,500000,500000,7
192769,111100,120000,22
28058,195,195,65
5374,149975,150000,13
39360,6000,7074,15
118898,79,8080,36
79249,86,89,233
107392,900,995,38
205241,8000,8000,143
136342,100,120,593
29580,425,425,19
10561,349,19700,343
25412,2458,15000,23
24232,15121,102760,12
33631,50000,100000,216
163908,180000,340000,4
5432,20980,20980,33
29800,80,250,25
21222,20,45,229
81198,800,800,42
39210,5035,11045,70
176883,52500,150000,18
39211,1197,1207,138
158820,19900,19900,7
163902,120000,150000,8
1074,503,180000,76
18236,398,399,66
113530,25,39,164
132227,180000,180000,3
52170,471,515,29
19260,8398,8401,26
192953,50000,35000000,28
192940,20099,35000000,30
8364,49,559,249
24061,900,900,26
56198,5062,92531,16
191383,17999,18800,83725
204790,23,63,1267
161153,89,7000,95
171269,300,465000,520
204994,459799,500099,872
34747,799,2500,294
109120,6000,6387,12
18222,110,125,176
56035,38000,180000,10
163855,40,110020,14
5431,120000,120000,8
5128,600,700,17
60396,989,180000,10
17303,380,380,2415
24404,75068,75068,10
176866,275,275,320
5567,99,120000,15
118902,40,40,24
193368,750,1088,26492
52074,2550,2550,13
23438,500,700,98
21226,400,600,36
67277,10062,150000,125
6456,8750,120000,22
21227,12200,12200,29
106888,761,761,145
4481,495000,495000,5
56201,64999,65000,16
128983,8700,9050,14
192675,14000,80000,109
5427,180000,180000,3
55974,1150,1150,193
4865,11,5000,135
30510,3500,3500,31
556,180000,180000,10
7096,100,100000,29
3169,10,15,37
5566,87456,500000,11
7101,100,100,36
107517,120000,120000,63
3401,75,75,43
56197,45,92500,18
63312,180000,180000,2
71376,180000,180000,3
39357,2000,2593,23
56200,10488,120000,20
3713,500000,500000,1
27934,145,180000,42
5133,236,60123,14
12735,500,500,37
20847,150000,150000,47
30813,110,340000,6
7296,180000,180000,12
63025,180000,340000,2
39353,75000,180000,8
3033,600,5066,23
93351,956,9800000,78
89739,3500,180000,10
21224,299,600,183
25445,100,110,50
2295,20,5000,32
198436,400,400,29
25444,75,120000,11
55985,133,375,25
38903,212512,212613,18
38820,2631,2636,18
158873,8000,10000,13
191864,8000,8000,8
166344,15,999,1880
43490,125,999,2756
159785,1999,2094,66
79869,11067,99900,1043
82441,153,1499,13469
74656,175,599,1480
22848,2745,4499,401
22710,200,275,870
59232,19999,19999,60
27676,142,142,176
45195,1515,1515,18
130178,5060,6500,645
176859,70,75,115
39317,110000,120000,8
20513,180000,180000,2
11418,70,100,50
25453,170000,179900,128
16040,49896,49898,100
60578,1469,1469,42
10918,3463,310000,32
118901,100,100,62
158775,45,45,66
58260,320,357,895
158831,145,145,14
163896,180000,180000,2
24405,100069,100069,63
3676,21,21,27
176864,115,125,22
23111,100,150,44
23769,47500,99000,51
158860,121,121,53
25435,47,100000,60
5134,111,111,28
60397,200,118400,8
8343,94,94,16943
1476,450,500,22
192847,243,297,11260
156526,19800,19999,244
169130,505,505,2146
12217,9900,13909,152
155598,390,995,125
81200,414,20000,241
23333,180000,180000,17
4587,50,50,64
169132,69,69,448
108979,125,125,61
63313,38800,38800,8
33549,5000,9000,18
18512,744,744,36
71825,79602,79603,50
59228,1490,1499,316
160710,23,2500,7551
71870,30724,32342,31
185910,84000,84000,9
200506,35,98,80023
71835,62816,62816,29
192896,349,5000,2053
9210,11698,12498,114
169149,425,310000,6
41368,179990,180000,5
63348,144,900,26
111673,64,66,39615
82300,3000,14500,52
25427,75000,120000,11
23383,11194,11194,19
44940,10,7000,258
30812,77,77,16
8146,19,20,44
133565,73,75,781
23978,3300,3300,25
199966,3500,4039,60
39334,400,411,2730
155601,900,1200,115
192852,800,1195,845
152897,7500,7500,40
192655,5309,5309,125
204442,250,250,56
44771,59,60,80
19933,15750,120000,32
4775,195,200,102
5569,35853,35853,19
112463,29,29,1036
155631,4303,4303,196
201421,8800,12000,5326
62271,632,10000,86
163094,4000,350000,21
128848,2451,7000,143
44261,22756,31485,8
44275,29906,29906,7
44279,49500,400051,11
44284,197563,197563,5
39204,20368704,20368704,2
44290,100000,100000,9
62002,80910,80910,3
79291,175000,175000,16
74648,1244,1999,1896
62017,22000,24900,5
76602,199986,199986,12
62018,69833,71033,9
22526,200,275,453
18234,487,487,13
9335,770,770,51
6445,100,100,31
32714,100,100,37
18237,12499,12500,73
11409,120000,120000,10
189148,1150,5000,1283
168529,2000,9999,1641
4580,253,853,87
23353,100,100,67
193231,50048,53594,3188
31909,7500,9250,8
31904,75233,75233,11
5428,8500,120000,14
4581,805,120000,36
52246,2098,6846,25
52231,1500,1500,24
52222,2000,2000,20
198534,4464,4564,275
52209,2088,2089,5
56195,10554,15022,12
71837,73557,73557,28
55973,903,1403,69
62391,200,225,59
55983,63,5000,110
3300,670,5000,62
67357,45000,45000,25
52210,2097,4314,22
52234,2036,4909,28
166288,500000,500000,8
56234,449900,449900,17
54634,500000,500000,3
76728,777700,777700,9
52339,850000,850000,3
56196,160760,160760,17
193230,5050,5400,9879
2304,5,10,566
111670,50,67,5123
111671,100,900,4137
27655,40,69,511
44617,3943,3982,407
139503,100,140,1027
163407,4000,4000,144
6290,75,75,782
44570,1337,7000,112
171437,80,86,1719
17119,14,14,1897
2687,114,464,616
172048,14,2500,501
197791,342,500,12055
155907,9000,9900,34
42428,164,168,296
5477,5,10,316
35720,498,595,241
29448,5000,5000,104
34599,400,460,399
2593,100,295,559
132753,215,246,340
140351,500,250000,217
4593,76,76,1519
63275,86,7000,191
60375,500000,500000,2
127834,295,468000,1205
37097,100,159,62
111453,115,2855,430
62660,500,719,42
171439,61,1563,721
6532,1279,1279,896
197783,656,675,29885
724,2693,7000,137
33443,10,510,440
58142,141,500000,434
117,4,1000,964
122345,75,99,397
62657,327,7227,85
159827,11,2513,1380
44574,252,7000,207
59230,93,12500,200
11444,15,518,603
40068,18750,500000,3
21151,25,7000,138
34764,165,7000,169
133561,25,7000,247
43853,127,2348,584
138728,47,7500,9635
159846,1732,7000,132
43467,66,828,28
193369,733,737,141830
35563,35,999,656
5472,20,29,559
133567,19,19,630
81403,339,7000,250
27658,250,599,493
159792,1813,1913,22
6529,187,285,2722
159920,1752,1752,932
193224,24997,27595,24364
90407,32,32,5446
152495,158,284,521
21561,700,1000,223
200819,800,800,259
9313,800,1000,346
200826,1474,1475,65
22795,85,90,943
23771,406,838,396
6048,163,10000,482
109143,46,111,10173
192096,143,144,235829
179293,12578,14378,9
35952,200,7000,238
118008,3000,35999,27
5075,300,404,258
199995,502,503,644
33866,5999,5999,658
76891,5096,5096,32
56055,500000,500000,4
128549,87197,87198,58
30610,1097,349997,18
76897,10000,10000,28
5051,165,563,288
40105,8546,1120046,15
71849,137357,143885,41
35707,5143,5143,31
41476,374290,374291,13
40154,75720,78548,28
74715,64,88,53
40013,10000,149800,14
40016,3794,3794,15
19774,661030,661030,7
40038,3359,3359,38
40177,12000,12000,80
68140,295,295,324
39959,283545,297340,25
41285,45099,49999,32
76536,560,562,38
76508,340,340,17
76640,11570,11572,37
52238,15878,16038,21
39952,3996,3996,11
40173,18104,18104,70
40089,4270,4270,22
162674,180058,212058,4
41497,199998,199998,8
38925,14699,14700,178
41484,33860,33860,3
40025,3340,3341,12
116276,49,529,650
52247,169177,169177,29
89329,100,199,108
168312,399,7000,2036
5206,199,597,66
2324,11,2501,173949
11371,16000,23499,3509
71883,446850,446850,115
41378,40073,40073,15
40098,8532,287832,14
39977,121710,128116,8
40003,10045,136845,65
40088,1500,2757,16
52293,124992,124992,18
40095,17200,17200,16
40014,8500,8500,44
31869,4000,13738,20
71856,136733,143318,101
40017,4500,953652,18
52296,44500,49800,53
1686,11500,12500,22
76571,20053,20053,11
57059,135000,150000,15
79297,600000,600000,3
79308,99900,99900,5
129099,10069,48980,14
2940,125,200,19
130200,10069,10069,14
74651,1240,1240,660
130203,3000,3000,41
112155,15013,25013,213
112180,7335,8835,437
2725,333297,333298,5
2749,449900,449900,1
128543,4400,5500,78
63388,3000,3500,126
43106,999,4555,7871
132517,92500,94335,22
158857,1600,1600,19
75016,100,500,532
34751,13,7000,183
6051,222,460000,291
21840,45,70,8322
29451,6900,6900,1019
163784,7000,7000,134
127835,266,16291,1109
17196,40,40,1092
13935,100,115,295
4419,2083,2783,111
197781,287,583,5878
77541,1176,1176,231
160518,700,7000,162
35128,135000,140000,210
136567,79,6300,178
27662,95,7000,183
12213,7000,7000,126
33460,933,933,72
163225,490,3026,114
3240,11226,500000,6
158379,46,2517,871
12238,10,7000,141
3382,1500,1577,132
197776,127,129,1671
20709,3,7000,192
2894,100,100,1111
128837,100,7000,221
18045,11,3516,206
172047,14,7000,130
197760,208,208,170
98116,499,7000,257
163052,2568,2619,42
98118,19,7000,175
34749,100,200,242
5527,250,4599,1972
87238,9154,9154,183
128839,303,7000,123
1181,701,500000,46
12210,5,88,401
111447,700,1000,323
136557,8997,8997,32
13457,200,707,493
168311,100,137,991
9318,5000,5496,191
94535,500000,500000,1
4390,70,100,284
168792,1200,1400,37
76668,3568,4869,45
130245,75905,79899,52
32601,3100,3130,1161
36758,100,10000,142
163192,3960,3960,84
163158,3952,3952,114
7910,212,920,1599
49397,5469,9969,58
32428,50,4949,2939
175056,17226,500000,30
12215,1200,7000,266
72094,700,1200,65048
200846,19700,19800,305
205873,35000,40048,13
52168,350,350,13
42994,1999,9000,73
21557,3408,3408,69
21562,314,314,126
21559,268,268,120
21558,6424,6424,222
175241,74,78,330
76522,330,350,9
21590,7874,7874,65
39979,5399,5399,1
36794,395,395,7
32718,20000,500000,47
200029,55099,95099,822
38861,296,399,178
168593,21224,21229,186
179284,3633399,3633399,4
163077,31,31,532
38947,150302,150303,13
76675,225,349,11
28420,1021,2523,43
41510,198,219,9409
37098,1696,2596,76
191322,1428,490000,631
76630,11071,11771,12
38840,3882,3883,52
192857,745,1088,7076
118392,100021,100021,16
192860,850,935,8119
200797,45000,45000,46
191321,749,5400,936
201813,7498,7498,214
33246,7000,7000,236
33451,95,7000,215
178224,178,248,268
33457,90,299,85
173760,174,7000,114
27663,60,70,220
6890,500000,500000,123
27667,90,95,292
160554,122,128,252
34832,18,78,1429
20074,272,7000,170
6050,149,5900000,181
24105,78,7000,176
159867,10098,10099,613
171436,32,57,390
75037,1000,4781,160
37091,74,150000,152
34758,345000,345000,15
60379,10000,445000,79
86074,895,445000,46
173759,500,924,91
194680,499,499,417
6533,150,177,2160
28421,65,139,931
42997,1500,1500,818
27651,75,7000,126
182737,75,7000,2184
42942,40,45,434
200099,498,925,487
81411,150,7000,210
174349,50,7000,193
3770,5,7000,249
163075,117,117,546
172046,175,2500,413
58267,10,7000,189
127764,162528,199994,7
89678,159,160,47
162554,100,7000,222
128853,7000,7000,240
41096,2340599,2340599,1
34762,22,23,631
2683,4,23,300
163707,500000,500000,14
154886,31,999,927
109126,147,466,44269
191509,330,330,526
4426,100,200000,182
113290,6900,6900,98
42467,6070644,6070644,5
39908,1243,1244,33
193256,52500,55000,3725
68357,7724,7725,49
27438,98,1000,7186
41540,4776160,4776160,1
23118,300,300,50
41435,899,899,33
42912,16100433,16100433,7
43422,999800,999800,1
118899,300,100000,85
18233,2518,9018,8
179288,220000,230000,14
162560,990,15000,55
38990,8798,8800,44
204996,417898,417898,907
147775,14013,17252,92
2287,5,15,640
169956,3500,3500,42
153443,4032,10006,34
38914,191,192,37
41338,105,105,98
36913,2224,2350,8062
42931,89,90,90
36813,19,85,60
192660,1700,250850,20
127681,884,885,7382
173082,3100,3100,104
129100,34,7523,19234
198496,7743,13088,1410
153633,10071,10071,69
191505,10000,11499,14
191474,460,460,115452
173359,30099,45599,15
136377,28,30,554
105704,22000,22500,71
52229,1475,1475,20
188685,6300,6300,12
179290,10000,76981,11
12804,75,275,18349
205471,1000,1249,22
108301,1856,1856,1466
200782,5596,5596,68
193954,590,699,6588
44815,1883,2572,60
38706,399911,399911,15
38698,818,818,41
193210,200,268,729717
9308,100,440000,426
9060,6985,8400,447
85585,1398,1398,891
43104,713,7029,11075
32597,113531,113532,6
9261,50000004,51315802,2
191470,3686,4010,8697
14256,5199,7398,27767
40028,9200,9200,24
52137,6447,6645,18
40166,1042,1042,37
24039,514,807,36
52167,10000,10000,9
52106,6071,6071,18
71834,25059,25059,37
4394,2022,9999,55
194806,9800,12000,848
45882,199972,199972,5
194808,6963,12088,1577
39949,272,274,71
76894,4839,8438,42
72163,10644,11999,5215
53643,779,945,10010
18632,99,7000,242
141208,2498,2498,17
184090,135,9900,651
42432,265,267,552
81402,25,7000,281
2581,2005,2005,753
62675,1500,7000,148
83094,469,7000,130
186975,245,257,291
22849,800,900,86
40036,30987,31300,110
197858,177,177,622
63305,902,922,432
200305,591,7000,141
81408,369,370,193
2595,5000,5000,579
33458,100,150006,99
140347,72,7000,345
76098,446,460000,259
128838,700,7000,217
6299,59,60,262
197853,78,95,886
122348,75,156,215
67230,50,2645,202
138285,10320,10320,228
83095,1000,7000,106
13447,2498,3476,33
15412,1274,4000,2042
158850,5000,7500,11
4461,1300,3464,2376
20763,875,875,68
23114,4691,100088,108
77264,500000,500000,5
29573,5151219,5151219,5
9154,2280,3905,444
158869,288,300,27
110621,498,498,180
3824,3895,4998,697
113574,926,324838,41
38821,450,755,68
52745,243,2865,25
52775,9900,9900,40
52760,8014,8014,31
38800,1248,2606,29
110633,533,1320,35
74727,188,191,16
38945,2159,3833,16
38802,39559,39560,105
38991,1000,1199,70
168596,18899,19046,422
22828,1878,1999,595
30457,1518,1518,30
200028,39975,64411,891
8956,2000,3999,285
39933,172,172,20
192975,75,700,4788
16170,98,98,599
72985,325,325,1083
42434,10617,400000,26
155910,500000,500000,100
6450,230,330,1047
17404,13,7000,90
29452,14,7000,244
34664,267,270,1140
25416,2200,2225,2549
8153,39000,64600,5392
192700,6500,7799,13
38803,11,73,124
21213,24,161,5581
41307,5656,5656,73
108349,1544498,1544498,18
108345,3358,19700,511
179011,100071,100071,64
138382,1493,1494,10
194823,4294,4294,16987
11370,1600,2938,15363
32249,96,948,5702
101748,220090,220094,101
43694,333300,333300,15
45196,100,100,212
54469,333300,449900,7
43653,75000,75000,17
67399,100,100,13
142264,644,644,269
40053,180000,180000,2
90551,800,1500,35
128715,555500,699900,12
20007,6000,6000,759
45980,433290,438845,4
46000,312,312,19
76655,449950,449950,6
189156,10098,10798,185
194738,999,17900,309
163109,1999,500000,19
153631,10000,10000,29
168592,21348,21395,149
200809,50000,95000,40
192722,1939,1939,72
3176,100,300000,17
114001,449900,474950,6
72103,850,1616,85491
200843,4400,4400,19
32715,21013,21013,74
24272,29672,29672,127
31899,40098,196098,19
19440,14603,14603,18
16006,15396,15396,92
19265,27548,94434,13
128716,200000,325025,4
200835,1100,1100,108
190329,14090,19999,47116
41443,12134,12134,3
41485,1250,1250,6
128737,95401,95401,24
128744,1199987,1399987,3
108649,500000,500000,20
163581,449900,449900,3
128713,99999,99999,11
187701,2700,4599,56060
79293,22000,22000,17
6052,95,10000,407
8957,199,7000,234
22645,3646,332500,191
18335,96999,96999,315
81921,8424,500000,147
128984,550,550,9
190953,31,350000,137
171272,750,1051,1916
23559,500,500,37
184201,155,4041,241
31917,37400,78000000,10
44457,569,582,30
193556,14451,2465051,52
128723,49500,275025,10
39916,399991,399992,13
5082,75390,299920,126
169701,525,649,88073
201401,4695,4730,4364
201724,333300,333300,1
67323,50214,50214,31
158927,1500,175779,12
138974,1500,445000,30
118632,500,599,114
76896,1500,3453,51
63246,129,130,183
113108,3500,179000,64
74919,1000,40000,155
34068,467,58525,4142
62659,98,7000,267
160705,131,132,1038
198282,1086,7442,339
2681,2993,6993,5336
55053,99,9237,174
34411,454,20099,130
198222,8595,8695,404
27439,34,65,4455
196583,500000,33000000,22
178252,3809,3809,44
5525,50,1200,1924
201415,433,7000,216
172049,160,190,1101
128841,6930,7000,112
191360,715,900,402
8932,15,7000,258
22826,550,570,83
198501,49500,450000,10
147669,14000,225000,31
201417,7000,7000,87
111445,13,163,1063
133586,7086,7086,51
168392,1500,1500,13
193222,3453,9900,2850
21552,97,99,629
141333,10000,10000,27
122344,8082,9582,202
180404,399500,9500000,74
201416,5400,5400,141
21072,437,1000,744
193247,53054,53054,2513
29394,414,7000,164
109220,185,1061,1819
2723,45,87,261
178548,60019,60019,23
44616,23,7000,145
198500,499999,500000,3
118576,1500,1600,132
198187,4043,19700,542
41812,98,2500,4079
34755,1700,1700,97
76669,971,2086,32
22835,4511,4511,398
13458,6500,3600000,151
193944,8649,22000000,35
22837,5218,16025,86
39219,130,140,28
144398,20299999,20660054,8
76577,38227,38227,4
25867,41620,49997,109
38376,790,9991,58
41427,20000,20000,25
10306,24750,500000,36
104339,25000,35000,70
163150,1000,1000,3723
198224,5700,5700,468
169116,350000,445000,12
42993,2306,500000,67
128842,2500,500000,101
8949,700,2000,233
9314,898,898,104
173053,9287,9287,30
33874,600,649,2114
198281,1274,2500000,284
5740,391,391,135
178549,4549,4549,79
128834,883,900,36
4607,11,7000,169
178247,535,7000,89
4360,10,49,190
5474,12507,43407,42
132510,10000,10000,80
171438,105,136,379
62251,200,500,93
204730,95,124,445
204708,4422183,4422183,7
102351,849,849,2681
4378,500000,500000,3
128844,100,7000,271
13456,670,670,1240
3727,508,3554,101
198441,264,7000,129
180409,587,587,136
40076,1967,2167,52
34769,1000,7000,161
9187,2499,2499,91
162556,6000,6000,146
180411,2604,445000,25
33081,500,7994,23
4405,1101,1101,130
80590,10000,500000,3
17402,7670,7670,62
81919,686,686,397
205794,1000,1000,1476
104343,2104,24000,134
116810,900,900,193
71808,15486,22500,129
117457,1000,7000,150
29565,500,449900,9
191358,2243,2275,94836
1687,103,103,7
56034,300,5000,41
180992,200000,200000,3
44781,195,200,43
52224,16396,16396,35
38798,93,93,44
176879,25000,500000,3
179005,500,250250,6
111652,74,105,1795
111651,990,1598,1539
204568,90000,90000,9
178534,11193,11193,32
176887,48000,48000,3
163133,373,1488,316
182713,500,500,22
76552,150,72550,257
76606,7500,7500,9
76509,150,72550,314
162582,6500,6500,141
22793,887,1669,1175
161346,6500,6500,119
182718,1300,2400,9
32231,194,5716,8721
40127,5991,5991,18
168806,100,148,16
200806,1775,1775,61
205466,5486,13527,93
178173,1000,123100,38
39945,725,725,29
54835,2450,2500,49
3828,4000,4400,358
176861,150,189,16
31679,4099,4099,609
182715,4400,500000,5
176856,725,737,14
40141,18056,18056,22
139036,444,577,209
22839,5734,471000,294
18562,4000,9900,5358
29547,5000,19900,16118
39975,1107,1107,7
39919,285,467,13
34220,500000,500000,12
40164,10000,15000,41
4265,20,142,119
4880,499999,499999,1
37201,100074,100074,22
22576,800,1490,14039
18631,6032,9933,163
38927,35828,35828,7
115814,35448,35806,29
76662,474,998,37
19269,5000,5200,34
76644,2064,2067,50
71861,31715,31715,27
190532,60000,62098,1452
54291,500000,500000,10
52248,8065,8065,12
187812,27200,27500,122
13468,73800,97400,343
194871,99999,99999,29
31677,6999,7000,21
190531,3069,3999,3933
38886,25647,25650,11
5369,444344,444444,3
42500,8338,20199,38
41976,271,22239,42
40055,8559,8575,135
158189,299,600,25996
40010,3865,3865,89
166583,39938,39939,109
168498,2500,19999,726
17056,19,1003,75573
31908,125000,52631600,5
200048,109984,109985,56
71880,270682,284928,54
194083,253046993,253046993,1
4371,500,614,344
118565,35099,99999,357
38851,79800,79800,32
163701,99,100,31
21030,6095,6095,258
35314,500000,500000,8
200770,9900,20059,27
49624,179361,179361,10
127845,1260,1260,437
9264,7515,22830,250
201428,14605,14635,356
17012,95,3500,10787
21884,32000,32406,14765
193438,2800,2870,11
174041,1595,1596,35
162559,883,900,173
172500,200028,200028,1
158856,1900,3400,16
163698,20,365,22
54619,759648,759648,8
23948,420000,420000,11
198307,1595,19700,232
23946,53888,500000,15
38888,2000,2000,22
23947,480099,480099,8
25466,387810,387810,5
20842,545,545,29
128538,1800,4938,18
38846,55,75,69
12800,400,10025,15419
24507,300000,400000,44
20812,16824,16824,32
23332,500000,500000,24
38862,100,190,17
23331,236600,236600,17
38859,1000,1000,25
38901,1837,1839,28
180309,2000,5000,15
25467,500000,500000,10
12799,984,8049,21666
178106,500,1250,11
31944,9500,52250,16
178107,500,500000,5
40120,8500,8500,142
29581,24599,24599,15
162566,62,7000,189
169948,1500,1500,24
159878,1000,1000,115
140679,900,445000,37
4374,4600,4600,277
37253,800,1000,17
178536,500,500,77
204729,2500,2500,360
161127,1000,7000,32
88491,999,999,7
22824,988,5500,1113
32206,629,30000,254
179006,250,250,13
194785,89900,89900,115
20859,150,10000,2489
21589,5000,5000,27
194570,5435,19700,479
205244,490000,490000,9
3470,75,75,23117
183955,1000,1161,3562
143853,9996,9996,8
180331,50065,50065,6
98117,1500058,1500058,8
58087,14400,33719,648
160053,1235,1400,454
184051,1168300,1168300,12
56189,600000001,600000001,1
29740,2842,4999,14851
38767,349,374,28
179289,600000,675000,16
40167,720,720,31
76555,309,309,8
176875,150000,349900,10
113912,20059,41859,11
176870,128,191,14
44753,500000,500000,49
183207,1000,4400,8
113911,402800,402800,4
192728,2097,3118,11
4554,1500,3000,16
33856,500000,500000,1
56203,449900,449900,10
33575,300,300,126
183208,500000,500000,4
39361,2000,2599,18
200623,15000,16800,463
179372,990,1600,17
29559,5000,5000,29
44208,5000,5000,33
192687,2455,2455,16
103795,50,74,41
30477,800,800,32
178123,15000,15000,7
4556,998,999,27
179004,18009,18009,7
5329,1524,325512,8
4813,99,99,25
44776,200000,200000,14
2512,1000,1000,11507
28056,2599,2599,5043
62279,675,236600,7
6457,2000,2000,18
183209,10000,500000,7
21716,500000,500000,2
151390,500000,500000,9
2515,504,504,8512
76519,193,228,14
76657,919,919,19
93706,300,350,10
24059,875,876,40
71875,45366,45366,42
21752,98,509,6439
183110,5000,7200,34
180341,480065,480065,7
116407,7494,7759,16
153665,618,618,55
192914,200,1000,1512
17011,75,105,3665
158868,2400,2800,17
39356,50000,500000,6
162681,3500,500000,6
204842,1889,2050,33
205870,700,2000,90
56049,236600,236600,8
21225,399,400,261
27935,79,500000,5
158867,200,200,55
192704,2090,3107,14
19938,499,5000,22
178125,25000,500000,11
158801,10075,257537,6
81204,35000,35000,181
62451,200,500000,3
21576,4999,4999,291
24271,45090,50090,2825
119101,63007,64292,16
3670,1027,500000,262
183205,12500,56250,10
178551,2189,445000,32
39201,10000,15000,13
203418,5045,8700,2645
192670,200,200,148
32196,1299,1299,935
158818,2546,2546,16
40180,1200,1200,254
55984,400,600,10
11385,10000,11000,8
192706,2373,2373,274
204840,6888,20088,15
192703,2096,2096,14
62521,15015,15015,69
20843,355009,355009,12
12364,300,10000,15763
25411,800,1099,77
54627,500000,500000,2
60579,10000,120000,20
158756,17500,40000,240
813,291605,291605,13
54625,5099,5099,12
130265,80000,80006,31
119098,459999,459999,15
24519,100,100,188
7072,29299,29299,51
176886,4800,4800,6
11384,777,777,34
112115,1400,5088,58
179310,8096,8096,26
130905,569,599,649
41437,21111,46100,26
44764,444400,444400,1
57062,500000,500000,3
178127,1335,1335,7
39003,1513,1776,80
33548,500000,500000,7
57064,100000,500000,4
68731,449900,449900,6
141641,35037,35037,12
158851,500000,500000,4
92525,6548237,6548238,14
103797,50,75,47
110631,101,400,29
56150,2200,20000,23
29579,298,298,14
20848,500000,500000,13
62530,7500,7500,14
18285,810,500000,6
25447,550,750,47
21592,5000,5000,49
163700,538,543,13
198255,190699,191500,337
93970,900,1038,306
44281,50000,510000,2
180732,20,31,248764
190316,10890,12384,62833
4872,200,200,8
44273,54549,55099,8
205014,900099,900099,1
76659,36900,99900,4
102218,40000,60000,454
44272,99000,99999,3
3859,894,894,10273
11390,2500,2500,9
74711,100,100,36
192686,119998,132248,18
119097,46497,46498,15
114004,20000,42069,17
39559,499070,499080,7
49884,100000,333332,46
38583,500000,26565800,2
152099,2033,4333,22
134860,19169,19362,95
169145,97,97,332
163691,100,566,37
178126,50000,50000,6
4582,100,100,8
63024,1500,1500,11
177028,399900,400000,25
21593,1200,25000,16
193385,700,986,155
35691,100,428,48
34907,200,200,7
56241,500000,500000,1
194735,999,7722,70
187711,144400,144400,17
54832,1150,1200,31
54626,500000,500000,3
45201,4200,500000,9
97161,350,370,20
29567,100,400000,29
62520,140,170,141
38350,50001,200001,19
202065,3926,500000,7
178786,34,35,5122
191340,10599,12085,1999
128559,2610,2610,100
193211,1200,1795,425865
52754,8989,18447,29
27665,1893,1894,99
199971,200065,206865,21
133591,95,300,6625
200264,439209,440209,2
44779,1200,1200,9
21223,200,290,121
56158,1050,1058,20
194733,750,750,122
182709,25000,25000,9
128550,62895,62996,44
23988,4900,5000,35
30814,100,100,67
153442,4225,4249,80
172418,705,754,217
180405,594,598,14
38973,1974,1977,905
47831,125,954,11
107393,22600,22629,8
90044,600,600,17
90057,189900,440000,86
191494,30000,36897,17506
2516,50000,399900,6
187712,200,286,179
60398,35,100,461
46026,57635,104620,7
191332,24049,28811,2504
57068,80000,500000,12
76895,4295,4295,35
178216,7885,56385,31
62009,1800000,1900000,2
18945,2,19,13296
22574,2906,4000,7783
52575,10099,10099,16
166419,65626353,65626353,3
156873,100000,300000,2
205695,305399,305399,7
173908,6500,6500,12
193391,170,170,15
39002,604,607,32
168812,333300,416650,10
18286,199,199,37
173937,18720,18720,15
56156,145,145,33
169334,900,1206,136
169135,85,85,100
17020,500000,500000,162
44761,290,300,11
3010,1205,1205,14
128650,25,29,15318
62505,64,10000,64
25434,190,99990,27
130264,20000,20000,26
181247,2500,14000,19
83156,222,1000,104
194731,4900,12647,139
176872,4371,500000,16
192903,2499,8000000,120
168636,3245,650000,161
174322,2500,2882,8
63271,179900,180000,19
176855,125,139,19
33553,100000,500000,5
158790,1550,1850,27
108978,13174,20000,25
92741,599900,999901,160
128537,95,2524,174
192900,990,2900000,250
139785,70043500,70043500,3
173878,150000,325000,4
182710,44000,272150,4
194736,38005,38005,150
188760,2833,251431,6
33630,411,1011,13
30815,101,111,34
39351,17243,17243,7
21571,21006,21006,13
62535,500000,500000,1
41165,9900,9900,1020
16748,500000,500000,3
6951,200000,200000,19
191493,35000,39499,503
115511,4302,4302,83
5530,500000,500000,2
200776,44422,44444,48
56051,5808,5808,11
192622,65,65,477
25418,325,325,52
158813,581,681,33
119094,758,925,11
43574,50000,81844,38
25429,243,243,17
36788,10000,255000,2
158832,50085,100085,7
158872,160000,180000,8
185476,305,305,17
155620,141346,500000,11
176852,3884,3884,25
20845,64021,64021,23
6712,1019,1420,79
54630,93877,93877,4
46361,9500,9500,14
24403,100000,100000,42
193557,100000,19500000,59
192904,3033,35000,240
193896,300,1200,54
137556,7765,36000,84
158819,5000,265092,20
158770,500000,500000,5
25441,3400,3400,8
179296,10000,10000,8
30513,333300,333300,5
176088,3000,36920,6
201219,39900,39900,28
6296,110,110,32
185968,200029,200029,6
130268,100000,100000,20
30183,432,900,7990
49100,500000,500000,69
141640,4000,4000,54
158797,30000,500000,11
3168,499990,500000,5
178130,100000,300000,4
34839,9900,500000,4
28059,100,300000,14
1222,500000,500000,9
173877,4012,5012,13
185477,7500,10000,5
29568,400000,400000,7
178131,84000,84000,7
133553,74953,500000,3
8067,500000,500000,3
54628,80000,500000,4
4877,4500,4569,15
24516,198603,198603,25
33629,8000,10000,34
201209,4500,4500,10
23380,50000,50000,27
89512,1500,2000,10
21714,11328,11328,20
44780,10130,10130,94
38773,24,24,69
193469,400064,400064,14
52096,2733,3833,18
190535,96959,96959,2984
173051,2520,5020,23
197792,4397,5900,9310
169139,200,200,8
30511,400000,400000,8
22529,500000,500000,6
23938,25000,25000,19
114013,97000,318135,6
138383,2339,8500000,53
5435,5000,5000,16
158844,45224,500000,4
24189,185,185,22
21570,11105,11105,28
25436,15400,15441,10
158754,5000,7500,11
23939,500,500,125
23965,90,449890,24
201180,25287,25287,5
57063,2035,2035,36
192693,151663,151663,4
34841,500000,500000,2
192721,500000,500000,8
201184,39900,39900,9
158759,2300,2300,10
27443,200000,500000,5
109624,44,75,13468
158838,3000,251600,6
118592,6999,250000,39
161053,48,3000,3078
32598,5034,7425,698
194812,8695,9400,707
175069,2475,2475,116
43231,189900,189900,36
76592,10000,11666,10
76613,32000,32000,8
76526,148,250,159
36806,23251853,23251853,2
128015,20599779,20599779,9
163606,100001,144901,4
194789,9702,12000,530
192853,770,901,7090
94289,2500,2500,1958
40119,1700,1700,22
61995,42500,42500,4
61994,98500,98500,4
61990,199588,199588,3
62010,9613,10263,10
198305,4845,15000000,83
62014,199500,199500,3
72092,290,290,197072
192922,82543,84897,1700
182776,1268930,1268930,3
173091,99900,500000,5
3486,961,961,1441
200576,7989,7989,1296
193244,48532,49945,7547
200582,7000,7000,627
35791,500000,500000,1
13755,9599,9999,412
38825,24,24,83
200796,4800,4800,41
119099,37530,38296,19
183953,812,1500,1207
79300,80000,80000,7
44288,125099,125099,4
79306,363999,363999,4
193955,1499,2499,52242
104344,23000,24000,54
52751,700,798,58
118015,5000,6525,99
169115,1000,200000,37
4655,9709,19897,182
191250,9900,10009,145
204991,12599,19996,39
195359,1291,123100,38
65365,5200,5288,556
158792,4099,252049,6
19276,181999,181999,8
62524,10098,10099,15
192884,1954,2087,2821
21886,7498,7500,4179
200783,249999,249999,65
79295,96960,110527,10
36922,5200,7795,8779
36934,493,20000,329
38431,5850,5850,64
194122,70000,70000,17
128016,877324227,877324227,19
21929,140,400,3268
36917,305,355,3300
191359,34000,35400,18964
92527,31890094,32215503,2
158781,500000,500000,3
153624,7000,7783,22
35624,310,8000,4256
128552,18440,23452,118
128548,90082,90084,82
71720,59880,59880,30
200831,15000,19900,26
193215,43,75,995077
40165,10000,10000,26
176858,7000,7000,3
38372,2500,15935,64
198213,500000,5900000,90
179026,475000,475000,2
180622,320000,320000,3
176863,150016,150016,3
191508,21000,22500,60
116406,6888,51501,182
82445,6500,7000,18
163104,10000,10000,39
54632,160000,160000,7
74712,183,188,289
38960,334,599,28
163138,2052,3052,154
38980,50,90,74
74723,300,497,41
184281,4000,4455,35
38853,4827,5629,57
140301,2000,10000,141
200804,39850,270050,124
52105,2550,4370,82
200767,10000,10000,60
66945,420740,420740,2
79288,47045,47045,6
38937,470,473,31
160712,17,25,5691
200803,100045,100045,14
83064,300,2100,4394
112164,7261,7262,43
199344,6200,6974,6455
109585,415,2122,1193
168412,12900,24000,1476
179300,500000,500000,1
5121,25099,499999,7
56238,100078,317878,5
101661,500000,500000,69
192952,84499,84694,665
194852,2699,2999,10426
118472,1425,3471,12503
193564,498499,498499,296
22682,3500090,5000090,65
191399,2499,2900,770
153608,4900,14900,5
44464,9999901,9999901,1
44468,9999902,9999902,1
58866,150000,270000,6
40133,5591,5591,53
191502,7899,493000,1041
71865,31816,33491,48
38520,758258,758258,2
152813,2800,2949,271
36932,313,2999,2736
23334,3100,3100,8
32211,2798,15099,1144
32203,351,351,52
40130,10000,10000,23
112160,1040,1040,96
35759,2719,2719,104
190936,100404,100404,20
29562,500000,500000,7
5565,19999919,19999919,3
136637,180,19700,557
16583,18500096,18500096,6
136597,500000,53815847,12
200818,29000,40000,55
36797,576013,576013,3
178538,30004,241585,8
198199,18491,24378,479
40037,4997,4999,54
108346,6574,3900000,198
4364,21,40,15103
188779,200067,207567,4
64395,50000,112357,55
128989,99800,99900,31
182459,2990,3150,58
185483,190000,250000,5
162568,475000,475000,20
5478,2200,8453,69
163057,265000,445000,13
189543,68575,75600,2628
38959,1997,2100,108
13460,490098,490098,3
140272,1979,1998,15
193957,200,276,2979
54631,999999999,999999999,1
4552,440000,440000,12
25744,7900,35000,13256
200827,38900,45599,36
194820,4000,4000,2924
194800,7000,19999,433
194791,8899,8996,1034
196585,3255,3287,12
144283,333300,666600,2
169661,1500,4000,178
136375,399999,399999,3
194798,9090,9880,1494
194797,7300,9900,828
2320,1,6,22443
198395,90,391,18104
163100,1500,123100,41
147210,500000,500000,3
108391,54500,54703,295
194796,6999,7000,1109
38783,95,304,26
179022,18500019,18500019,6
132219,200000,500000,19
128998,24005,24005,47
32620,14900,14900,3872
38962,532,533,87
205171,892500,1050000,7
38841,87,92,173
38829,200,249,129
193963,307,600,2027
200053,127000,127496,341
52783,7223,7226,17
5523,115,700,1259
69237,51,2500,7534
159868,1215,1251,59
31889,250000,350074,6
38778,100,120,39
39354,3,201,122609
111589,23,29,32038
162552,60000044,105399978,30
199979,1124,1131,1983
74845,500,19700,440
76600,60046,60046,4
163151,4000,4000,131
198194,2599,4391,896
194801,84000,99999,420
76533,634,635,28
76544,645,647,11
197794,13892,15836,18177
76543,634,635,22
77542,10026,20048,217
22376,350000,350000,18
36923,320,2500,3507
162664,2600,2600,5
76134,175,349,4243
29536,119989,119990,14
29393,2082,7000,203
9030,29954,29955,78
128996,26599,26600,45
32596,127535,127535,4
178108,15000,15000,4
67444,2000026,2000026,7
41095,696969,696969,1
136546,2912,2941,46
136548,536,7000,106
193942,800,1000,1094
76693,2223,2666,51
38867,77,300,160
76611,90000,90000,18
52108,330,330,11
39340,2500,2500,2850
62771,100082,100082,25
137644,497900,497900,1
90548,17199,17999,9
20872,700,700,37
38823,16747,1775000,128
76628,74466,74466,7
76605,24400,24450,4
163110,5000,5000,24
76654,2000,2982,16
76656,3549,3551,12
76560,774,792,37
60391,777700,777700,3
23099,374,375,13
76512,344,344,50
136563,3300,500000,3
169952,599916,599916,1
198256,190,19700,467
54836,445000,445000,5
56160,325000,325000,9
194792,8700,9950,603
92056,961601,961601,19
39914,134724,134724,5
52094,1000,4158,55
49300,120000,500000,7
52119,10510,11064,33
183950,1000,1000,2260
39203,2419,2419,9
130202,10000,10000,26
52129,7220,7225,13
195456,500,752,70
22374,449900,449900,28
30809,175,300,17888
192933,37575,21000000,38
40048,15000,15000,28
13546,540001,540001,3
191498,6799,7496,33284
198292,1098,6000000,191
40217,35899,35899,61
4852,61444,61444,20
18254,13300,13300,61
199976,1000,2000,577
56151,10001,236600,11
63694,87777,87777,335
200792,99500,100000,40
192897,7043,10038,628
109123,100,200,2514
141908,17810,17815,51
192894,98,651,1692
76615,16700,16740,13
79257,29600,30000,200
192913,174,299,1012
158750,699,998,17
76528,2056,52631600,8
76548,219,72519,34
144397,10499997,10749997,5
38781,40,40,18
200802,99999,150000,73
20002,9899,9900,1520
9224,15787,19094,270
205461,244,245,85
7909,874,888,13634
163580,777700,777700,4
201193,600,700,11
168232,41180,42020,40
76541,286,286,21
76554,355,356,57
23120,1899,1899,33
192931,45070,13000000,95
178537,15006,20355,66
38953,300,300,52
205693,1499,1499,170
11414,500028,500028,7
105705,23020,23020,16
38912,231,231,19
44499,439871,439872,45
193943,98699,162600,95
133592,155,175,2590
39951,296,297,54
179993,124999,124999,20
182119,799978,799978,4
80313,20000,31000,18
178541,2999898,2999898,5
182118,499967,499967,3
40182,6000,6000,4
40169,2200,2200,20
191323,6860,11795,443
40168,10000,10000,18
40157,7500,7500,86
40150,4098,4098,45
40149,12094,12094,17
40143,2098,2098,48
40139,14394,14394,22
40128,2811,2811,63
45883,17528,17528,5
40125,1500,1500,23
40124,4599,4599,98
40118,8712,8712,109
40115,1800,1800,20
178223,136320,445000,27
41398,5050,5050,24
41396,2500,10000,16
41395,7175,7553,21
41389,10899,10899,40
32230,99,5572,3627
40011,1535,4572,23
40112,9000,9000,112
129286,4500,19700,353
39998,10000,10000,27
40045,6855,6855,8
40040,4800,4800,8
40001,10000,10000,5
40091,11100,11100,5
40052,5000,5000,9
171830,398,520,13663
40102,7941,25575,26
40100,8500,8500,5
40106,3575,3575,18
41335,11200,11200,7
62278,287870,296866,2
67388,800,1400,10
23977,236600,368300,6
23976,236600,236600,4
137558,2990,2990,99
204613,45049,45049,35
76130,107,252,3556
200824,500000,500000,54
111676,163,5500,1728
158202,4000,5663,295
176881,1500024,1500025,3
76567,145,145,22
31945,100000,125000,11
87240,1485,1485,109
74705,4396,299800,21
194787,7100,12023,816
194790,8300,12099,581
74706,96,98,76
45628,50,135,29
38819,452,452,41
38812,100,100,22
191339,9275,9899,824
38864,902,903,33
132186,20000,260000,4
201832,5575,5575,615
200045,50047,60034,36
180457,8500,15432,7576
34843,236600,236600,3
38905,196,696,36
194794,7000,7495,1150
52984,500,529,13127
172451,1007,2744,696
204823,29403,29701,80
168315,90000,95000,117
128553,28720,28720,89
129034,3700,3750,9040
191525,21797,25797,5817
52216,13001,13001,31
52125,8009,8009,36
194795,6823,19999,436
32468,295,296,1047
40041,850,1250,30
52132,185499,185499,8
162558,350000,445000,69
52118,3600,3600,16
181713,1000,1000,25
116408,970,5000,292
6261,33,5004,14336
40129,3800,3800,7
41400,16765,16766,24
62004,60088,40900000,27
198294,1500,1538,307
40171,10000,10000,22
40162,5000,5000,45
40160,12000,12000,44
40155,12057,12257,38
40153,12900,12900,64
40152,14999,15000,24
40144,4021,4021,34
40142,8099,8099,20
128845,27550,27550,16
200023,16631,16799,1642
76521,226,238,11
61996,94900,94900,3
76547,243,243,18
52233,9756,9757,7
74837,538,700,2107
193953,828,836,1028
21927,500069,500069,8
23773,555501,555501,13
39690,4949,19700,526
132218,3060,249999,22
79312,94090,94090,5
192905,3900,4087,910
108355,3869,19700,585
113263,90,300,21680
22457,9889,11300,3234
44449,409,409,68
52756,100,311,231
97622,299,19700,385
163117,7000,7000,186
44750,6500005,6500005,2
40533,935,1100,233
39684,240,19700,526
172413,150,5299,841
12809,7299,8000,285
76531,242,244,10
200021,17896,18069,1196
24273,76705,76706,46
180412,50060,250060,5
71871,25017,25018,57
191495,39800,39869,8748
158757,327758,500000,16
186684,200001,200001,2
60394,315,325,90
163783,25893,25962,134
4375,1000,3700,2543
6889,407,715,12617
52169,11595,11595,2
128742,270000,270000,6
198417,5500,8129,3916
108308,50000,120020,566
162551,1959,7000,172
24035,2544,2545,25
32217,1336,1336,163
10307,3300,3300,157
193926,3000,7185,2113
52089,150,299,200
23100,95,246,43
38817,100,300,79
38830,101,201,115
38771,1,10,165
76578,35088,35088,4
89676,39348,39349,9
52162,11905,11905,12
113909,250015,500015,4
39920,999900,1354677,2
88158,199900,26415750,2
115813,75000,75000,3
76574,999908,999908,9
20876,200,200,260
128011,2499778,2499778,1
201177,79996,89996,4
201182,99900,99900,4
191534,249898,249898,393
59496,195000,200000,55
85570,4000,25118,80
76588,29999,29999,3
38975,161,649999,9
38931,600,600,50
198193,2706,3014,484
62019,79996,82996,8
76608,70000,70000,3
77543,2000,5029,216
71833,59920,59921,78
76879,13774,13774,47
52111,12579,12579,17
71820,35656,149800,12
41479,16000,16000,28
23115,2376,2376,58
76545,608,610,17
8170,600,1930,6071
8171,2700,2995,4193
36925,465,1998,246
41602,32388,32388,39
76607,49995,49995,2
41480,52500,52500,15
201325,329999,449500,2441
133590,89,96,2133
169143,390000,400000,5
39955,398,400,20
52243,12296,12296,13
2665,293,293,2194
172415,739,10599,1012
188947,999900,1666524,3
159471,414,414,94
40113,9499,9500,18
112185,19700,19700,264
74851,1099,19700,537
74832,700,750,1228
174383,570016,580016,4
193228,62500,68547,3900
109139,141,230,4394
22373,200001,200001,24
192923,34799,13000000,80
104341,23000,23017,152
44470,7381,7383,52
15407,4495,4495,4282
38961,2965,21144,66
38848,560,574,38
117473,1550,1550,107
173048,31167,31167,160
198308,558,599,3165
24517,190061,190071,11
204702,580000,620000,395
192911,972,1239,1111
181388,75000,75000,76
32850,75018,100791,23
32839,147700,147700,4
204567,29900,29900,345
45987,10000,10000,4
38774,191,392,16
128539,600,1000,83
74700,65,75,58
79299,450000,450000,4
198418,400,1040,9993
38918,5893,5895,19
62013,250000,250000,3
112158,54,60,1593
19227,387000,387134,8
132531,5700014,5700014,5
4382,990,1582,457
198535,1475,1575,168
40901,10000076,10000076,1
8068,948534,948534,5
42963,1517431,1517431,1
50045,10000002,10000002,1
42735,499900,499900,6
41103,10000002,10000002,3
50077,10000002,10000002,1
45775,777700,777700,4
87806,889988801,889988801,2
87893,10000002,10000002,1
45776,10000002,10000002,1
43541,10000076,10000076,2
43548,10000002,10000002,1
43553,10000002,10000002,1
205044,1675000,1675000,90
38935,96898,96903,44
201403,5800,9999,8114
19234,1000,3099,13
74843,488,545,2259
200845,100000,100000,17
192856,802,1406,1872
10546,8000,8500,29
64396,64303,64304,28
189571,134447,134447,10
43376,1230456,1230456,1
9399,1170810,1170810,193
43146,76415,76415,29
43869,1517431,1517431,1
4479,500000,5250001,2
205016,1400099,1600099,40
43391,3173000,3173000,1
198437,40000,500000,9
43368,1515322,1515322,1
42453,111100,1517431,5
43370,1185221,1185221,1
42909,500000,500000,20
43428,688800,694350,2
43343,1517431,1517431,2
43342,1517431,1517431,1
43332,2500002,2500002,1
43393,1517431,1517431,2
4392,27296,31361,116
32948,108878,108878,57
38772,300,300,65
38885,44859,47574,17
169669,2500,500000,33
40085,4467606,28549603,2
40094,506938,506938,2
40029,499990,499990,3
62770,332300,332800,3
193924,594,620,2724123
36909,1845,1845,60124
74853,5000,12500,6311
193249,18058,18058,1761
17771,119946,234246,458
111650,7500,19700,786
74840,500,755,3228
74850,737,2550,2666
61979,1895,2995,6306
178129,388850,388850,2
176810,12000,12500,8
32722,500000,500000,60
38900,4688,24335,22
194846,875,1598,8836
184394,189900,200000,8
197756,100,230,193370
23445,2000,3800,21582
52985,400,592,32210
74864,1475,19700,4496
180883,666600,666600,1
178172,75000,75000,6
194758,5420,5426,1736
180410,320050,320050,8
52098,999,3964,11
179308,94600,95100,12
179277,480000,490000,11
179279,500022,500022,2
163061,1500,7000,96
163105,10000,10000,71
159900,1100,7700,135
11417,500000,500000,32
74717,392,392,18
74716,74,75,58
192899,6900,6900,5790
34831,50000000,50000000,1
182765,210000,210000,1
41604,34500,36467,65
45880,500000,500000,1
32068,500023,500023,13
159876,1942,1942,13
44755,5000,15000,17
136566,40090,40090,52
104348,5439,5439,181
81917,9900,10000,146
81916,10000,10000,143
81889,7457,7457,117
158810,75090,90090,5
74704,811,850,196
74724,2697,2697,40
74726,3350,3397,62
166728,50000,50000,10
108344,1020,11000,1228
108323,322,5000,2163
4340,102,108,26614
54620,10000,500000,16
33854,108628666,108628666,1
120331,584088,584088,2
43333,2016354,2016354,1
43330,668806,668806,1
41490,8000,8000,2
18225,40000,40000,5
182774,1193150,1193150,3
38893,1757,1758,18
25886,1929,2511,597
182775,1502454,1502454,1
22460,3084,3085,6
120271,525405,525405,2
50438,710803,710803,11
38813,1304,9508,12
128561,466,466,114
110635,489,489,15
182123,500000,500000,31
21153,500,7500,999
54633,220001,220001,11
38585,9950020,9950020,1
113273,69900,227500,10
200107,356056,356056,1
40111,11100,11100,34
185478,400000,400000,1
143636,2000004,2000004,5
178175,500000,700000,9
24510,149000,150000,7
110638,2896,2900,48
141209,205000,205000,29
133578,75,4374,82
13452,5850,5850,146
42999,7759,7760,80
116428,2245,2540,260
38814,1505,1506,29
38832,539,539,42
4779,40000001,40000001,1
192863,778,995,5074
193021,18981,18981,37
134051,139491,154989,9
138982,1845,500000,45
3108,150000,150000,190
40146,13019,13019,26
38928,1198,1199,146
74854,288,19700,670
74852,1023,19700,586
85583,7792,7792,648
191476,900,900,40651
198259,100049,100074,24
162117,41550,60000,59
68134,3400,4423,73
52175,2777700,5000000,4
153630,5000,100000,20
38989,383,639,88
201408,2200,106968,374
65892,480000,480000,59
159786,4007,9208,26
52770,400,800,54
136573,1500000,1500000,1
200823,180057,180057,68
153479,4199,4200,59
21177,500001,50000001,24
38926,7000,7000,22
52755,3008,7542,37
43145,284939,284939,48
158853,50000,50000,6
44493,5409,5409,35
52743,600,600,21
38790,250,250,38
79310,55941,55941,15
79285,720229,720229,10
79314,117500,117500,3
183793,65490,77691,45
76617,33566,33566,5
52227,7151,7152,12
90556,100000,384602,6
76634,12757,12757,11
44765,500000,599879,3
44782,200098,200098,6
52213,909,909,15
160582,874937,874937,4
56503,1950,1950,88
76581,77189,77189,4
15997,42000,42000,203
52244,13479,14406,28
76635,24500,24500,24
52237,3431,3431,19
15992,200,200,19190
25446,741990,741990,4
192731,449898,449898,8
19726,290190755,290190755,7
193927,60,89,713114
115806,375,1046,36
197744,1230,2158,64246
10285,400,980,1458
38837,3430,44798,134
12820,14851,15001,90
198188,4499,6500,10817
36905,290,450,762
124436,2915,19700,424
111601,109,116,29905
108348,19700,19700,409
193923,1450,1698,370094
192867,799,940,16339
80431,1782,2384,2012
199053,3700,5024,382
52555,848,848,17456
4400,464,464,2226
191518,1545,11178,3631
170173,34500,35209,152
108298,19000,19700,667
108297,1078,5000,1043
12202,22,500,1655
36906,248,300,4779
23427,2500,2500,18333
113289,8668,8668,389
128719,600051,600051,11
139311,66599,84776,1148
194579,440,19700,145
8154,70,599,15758
97620,882,19700,509
4377,154,243,3895
1288,14,1000,51453
198190,2300,19700,109
194577,5500,19700,128
20419,449900,449900,3
59491,100000,100000,73
198191,2499,2500,12077
59477,99999,99999,11
194767,5996,5996,5635
59479,75000,75000,4
23781,2982,3882,1172
193959,1407,1407,3806
10647,378,19700,220
152867,25027,100027,6
198487,98,98,8897
132225,450000,475000,2
193929,1724,2586,2105
198175,147,6974,1194
193960,158,188,2845
23447,5700,5859,2154
191475,800,800,3080
43123,1801,1801,1986
136598,500001,500001,1
25649,69,286,2299
41807,3900,19700,1010
62370,500000,26565800,2
3175,500000,500000,5
44947,1241,1243,91
108326,250,19700,870
127037,112,112,1461
62786,298,460,3011
44778,449897,449897,7
204858,18597,18597,70
200850,250000,250000,20
200020,103900,104599,270
6471,317,19700,195
192895,485,489,1233
108305,4802,19700,410
97619,79,19700,528
36817,200000,300000,6
52183,2450,2490,9763
4232,1100,2995,4521
44783,400000,799940,2
133981,2000,2000,37
39934,760,761,14
52776,16046,16049,83
130176,528,945,970
44466,2299,2852,93
173056,3297,3597,2692
59489,50000,50000,30
6359,400,19700,721
160711,125,3330,3224
16000,450,450,1090
108359,1038,15847,411
52166,1089,1100,7
152547,520,1050,1354
9262,63,235,8469
153715,1099,25000,329
38981,1285,2377,28
74252,351,79400,10135
108353,5497,19700,586
180445,39997,145000,343
76140,398,1000,4478
52784,10555,12274,17
153628,7088,7088,7
38880,12066,12068,42
201721,4400,4400,712
44292,500051,500051,15
76579,178452,178452,2
198239,880,3500000,314
38895,7748,7748,8
4399,250,528,1160
38971,577,677,29
127738,111111104,111111104,1
108294,15476,16640,574
197750,70,99,49016
129288,3500,19700,445
193928,150,400,192011
41800,5200,6237,3322
198186,2797,19700,822
16203,888,1500,3643
89675,749,749,35
194730,167,664,42240
159959,100,150,12973
172438,175,200,7778
4304,1000,4999,20590
194784,98,599,2509
140204,50000000,387376986,2
12359,275,500,96661
13423,273,714,860
154705,1456,1999,1061
38917,3088,3088,55
38922,4423,4423,149
172058,310,750000,1937
200566,537,537,635
172437,1650,1650,8583
21845,26638,29127,383
76556,343,346,51
23095,397,398,167
38978,16362,32621,6
40392,777700,777700,1
40393,120000,120000,6
182708,100039,800019,2
156627,17500,17500,5
191499,12999,13000,93
11846,475000,475000,27
173123,400,980000,113
194821,1900,2500,666
37156,2070,2500,74
7080,9999,18942,9523
12003,52631599,52631599,20
163651,500000,1000000,36
200821,150093,150093,39
158817,288898,288898,3
4583,30013,500013,10
108363,100001,100001,9
158466,251750,251750,89
38822,497,497,23
40391,699909,699909,2
3448,395000,395000,46
43850,5598,5598,382
198295,148494,20000000,28
52747,8891,11508,9
112293,900,900,12
45056,7505,7505,27
38780,1422,1422,23
38808,100,1200,185
39004,932,933,53
44497,5051,5051,24
38899,6854,8497,15
39001,510,1356,18
52759,975,999,62
200830,1600,1600,23
38887,51157,51160,27
38789,100,577,209
38965,6788,23982,16
52744,333,399,50
38875,1020,1522,5
68786,51768,51769,26
191395,3547,5052,24535
200019,48000,120096,195
157798,100000,150000,20
172412,400,1470,951
200825,78096,500096,17
199965,40051,40051,5
163140,4007,4007,622
52236,967,967,5
192957,42500,42595,56
92664,999999999,999999999,1
184346,90007,90007,13
76673,2214,2218,17
60268,475000,475000,22
38949,25,25,45
44145,1086,37999,92
144408,660000,660000,3
168793,210000,210000,5
192906,498,1200000,441
120270,499900,499900,6
23979,2200,2200,6
193450,300000,449900,4
151386,470001,52631600,7
158805,52631600,52631600,1
2947,52631600,52631600,1
15423,52631600,52631600,1
44455,4106,4106,19
192716,460000,500000,3
38824,299,299,38
31866,4722,4722,98
52020,75000,75000,1505
38260,115110,115110,8
1688,52631600,52631600,1
29576,52631600,52631600,1
39223,500000,26565800,2
16747,500000,500000,4
187348,50000,66000,7
41099,52631600,52631600,1
39948,114192,52631600,9
39525,500000,26565800,2
67289,777700,777700,16
178103,1806023,1806023,7
188789,52631600,52631600,1
38261,2999,2999,75
63314,777700,777700,1
68055,18900,25250000,8
76584,70000,70000,2
63347,52631600,52631600,2
87764,999,999,247
132224,8237913,8237913,7
153133,75000,200000,6
138884,52631600,52631600,1
5125,200000,500000,3
39516,200000,500000,12
147868,32595,41895,57
45981,100000,182713,6
67281,500000,777700,17
25426,890,1500,360
57070,52631600,52631600,1
88163,99900,500000,4
8928,99999999,99999999,3
69865,25000,37549,2
152718,500000,51578968,69
180476,52631600,52631600,1
43868,52631600,52631600,1
104342,23000,23000,57
44206,500000,500000,5
32193,3898,3900,344
52090,1147,1147,32
52112,2523,2523,11
173067,25000,29900,95
143634,3400019,3400019,6
71866,20000,74058,75
204827,17998,17999,121
194967,435,700,54431
36816,10099,10099,19
180326,52631600,52631600,1
183204,686637,1843318,4
108351,25079,25079,90
3726,2004,2004,134
138384,293101,469900,20
11395,52631600,52631600,1
183945,94195,94195,3
172410,639,639,100
69840,589000,589000,5
201220,52631600,52631600,1
10512,52631600,52631600,1
67257,777700,777700,3
45197,5894,500000,5
182797,52631600,52631600,1
128014,17500000,17500000,1
104340,120074,120074,25
105702,23017,23017,25
105708,23099,23099,60
56053,777700,777700,5
20498,500000,500000,7
67280,735747,735747,16
128436,34570,267400,4
192962,68865,39899900,24
178923,500000,706758,17
71375,52631600,52631600,1
52768,400,610,57
52771,150,290,46
43233,115280,115280,29
43235,4190404,4190404,9
162666,24750012,24750012,1
11022,79999,79999,21
77545,494,1803,204
110652,1575,2000,33
76535,645,647,17
199981,3599,3603,2254
163709,1245517,1245517,5
1529,200,3200,382
14227,4005,5699,6007
43012,2000,2000,1060
23117,700,733,70
52195,6930,7149,933
153445,10398,10399,35
38902,1000,3000,52
38910,1373,1384,48
40769,8598,8998,1168
151542,96997,100000,203
59493,180000,180000,63
139312,98599,100000,150
139315,93499,97593,215
19305,500,2500000,204
34113,33980,33980,256
110618,1665,1667,142
191872,5000,5000,495
180059,6500,7499,729
19275,2000,2000,31
120959,3670,3672,268
201698,4300,8000000,86
201046,3512,3512,1087
198401,120000,6500000,118
168188,1000,25000,416
191496,6500,7099,1535
194768,9884,9884,18279
198196,54900,55000,711
194864,65000,65000,2721
192944,71184,71285,24
32200,460,460,395
193940,161099,190098,825
193236,39996,64168,1079
193932,40000,47200,155
192960,52500,52500,97
15409,30000,30000,22
192947,49800,98010,135
76596,15008,15008,5
192972,400,1000,2119
204992,35051,35051,2864
198197,94998,100000,2349
198195,96900,364699,323
192883,5202,5202,329
192971,200,999,2075
194576,6590,6590,35
32716,500000,500000,71
86574,475000,475000,4
105719,10000,10000,55
105721,25050,25050,40
198312,244300,247200,467
58279,2000,22500,113
58280,1429,7000,164
193227,12500,12870,4720
76591,4298,4298,27
192974,90,500,2715
76599,11139,11139,12
192950,40000,27000000,39
41450,26966968,26966968,2
192926,18810,19500000,24
204701,90000,90000,2802
153605,6700,6700,47
202314,3998,3999,131
129000,54900,54900,27
184341,892549,892550,12
62651,1400,7000,192
143635,380000,380000,9
205115,524600,527250,10
193226,32548,9000000,163
192902,5999,8895,1039
71882,221986,221991,28
32686,4200,4200,141
59231,4500,4500,59
193938,150098,200000,309
192918,21000,22000000,49
52134,116993,116993,27
198198,17500,22900,204
193238,49900,60000,2211
193242,19055,19406,482
194014,1000,150020,165
31883,600,7500,72
79238,77700,77700,3
52303,24933,4000000,236
5996,2188,5000,54
128219,92968,445000,16
42960,20000002,20000002,1
80585,20000002,20000002,1
43356,20000002,20000002,1
104051,20000002,20000002,1
42748,20000002,20000002,4
205690,3328,6628,193
24027,5076,5076,61
76631,23790,23800,5
184345,19999981,19999981,3
201327,5504,5505,232
184343,599997,599997,9
196582,3874,3874,487
184342,230020,230020,10
198301,151486,170442,7
128733,275000,275000,4
62016,94999,94999,2
32198,150,246,316
71845,27596,29048,27
71857,8027,8027,12
71822,40000,40000,22
191320,32100,35002,5348
191328,9839,11498,12581
191338,33857,36700,2599
191327,12500,17975,196
76886,4187,4187,279
24058,688,689,41
52120,9599,9600,41
112284,1153,1176,11
52144,303861,303861,4
46098,9366,9366,14
39932,482,485,6
76542,192,72593,52
52104,5999,6375,14
52116,3624,3624,10
32727,60000,60000,1
40044,9561,9561,9
39935,782,3556,67
52245,6324,6324,29
52103,10216,10216,14
68741,4862,4862,26
24055,553,700,61
76597,35056,35056,8
12811,37505,44000,3838
165733,166099,166099,5
38835,1694,1694,5
136559,880065,880065,2
79286,654364,654364,2
79283,99900,99900,8
76610,9136,9136,34
52100,3964,3964,9
71860,35245,35245,26
38889,27764,27764,160
194809,85000,99900,219
76622,29999,31000,20
162011,100000,100000,12
10548,9500,9500,34
38921,3728,3728,13
52249,8437,8437,37
76506,1257,1258,22
68358,12969,12969,7
45932,400,400,46
39940,782,783,10
194013,719797,720050,885
62015,180000,180000,4
179287,100000,100000,2
38920,5867,6625,17
76532,646,647,8
110639,3397,3400,62
110653,3128,3128,4
52297,30064,30065,37
38974,75,402,17
38866,12,154,15
38857,77,100,26
159787,1000,4728,15
110619,483,484,39
173084,2000,29999,9
165692,24999,24999,97
128995,180000,180000,31
64394,15000,50050,421
8483,310003,310003,10
9357,500000,500000,27
9356,8904,89004,32
76620,32000,32000,6
76884,8988,19500000,57
52172,7550,7550,6
76525,794,794,16
39956,1008,3955,25
179012,2500029,2500029,1
15872,7000,7000,64
179267,33319,33319,20
179016,111129,111129,38
7428,66666638,66666638,10
177840,500000,500000,2
41440,4018,4018,10
192921,30000,32000,84
128738,50000,50000,12
76603,107835,107835,7
158749,336900,914235,2
10648,1402205,1402205,8
158822,777700,777700,4
127716,2499904,2499904,3
123956,15000,15000,238
22831,1999,5488,182
191400,3000,3642,842
39958,1062,2750,26
76546,607,608,26
39974,2500000,2500000,1
38805,72,86,24
76537,197,197,10
23109,887,887,13
39982,1224,1224,11
39965,448,448,7
23104,195,195,31
41382,24223,24223,14
24033,1399,2132,39
31912,9000,100000,31
52126,2936,4824,22
200567,7095,7095,1642
158826,1399331,1399331,1
130216,185,185,39
52122,23795,28176,22
115464,2302300,2302300,4
39905,647,647,6
39978,986,987,20
76652,2545,2545,9
76616,52631600,52631600,2
23097,1500,1500,10
76601,404972,408086,4
76573,7500,7500,4
41436,523,85023,9
41447,230,230,5
17408,99900,445000,24
52203,8869,62630,34
105703,23095,23095,62
23094,1026,1027,60
19232,16599,150099,13
76527,647,647,15
38963,1087,1339,19
200569,3300,3999,364
52149,973276,973276,7
201419,3965029,3965029,74
52145,499928,499928,8
76893,5505,5505,26
52097,674,2074,29
108304,53109,53109,54
31868,316,5516,18
198237,900,960,643
52298,8599,8999,13
9312,1521,50001,334
77546,7500,8476,204
24054,519,519,19
52777,1672,1673,3
132208,500050,500050,1
76517,1456,1456,20
44088,100009,100009,6
19026,18932,18932,52
38944,15294,15945,62
68785,27041,34837,88
198212,2600,10000,917
76524,1458,1458,9
59478,40000,350000,46
43825,100000000,100000000,2
40916,50000000,50000000,1
11040,10000,10000,22
205015,1200000,1200000,5
201316,9900,9000000,77
32225,1779,1779,298
68356,1860,1860,15
200841,11500,37677,201
12434,777700,805174,14
29534,59405,59405,6
39976,430,454,10
68780,5969,30057,10
68779,6295,6358,229
38779,668,899,11
77540,1789,1789,191
127762,999478,999478,25
200573,18579,18691,2511
20528,2148,2148,40
180475,716395,716395,1
158811,29999,30000,4
153597,8025,8025,1857
200765,150089,825089,20
38932,8999,9199,37
23944,500000,550000,2
180058,6000,9500,386
191501,19998,19998,2020
55056,9999,10000,68
13506,5000,5000,231
132216,497090,497090,5
32668,612532,612532,1
192552,25073,25877,388
153569,40047,40047,24
162550,77700,445000,62
62672,1000,20000,89
33782,5533,5533,29
34537,7500,24969,121
52299,12500,12500,16
87248,4000,4000,49
126935,31244,31244,35
40049,15000,15000,12
4421,117810,117810,22
162112,791528981,791528981,2
45621,900,1000,53
87264,250670,250670,20
200580,6800,10230,52
44076,500000,500000,12
44078,238088,238088,5
44082,34509,34509,6
44084,95422,95422,5
44081,270232,270232,5
44087,1306381,1306381,5
52088,2903,2903,7
163118,234211,265000,165
38828,899,50000,62
163919,8829146,8829146,2
163920,9666641,9666641,1
45881,1017928,1017928,1
205875,777700,777700,1
52211,4899,4899,54
193946,333399,380000,549
35318,12608,52631600,4
40086,2500,264400,2
52300,20800,20800,28
39992,1227,1227,3
136856,25000,125000,8
41461,7592,7593,13
76593,499990,499990,3
200574,5060,6600,76
79301,100007,100007,4
184050,500000,500000,1
128717,123735,123735,6
128729,151854,151854,7
153192,1999,1999,11
128734,942657,942658,10
201468,40000,40000,12
136654,2374,2375,463
198619,15111,4900000,128
168417,122073,199863,463
200798,44192,44192,12
118900,500000,500000,5
163136,17529,17529,132
169445,19987,19987,153
127765,999500,999500,3
32079,298929,298929,7
194793,99900,99900,284
38769,118,178,11
200619,7425119,7425119,45
115512,21006,23206,41
71876,31775,149800,31
38428,49019,49019,35
76569,1088,1090,43
32453,52631500,52631500,3
23787,42497,42499,461
52302,23555,23555,30
200055,199999,200000,337
200615,1070,1070,3
28452,1296,449900,27
33825,86108,86108,46
71828,18496,19469,14
136596,35000,35000,37
19283,200000,200000,5
179292,499700,499700,1
24028,9682,20425,5
179291,777700,1000000,4
201216,35000,35000,5
63296,39932,39932,10
25437,500000,500000,5
42964,777700,777700,2
69863,9550,12450,6
90457,500000,500000,22
194011,200000,200000,18
160328,202496,202496,19
67256,777699,777699,1
193565,409900,409900,541
204092,15000001,15000001,1
79304,1600000,1600000,2
43335,9999999,9999999,1
41108,9999999,9999999,1
42961,9999999,9999999,2
198045,7315,400000,7
58268,15,269,325
67319,20317,20317,41
38930,2473,2475,25
198247,2789,3400,486
133588,322,350,497
154989,21951,29095,156
177659,793,793,266
41464,129491,129491,2
199970,140098,40500000,15
82330,500000,11500000,3
3745,96760,96760,4
15419,14399,22499,2120
33236,100005,100005,156
38968,1466,1467,25
58276,55000,55000,4
140298,2500,100000,36
20418,777700,777700,2
20420,777700,777700,2
153626,100000,100000,43
2313,889,9999,59
76534,3000,501500,2
76514,3000,650000,3
38766,100,111,94
32201,525,550,533
6452,250,10000,115
39947,238,255,16
20881,140,970,137
76557,749,36958,23
163058,66640,68000,123
110620,2550,2671239,12
158382,1200,100004,664
20963,514,514,2452
172501,777700,777700,1
71838,49555,49555,66
41439,10000,10000,10
76566,1089,263422,20
76558,548,8825,21
71851,133774,149500,49
71840,41452,119700,73
76624,55500,77600,5
76632,36860,36860,8
25896,54028,54028,4
178104,450000,500000,3
4596,749999,749999,2
187197,1913152,1913152,1
41481,110000,21055034,2
198265,24914,24914,197
198215,10038,30038,1650
76671,3055,3056,10
153567,449900,449900,2
161348,7998,7998,105
39502,400000,400000,6
33571,500000,500000,1
200844,9500,37400,14
60377,52631600,52631600,1
119022,142,7000,144
204909,1000000,1000000,3
180881,777700,777700,2
180882,999933,999933,2
105706,25000,25000,50
105700,22020,22520,40
105717,23000,23000,45
105722,20067,20067,25
119213,100076,100076,2
132230,100082,500000,11
32758,6500,6500,77
117441,5930,5999,139
105720,20000,20067,66
105723,25000,25050,35
105724,25000,25000,30
105701,37520,37520,20
71831,82245,82245,38
200633,122478,122478,16
24065,25959,25960,10
199056,9500,9500,50
37603,3710,3710,24
184310,777700,777700,1
192710,777700,777700,2
192616,777700,777700,2
180884,777700,777700,1
18288,50000,200000,4
76609,39200,39200,10
160611,21500,21500,120
54747,22200,47500,109
161347,7700,7700,108
162570,55020,340000,160
29395,4464,350000,176
93208,6948,6948,332
140205,350000,445000,21
140340,445000,445000,21
162574,7000,7000,172
45879,9599500,11519893,4
117440,2063,7000,155
159879,445000,445000,18
153627,500000,500000,46
115354,495,7000,127
140207,445000,445000,20
159869,6861,7000,130
159871,19835,47935,51
162569,7000,7000,149
71872,22199,22199,19
52091,2200,650000,24
76511,390,391,13
140202,445000,445000,81
32836,2000,2000,8
79309,120000,120000,1
169117,30811,445000,57
138294,2000,2000,8
117475,7000,7000,72
13724,7000,7000,117
39501,150025,150025,22
141213,2500,2500,13
202315,9900,9900,35
138972,1200,445000,15
180614,449900,474950,2
49600,350000,475000,3
130248,124439,124440,198
130247,124442,124443,223
158779,500000,500000,1
110641,471642,471642,2
92430,222500,222500,26
10305,254593,254593,5
42966,500000,500000,1
120333,500000,500000,1
162567,45630,45630,277
138973,265000,445000,42
183963,400,350000,5
27932,500000,500000,1
49626,500000,500000,6
162565,12500,12500,360
169946,2500,2500,14
58278,7000,7000,119
76604,15098,26323349,2
31882,4500,7525,17
140206,350000,445000,41
41470,4000,4000,6
5635,399,500,3241
163153,4000,4000,137
179307,475000,475000,5
156872,243831,243831,45
128714,347718,347718,3
192898,4875,5000,710
52215,7773,7773,22
76647,2120,2120,9
23330,500000,500000,3
69920,350000,445000,81
37252,906,1000,11
3703,7000,7000,101
163642,9938,9938,119
23949,9000,9000,16
52230,10019,10019,37
52239,11572,11575,24
25723,777700,777700,8
52225,18505,18505,7
52226,550,4296,30
17036,444850232,444850232,5
17021,999999999,999999999,5
162575,7000,7000,60
198043,40000,40000,17
163399,5500,7098,22
128849,6930,7000,101
169120,2000,445000,31
169118,350000,445000,33
30355,445000,445000,32
159870,44500,44500,94
204839,37731,39331,16
140201,445000,445000,19
190881,350000,445000,16
178228,95500019,95500019,5
180338,500000,500000,1
140296,1500,1500,17
143633,340000,407500,2
140321,87715866,98524654,12
184344,59755309,59755309,5
45901,1089342,1089342,15
4367,450000,450000,25
39936,1104296,1104296,1
71867,31839,31841,27
117470,475000,475000,30
179273,2019,238509,4
180519,777700,777700,4
180511,777700,777700,6
181246,12500,250000,22
180521,25252525,25252525,9
180509,2222222,2222222,2
180520,777700,777700,12
180514,111111107,111111107,4
40032,7958,7958,1
163563,1500,1500,11
76549,4689,5655,74
13510,76999,76999,166
153606,100000,100000,34
200817,210000,210000,124
34756,4760,4760,16
5480,125780,125780,139
199646,490000,500000,8
54623,30,46230,26
183109,777700,777700,7
17032,500000,500000,18
35788,500000,500000,1
44762,500000,500000,1
153134,250000,375000,2
2734,777700,777700,3
2750,199500,199500,4
71843,31147,32400,50
44268,33351,75051,4
159845,3397,3397,15
192695,777700,777700,3
2748,50006,50006,2
132211,1000,1000,16
36781,1500,1500,174
128846,3366,4139,85
107640,29999,34099,127
158765,100000,500000,11
88490,500000,500000,1
18287,500000,500000,1
141214,6969,6969,57
44777,1100009,1100009,1
197737,299901,299901,2
198258,199900,377300,773
19230,20015,21117,16
92550,777700,777700,2
179286,500000,900517,2
19258,11000,160447,26
67252,777700,777700,2
44749,200,500000,120
128850,499931,499931,6
18300,1000044,1000044,8
127718,9419019,9419019,1
200022,16799,16800,990
17405,350000,350000,75
173912,777600,777600,1
36784,22500,29924,460
79298,99999,664999,2
116654,10900,11131,106
69864,25000,25000,1
178115,777690,777690,1
42777,500000,500000,1
139345,500000,500000,161
24048,2499,2499,11
163695,3000,4000,194
21031,8255,8255,496
76887,10611,52291,2
61997,3200000,3200000,1
35836,55801,55801,7
162563,7000,7000,100
79313,1920064,1920064,1
62006,150088,150088,15
44274,99999,99999,11
11402,675000,675000,1
39984,700013,700013,1
40072,4374,500000,71
116149,599,599,60
200848,50000,99500,15
44332,11718,11718,53
28284,333300,500000,16
193962,752,753,3380
92431,422500,422500,27
139398,25010,87510,4
76083,2499,36737,446
117471,2500,7000,81
163155,4000,4000,149
114836,1901,2201,135
200871,2900,2900,115
198229,9001,9798,515
161383,500000,500000,16
138976,1500,475000,37
38881,23570,23571,9
151610,10000,10000,57
140341,7000,7000,105
3164,337588,337588,14
3389,1698,1699,135
163156,4000,4000,130
13453,5369,5369,54
109141,25,48,2905
12430,20000,398850,4
12433,777700,777700,4
144284,500000,500000,1
179013,12000000,12000000,6
200839,500000,500000,1
128994,96971,180000,8
169119,2000,2000,8
204995,600000,600000,9
140297,500000,500000,1
6949,500000,500000,13
140300,500000,500000,2
76575,25160,25160,13
22797,184128,184129,25
200282,777700,777700,3
8544,100,100,462
41377,30000,30000,10
180310,28583109,28583109,2
22827,6859,6859,28
152564,3000,5000,132
40163,30000,30000,12
76586,9413,9413,2
76614,45000,45000,1
76625,107816,107816,2
153614,1250,99900,5
95482,450,450,16
20004,14796,14796,153
198549,4950,4950,347
43236,500000,500000,1
17033,1000000,1000000,5
76594,24450,24450,5
6811,192028,321014,30
76612,84300,84300,3
112184,200031,200031,6
201697,500000,9800000,61
132237,10000,10000,13
198047,500000,500000,1
198315,235520,499920,58
10922,4900004,4900004,1
3826,2713,2713,45
163157,4000,4000,81
92050,16495435,16495435,1
200764,500000,500000,1
194870,7880031,7880031,24
128999,22255,51255,34
200851,300029,300029,12
20677,596,596,31
52212,89030,89030,6
40213,40791,40792,62
52301,159200,159200,1
76510,1050,1051,11
128722,810792,810792,1
52164,1528,1528,1
179285,273495,273495,5
5375,777700,777700,1
42702,31675,31678,35
31941,60000,60000,5
9186,777700,777700,14
153607,10000,15011,66
110627,1900,2010,6
4422,2002,100002,36
37094,2444,2444,51
169662,4000,4000,241
20868,452,13582,17
38879,3675,9900,9
39911,999855,999855,4
169947,2019,2019,23
29401,500000,500000,3
166420,171843,171843,25
43396,777700,777700,1
20857,1322072,1322072,3
52130,93152,93152,17
32600,150035,150035,4
11386,50000,50000,4
180517,777700,777700,1
180508,777700,777700,2
130250,500000,500000,1
158777,777700,777700,1
39683,17582,35500,416
153512,5047,12047,99
152717,200000,200000,52
141210,3500,3500,10
44146,5010,5010,12
136544,137498,137498,3
44278,131277,131277,1
183597,380019,380019,2
31911,30000,40076,10
204971,47599,47599,7
187211,1616420,1616420,3
23969,500000,500000,1
134049,500000,500000,1
187194,129533696,129533696,2
163638,15063,15063,1
35790,500000,500000,1
144288,999299,999299,1
43399,500000,500000,1
205238,500000,500000,1
19937,500000,500000,1
27933,500000,500000,1
33562,500000,500000,1
41102,1807890,1807890,1
31901,280000,500076,62
32725,10000,10000,3
31903,6845,500076,26
29561,500000,500000,1
182707,450000,475000,2
57065,500000,500000,1
13461,22975,23443,112
199968,47405,50000,237
22641,9500,9500,24
32599,40900000,40900000,5
128018,380735,380735,1
13890,145859,145859,2
200006,2200,2328,182
178116,449900,449900,1
194966,570,700,45248
38827,976,5000,30
52138,17863,17863,1
23110,35242,35242,5
112179,975000,975000,18
42908,530037859,530037859,15
8923,8950001,8950001,1
6950,750000,750000,1
2930,18500092,18500092,1
76057,399900,399900,1
5205,300001,300001,4
54817,777700,777700,4
54818,449900,449900,2
12360,19997,25000,15682
52153,52105284,52105284,1
201321,100000,100000,5
40122,1053,1053,451
56239,1479405,1479405,1
200061,6926,7599,3450
184347,255626,255626,1
52173,1999928,1999928,1
39207,99999,99999,8
184340,2306725,2306725,1
41466,2660,2660,2
10560,3516,3516,571
201310,9900,15000000,91
162682,200000,200000,1
76077,674,675,408
92051,500001,500001,1
32685,3099,3099,45
198316,33000000,33000000,19
79305,33364,33364,1
89328,500006,500006,1
153673,9999973,9999973,56
132197,100020,100020,1
200571,10000,20000000,44
20514,9610046,9610046,4
143618,50039,50039,1
78883,30000,30000,448
52081,4225,4225,21
160560,100001,100001,1
31888,100076,100076,1
31886,10076,10076,5
153619,40051,40051,18
113275,100076,100076,1
200840,50000,50000,6
178543,28000069,28000069,1
124671,8750,9050,889
44769,1500000,1500000,1
1081,777700,777700,1
140203,1500000,1500000,64
108362,19700,6500000,77
13459,41025,26000000,19
130221,7500,7500,37
130219,10000,10000,31
198494,499500,499500,1
196584,350000,12000000,47
200681,740000,740000,41
162010,4500000,6000000,2
117454,350000,445000,28
193468,20098,20098,1
138987,4000,4000,43
158794,100009,100009,1
41446,10090,10090,5
38794,98,98,9
130201,734,500000,3
87902,777700,777700,1
172202,111111111,111111111,1
194542,150000,150000,5
194048,43,99,453
113992,2366,2366,8
179298,150000,150000,1
179297,448800,448800,1
37160,5002,5002,5
158866,500000,500000,3
29577,82816814,82816814,1
198253,20000,9800000,103
32222,3833,15000,13
44155,500010,500010,18
136560,57019,57019,1
201319,35069,35069,105
192901,879,3400000,124
17195,10000000,10000000,1
2751,349900,399900,2
116392,99500,100000,41
113278,500076,500076,6
136568,500013,500013,4
13159,8000001,8000001,3
200775,6000069,6000069,1
44089,10057,10057,1
62238,500069,500069,25
159873,300019,500019,2
132182,236600,236600,1
130204,6000069,6000069,1
153625,10051,10051,29
52154,59999973,59999973,3
112274,20051,20051,1
37143,49502,50002,6
79290,85051,85051,4
30467,10000,10000,3
151431,35746,317846,2
200837,9500,9500,1
200784,10100040,10100040,2
162517,150000,150000,3
1274,499501,499501,2
732,74501,74501,2
25550,300000,300000,10
138980,35094,35094,12
52143,1250,1250,4
205697,3000059,3000059,1
201320,11100,13000000,48
173098,5000,129999,3
22375,25000,25000,142
153632,35001,35001,33
153634,35001,35001,22
153610,35051,35051,39
153622,21883,35051,42
112285,2744,2744,1
178900,10000088,10000088,1
52146,625000,625000,3
153615,35051,35051,8
33569,50000000,50000000,1
22823,1578,1578,25
153617,35051,35051,8
191381,10021,10021,248
117415,90220,90220,4
41092,777700,777700,1
138983,65070,65070,7
2738,349906,349906,1
45862,299921,299921,1
2742,399906,399906,1
201203,699999,699999,1
201190,1999991,1999991,1
41502,39913,39913,3
201206,699901,699901,1
23355,10000,10000,2
55976,333300,333300,1
4093,10011,10011,1
39960,726369,726369,1
110634,108,108,2
151387,50000,50000,1
43361,999900,999900,1
42473,499900,499900,9
42741,358780884,358780884,4
42411,500000,500000,5
42738,5000000,5000000,6
79102,500000,500000,1
204700,80051,80051,1
163388,4019,4019,101
38269,500000,500000,2
41373,500000,500000,1
12432,800001,800001,1
108364,2222792,2222792,3
132240,2507,2507,15
31862,999999999,999999999,3
34860,499900,499900,1
128720,66000,66000,1
128735,399600,399600,1
159897,500000019,500000019,36
173081,59300,59300,1
201729,1559335,1559335,1
169663,4002,4002,140
88492,1474570,1474570,5
112281,1000000,1000000,1
92427,4501,4501,1
140275,238,238,1
180343,957098,957098,1
163387,500000,500000,1
184624,25038,25038,5
138295,99994,99994,3
173085,2000,2000,1
62008,56893,56893,1
28290,999999998,999999998,1
114056,165,165,19
118225,500000,500000,1
41454,2046,2046,1
39906,2046,2046,1
44608,13000000,13000000,1
179269,10029,10029,11
37145,502,502,2
31910,376,376,1
39909,513,513,2
