item_id,min_price,median,quantity
169675,215,999,716
138727,75,12500,17988
173871,36,36,75
43011,39,97,1517
198199,12760,20354,522
109119,125,200,34629
783,275,3303,5387
189143,186,274,57746
128979,39961,53750,35
32231,234,250,10813
190315,690,1000,181766
40195,548,2527,4271
187699,1193,7500,12726
200011,39500,47523,171
23447,17800,39947,2601
3771,1,300008,1636
154891,25,39,2378
152547,1100,1100,7086
192615,61,63,34907
176391,145,197,5
171831,200,9900,15596
162663,175,175,4
3355,999,3600,8488
193215,53,100,1244048
133567,40,50,285
193255,5900,7700,165759
142335,2,55,138476
27935,8000,10000,26
21887,525,658,3885
197743,175,749,161411
52555,707,799,46301
204615,550000,589000,134
152507,333,795,37004
43107,2724,2817,32
153611,995,995,23
25707,3955,3955,1325
202071,40,41,6020
191471,987,1035,264101
13463,600,988,16097
199939,29900,35639,142
118015,5495,5495,93
7971,2000,2822,456
38899,1485,1490,26
771,100,1000000,67
102543,75,75,1099
199943,900,1000,258
192611,59,59,260
188795,10000,100000,7
204859,50,950,3957
168311,400,456,2137
723,15,17700,1116
153051,7,15,86514
192839,178,293,18596
38991,1594,9900,105
43987,3729,39456,69
153615,15436,22884,22
201991,35000,40000,9238
29739,300,9999,91863
52183,1498,2500,19675
172051,14,28,3210
17203,42500,45000,4293
33443,5,5,27
179271,23,24,40
76087,350,5999,150
43647,1100,10000,782
124107,39,1899,11099
23771,765,967,88
140351,139,2405,292
163151,440,440,126
154899,7,7,30641
140187,149,149,54
204463,469393,749999,15634
198043,4274,4274,98
136375,20420,20509,61
198403,1299,1600,9169
124439,1,37,114407
29451,5,287,635
74863,399,650,1453
199947,500,500,563
124103,750,1300,49588
191335,11400,20073,3412
139783,480,491,5
52195,4300,46000,913
190331,15997,18250,39171
114015,1,2,99
38831,3571,3572,64
128999,1400,1400,31
151567,233,1155,541926
203419,120000,122000,715
179315,7,100,87831
14047,20,98,57355
128551,39870,39897,121
38679,40,45,6339
36927,4500,17095,605
194967,299,798,123377
193379,14400,14500,5497
32227,513,15026,1999
38787,12,12,365
194819,1000,1198,28426
44963,13700,13712,82
192655,177,4800077,193
112279,8526,8526,28
3371,1,1,15929
74247,36,329,19246
5471,6,2000,1963
192723,30000,65000,20
194691,89,100,15242
21991,49,1018,1612
38931,399,400,117
172903,727,727,81
192747,70,70,1082
200575,1484,17700,135
172063,949,2000,2403
56503,1600,9495,74
108327,155,3303,4074
133575,13,13,320
36923,45,118,436
2771,380,598,4165
5427,19903,19903,10
154883,70,195,435
191475,950,950,7060
39951,103,142,13
53643,746,750,13006
7191,278,530,5497
72163,1966,2101,1959
23107,100,115,107
12203,4,3000,40033
191467,211,347,21933
193959,201,17700,445
17011,78,17700,2747
25463,500,1047,528
127835,81,91,179
153487,195,843,159
74859,300,400,3037
198299,350,350,428
4339,34,35,70232
76555,538,538,62
21223,100,100,48
193231,18500,22990,12680
2319,325,681,97561
43491,400,600,134
127847,1500,1500,213
28119,13189,13189,62
192895,50,95,1013
192623,60,60,121
111667,49,49,7111
34599,10,22208,497
52719,418,503,58164
109627,644,645,1246
108335,100,810,3231
14227,5800,6076,3554
1015,7,155,2982
21151,1,1,231
191939,40,109,9131
81415,91,91,183
4371,849,5000,1763
109991,929,17700,536
113111,100,9500,2570
138875,3,7,253
198183,96,109,2507
193951,30,2548,6782
198231,300,17700,117
72235,44,64,24130
194123,319,359,262011
184347,705406,705407,9
193923,700,784,128875
179003,100,500,9
779,5000,5000,108
31911,299,299,20
153607,24999,32055,36
138967,15,20,2270
52143,228,1455,10
199999,510,525,206
104099,3000,10000,583
76699,1196,1197,45
190531,6954,6954,10129
89675,177,177,130
88491,888,973,2029
191395,1490,2318,3247
124111,11,12,6961
6359,550,2999,6239
1475,785,900,59
5503,41,425,4186
198419,90,437,30309
128843,201,201,5
52219,5542,5542,40
35627,4749,4799,1572
179295,5419,7500,69
81055,193,1100,5383
77547,1471,2763,64
133607,6,9,9099
132231,22,22,426
198175,269,269,566
22795,1,4,234
38979,385,385,99
12811,23000,28999,878
200843,4700,4700,9
20527,7,7,23
113355,405,425,147027
109143,119,120,152541
192931,15000,26987,8
176871,188,188,67
193943,85067,499969,171
22575,576,870,4582
36931,1050,5673,2655
194755,797,799,12012
33459,3,5,471
35947,8,10,151
192863,397,3069,19891
173099,24900,500000,61
39683,26751,26807,255
139311,92456,92457,424
180411,402,402,4
198395,320,380,19453
118007,16,136600,1244
22203,24000,69900,2445
176859,38,38,50
52987,1050,1999,8181
200019,70000,70000,736
190311,397,493,392586
72103,1499,2900,35132
38967,1568,1568,100
30183,200,17700,651
29547,7500,19900,18667
191323,2900,4900,621
198191,1600,1671,21097
12655,300,399,39901
193259,348,500,229766
74839,322,448,5951
10307,372,8872,76
28399,3,3,342
2735,43769,48552,7
197855,40,90,1851
158927,900,900,27
162515,775,817,4700
158187,75,8500,27431
128539,800,36079,57
171315,1100,3303,28108
38995,6892,6895,69
77531,7500,10985,160
33447,205,2076574,286
192715,166,166,69
4387,99,125,319
8951,749,1400,385
152543,122,258,4057
193211,159,175,2376192
17407,100,100,3
169135,44,45,120
12359,95,100,79425
2287,1,6,211
14343,63,2500,40323
19231,27948,27948,2
187707,6598,6700,429
192095,178,296,84270
193223,1395,4055,216280
168191,500,1000,1523
16203,1509,4000,26954
4235,10600,22400,8174
168303,2,333,8011
102351,450,1000,395
43127,1800,1800,983
201407,9999,9999,21
192635,60,150000,1880
81195,69,69,11
45999,500,500,21
52983,900,997,12588
68779,25547,28647,69
152579,1435,2200,9891
198195,36000,39500,221
194575,3756,4725,3552
23783,8848,8848,3376
193939,60000,63994,8098
197747,57,335,1119797
45883,21559,37486,36
192947,38825,38850,27
192883,2000,2574,17
41339,1563,1563,113
172347,68,68,903
201399,382,2099,8550
108307,7114,17700,142
198207,400,400,41
52743,100,300,629
194567,200,299,659
194791,4498,8999,210
35563,1,1,235
11407,3331,3331,17
109127,175,450,116550
198187,1995,2369,685
192927,27500,28534,26
90407,24,87,13235
158379,75,8800,574
19259,8200,250000,5
109135,100,999,8852
172363,199,199,219
201315,500,501,308
203415,9900,18014,799
29539,21598,22000,3540
22459,364,1795,34
201311,800,899,1051
12363,46500,47083,578
200795,780,780,36
186975,10,59,112
9187,3750,5999,1362
4599,1,4,251
38803,26,101,1052
76651,1352,1352,27
199959,517,517,75
154167,498,500,631
5635,122,3303,1476
201419,2028,2029,420
201319,33767,33767,121
87559,1421,50000,101
31883,2699,2699,105
15415,62000,62000,4955
116811,91,91,516
22787,320,566,2524
63275,122,125,42
13467,599,900,7245
124115,375,700,70330
43535,9437,9438,507
54291,500013,13000013,6
38303,50,50,224
7075,66,100,39762
134051,1200,1200,5
188671,177,4800095,256
35691,350,372,74
71831,77669,77669,12
10939,133,540,76196
76691,198,199,32
184051,500000,500000,3
27655,3,3,189
197791,186,197,2036
132515,732,732,104
27439,75,10081,5410
74843,50,261,5932
124671,7742,10000,7423
153479,1500,15555,206
199219,14245,19999,1025
4555,3,9,42
43123,2500,3883,167
38767,26,27,788
44739,350,350,185
8171,220,1912,6925
188779,10030,14980,4
22835,2500,2500,301
191339,4080,4500,364
172231,24,100,79815
200615,1800,1818,1324
10647,50,50,94
152875,75,100,345860
52979,372,5200,35541
128731,149505,149505,3
155607,1075,1075,14
3667,24,299,12399
201403,455,5000,25689
174327,423,432,6056
158851,50000,75048,4
199059,953,4231,44
3827,25,32,238
52575,35001,35001,5
198499,4000,4000,206
192955,55034,58175,1051
19931,30260,30260,282
171267,90,100,843
89639,600,699,1613
3403,10,10,6
172047,75,75,425
28103,47,1999,718
173859,55,100,434
25699,398,498,1230
112287,4826,91050,32
43851,10,1500000,314
36783,4900,29899,1297
23439,955,1700,365
199955,500,501,206
12223,44,100,8272
3731,1000,11700,1711
179307,827,827,5
89683,600,700,33
27651,24,29,143
152099,200,815,21
163103,700,10000,30
198507,2509,2523,48
83763,11990,11995,263
168795,20080,20080,7
115351,19,19,28
192719,5000,5000,92
197759,52,2555,2367
38971,96,98,28
110631,666,672,84
41731,10,12,44
199991,942,1400,779
19767,8781,11811,5451
3171,990,990,15
168315,95000,95000,436
78883,28500,29000,385
52327,613,1000,64918
2835,20,632,41721
192867,561,674,42934
21571,3092,3092,48
62791,86,100,12229
192851,150,1298,133598
200007,2298,3938,150
158747,120,120,12
116923,27,27,32
76563,200,330,24
200507,26,1119,61316
111671,99,180,63823
5631,400,400,850
43007,150,192,6173
52111,242,242,11
33631,5,5,146
25679,53,53,42
116979,2,20,911
191371,29933,40000,9592
192899,1577,1577,11708
52087,275,500,7
173123,900,1400,153
153635,5,10,133964
40039,3050,3050,19
191399,1090,1248,1239
197755,97,119,126699
3383,90,1999,727
62783,21,23,4963
41611,16782,40993,43
172059,45,55,2128
3931,8,8,18
162575,54616,54616,2
153627,12966,12966,33
52747,9725,11702,29
27667,39,39,225
58091,125,185,198
63127,888,74494,1238
192951,23000,35528,30
113263,24,152,13629
123919,200,745,230905
173191,145,199,4705
152615,17599,18086,94
199935,500,528,156
178135,2708,2708,7
62279,870,870,2
3179,973,257529,9
201883,99999,1000000,659
191351,377,377,217
151719,1120,9920,5237
168427,33799,33800,181
5527,1,1,693
28363,26918,26918,97
110639,4120,4120,56
199983,503,503,158
191503,100,158,213
23079,100,193,207
189571,20479,20479,1
62663,871,871,387
194803,10000,79900,109
7079,269,2969,16659
11371,20000,21581,3558
5051,100,122,206
179279,14540,14540,3
52191,28999,500000,157
32423,322,8801,766
36907,323,846,3895
192903,542,550,76
147119,102498,102499,345
153251,619900,3500000,97
32715,37598,39899,56
128315,489399,799997,1226
192631,64,64,754
9155,874,877,1482
109123,530,595,87426
153663,262,50000,164
152495,4099,5999,69
183599,70000,70000,36
62519,61,4800056,62
151123,1075,1075,11
12803,3065,3700,659
171275,700,700,448
36903,200,271,1490
193247,23904,26500,3886
194795,4500,8000,185
108339,64,1512,3271
196583,449,449,309
111659,322,322,12180
53039,39000,39075,4843
63303,1499,1499,103
39203,7900,10000,24
151651,15057,15057,3
52211,6589,6589,41
2251,18,100,15811
179314,7,17700,133552
202070,42,44,15774
168650,16,600,22210
38918,5985,5987,63
123918,1400,1990,696953
172054,7,7,60015
109126,150,340,199237
81194,5,6,1195
188658,188,337,480060
193954,800,800,4390
124106,12500,19952,9062
194730,283,1288,474282
6662,2200,2277,8794
4338,6,12,90423
191506,99,99,88
1206,1500,1891,2891
111658,9,17700,679
2842,3400,6400,2842
31910,450,495,28
160502,81,83,1463
169146,19800,19800,6
192614,63,63,1244
197746,170,353,603246
201422,10827,13000,12210
192554,400,586,1321
191462,66,244,1345300
193218,9243,12000,262326
53038,2245,6494,19589
118630,1250,1295,200
22682,7398,8372,2625
198218,1195,1545,1058
38894,61663,61876,105
58258,14,14,15
172042,630,969,563
124442,1500,8205,11760
197766,399,399,50096
35562,698,7500,25053
7974,24,78,3252
172094,18,51,213802
190330,1495,2266,106533
5498,300,318,1783
193222,3672,6099,3969
128846,2500,4229,54
173130,950,1500,815
193258,1099,10025,70634
414,1,1,154
128650,19,19,21846
193210,88,100,3325402
160298,8,8,32588
36906,200,250,779
9154,564,99964,548
154166,200,270,218
23446,874,5355,11964
191466,744,1018,119731
194814,6500,10000,183
192974,95,9925,3624
169334,114,116,116
172230,35,99,283300
109138,10,210,8819
75014,2594,13500,2145
52758,74,74,138
129034,5700,6800,6090
192858,790,1010,34908
193470,1430,1480,66215
200794,2337,2337,14
34330,100,225,159
201314,5050,5050,405
191394,210,100000,3724
191470,883,1465,14050
201402,100,230,13007
199206,219,275,1077
3770,1,48,977
25426,12,2500012,649
52078,1621,1724,3196
196582,390,390,417
30810,6,307,229119
160710,7,7,3189
6530,1,1,756
198238,26887,27314,689
190326,1366,1459,79054
41594,15500,15500,1164
2318,150,630,52306
74822,7,7,373
182718,227,227,4
43106,1855,1900,3573
154898,7,202,21448
193214,27,75,1825552
11754,90,95,1172
201318,500,545,143
172366,184,184,230
27682,15,52,9047
197770,20,25,48630
132514,25000,26399,10469
72986,220,320,7226
62014,57274,58146,6
192646,159,159,171
194810,4000,4400,252
194822,143,199,11853
116654,17,17,789
74650,190,284,354
203410,7382,8800,716
10562,13,225,963
194566,4833,4900,3374
89678,100,129,58
203762,2473,2473,54
124110,10,27,1206
154706,3234,5999,1395
2770,270,325,62950
176862,36,36,80
2838,10,65,18612
36926,35,77,385
19258,4422,4422,10
3666,5,8,120
191498,2642,2642,64752
34054,50,500,155641
115806,273,273,10
158378,16,30,118988
38966,90,319,38
178222,19,19,441
191326,3387,8750,696
197778,266,345,6964
40014,2392,2393,70
154886,80,84,663
192958,48982,55887,2851
136554,1306,1307,24
52722,155,200,88111
152542,2,25,260420
200010,9481,9481,1951
173202,19,24,1067598
110618,714,714,68
38682,9,9,97959
38782,100,100,462
168498,7999,7999,498
193254,4498,7500,223099
46378,875,9999,271
80594,600,699,135
63274,19900,19900,42
204790,33,65,794
205686,17500,49963,494
138486,1588,1945,1224
191378,597,100079,3014
13454,2800,2920,431
187802,100,100,2235
171266,25,25,1003
168654,14500,14500,1856
198198,14899,14900,407
20874,64,64,76
87246,60,65,213
199962,525,525,56
159826,1170,1172,61
120150,3499,5500,3189
132510,40,50,1354
67438,4545,19999,128
197742,190,2400,373421
197782,5590,6462,19921
12206,363,3600,5314
52190,12500,16085,128
76090,94,97,460
814,23,17700,661
44922,7799,12500,505
180318,86,99,112
27854,3,3,469
152510,1776,3077,29426
198422,88,122,106890
43086,250,250,83
8150,19,2515,17403
122742,2,2,100
139786,16993,19700,3333
4234,980,1017,35483
79286,39400,40000,3
178550,27,28,514
194970,14845,14997,104374
191374,700,9190,2108
192850,111,275,32446
118006,13,30,432
139890,86998,159900,2182
200074,2800,3000,12146
27678,4,195,11762
33470,18,90,55133
153714,260,260,173
39342,379,1398,5370
15410,3400,100000,3054
192630,68,68,120
62270,50,62,24
167738,72,80,34537
194862,19998,19998,293
139362,80114,145000,252
43366,2565,10000,177
43334,11300,11400,476
19222,3,64,471
22446,150,200,83883
192662,170,176,310
124438,7,250,18189
76654,999,1000,15
154882,15,25,1113
52986,1500,2399,7603
191398,725,1594,12252
192894,25,25,724
111522,69,74,91
193962,199,199,294
52218,4079,4080,29
76554,500,530,54
154122,443,444,367
29394,36,36,5
200022,19585,19886,3497
41474,378698,378698,4
41378,7185,7185,21
79538,9030,10000,213
191362,8999,9200,617
52774,22986,23015,180
174350,75,75,459
136550,148,149,8
16202,549,1800,39806
13754,100,3290,2456
132234,299,332,47
33454,5,5,573
192918,34200,34253,71
192718,7500,20000,95
194802,5700,7500,115
197854,86,156,244
173086,20095,26897,59
76538,132,132,1851
127846,500,5888,46
198298,298,399,45
168190,980,981,686
172046,99,99,495
22574,3600,3700,2747
171270,100,155,519
178178,55,2400000,585
19306,1,1,390
199950,500,501,294
192946,39799,39900,32
3358,1188,2500,5546
118414,4320,9999,2113
2934,105,900,23910
197786,4900,5440,5526
154722,6,39,204171
56034,535,535,9
191518,51,55,3554
12238,17,17,135
29426,3000,4599,17088
62414,42,42,23
39002,100,100,57
3182,15000,25405,13596
109142,28,185,20828
8838,1373,3600,7380
124102,999,1175,95104
62518,30,5000023,208
102542,75,75,1381
52230,28812,28812,5
205462,3697,3697,9
200054,445037,499850,1250
194578,3499,3500,5938
191250,1799,1799,38
190394,96,124,1775325
151718,127400,128961,804
193050,63,70,1902743
7078,37,90,65724
58086,1500,2000,145
46002,2000,2000,11
198310,508,508,37
63122,7,7,556
153614,1530,99900,47
76514,308,318,134
192622,100,144,241
43102,3620,5590,1882
13506,1484,7002,215
189154,900000,4000099,252
155610,41,41,76
187842,495,495,23
38862,113,113,291
20678,99908,99908,649
10938,96,756,24065
192898,520,520,576
151566,34,67,195382
200042,885,885,1214
39354,1,1,99981
171830,440,500,16990
6470,102,9900,5323
199974,50000,59000,151
153622,2500,89300,26
71998,45,235,4690
81414,13,13,424
2750,50000,999999,18
204858,30000,40000,64
30458,42,42,31
193378,11999,27599,410
38426,96,99,2282
200106,190,190,18
5114,1,1,14
7082,2799,8900,4683
190530,8511,9099,2026
192862,900,1054,1622
53062,216,1451,5159
194966,303,607,336515
200614,675,675,92
31886,285,8885,58
1210,75,100,8485
191469,815,2573,292504
27669,133,233,4725
192897,600,17700,247
20869,116,116,24
191377,9693,17325,1383
191361,499,1002,1583
74249,4,756,311883
199957,501,501,105
92741,795000,900666,125
191337,569,1100,2830
198221,18473,18475,1122
20861,39,1999900,1186
191393,121,100020,4214
199057,170,170,688
74833,225,375,7185
5469,120,175,9257
192673,200,200,32
22785,149,999,14842
172921,100,173,157
197777,80,1700,6832
158201,9500,20000,555
112449,1,1,565
171273,200,300,1050
769,25,3303,20664
2589,6,98,766890
192625,70,570,2210
52185,1599,1919,22322
192845,185,208,19655
21877,9,12,232060
191373,1221,4141,2833
2325,28,28,15732
7973,800,1000,2008
24401,120,274,9710
186017,3125,3140,1336
33449,72,72,46
111601,297,394,7049
179277,5500,6300,10
124437,50,350,178272
194801,689991,690085,408
19305,1,1,616
191513,6366,34717,1684
55985,197908,198008,28
4541,82,98,168
158849,5000,8500,17
124117,3,100,9128
192605,166,166,257
192861,949,2250,30021
190321,9438,13065,62622
128541,1999,1999,257
52325,699,1500,115181
200033,8590,15604,6679
200057,77674,77775,1435
168645,2,3,10876
171349,335,800,5033
154165,1,36,253718
58257,7,7,195
198397,499,998,7970
22457,7400,7500,1807
197785,4488,4489,13075
2997,20,27,309900
109125,181,319,164688
28101,40,40,78
37921,190,261,2031
197741,200,981,517302
76061,11575,19989,48488
76689,265,295,28
200793,1515,1515,44
129017,61500,125000,135
3181,212,212,59
77545,5998,11282,31
199969,4000,5500,171
200113,12899,13400,66635
191385,648,648,4692
163917,162080,162080,5
109141,47,210,17614
30809,243,290,55891
32229,38,15030,2715
11393,1573,5000000,98
192697,2940,2946,10
192853,336,899,22797
124441,799,1077,31601
194737,900,1000,349
191465,214,400,324430
194969,305,668,357171
23109,563,563,16
152557,150,195,501
171841,35,73,17360
192865,698,895,41996
191401,3400,4600,18286
23425,392,472,49827
193561,59999,120000,1294
38865,1000,1121,72
163225,37,35000,380
6297,300,300,13
68049,240,245,289
10593,2297,2298,216
197765,93,97,25703
153669,15,23,59897
153597,5000,7834,38006
27677,3,5,2606
136561,150,172,32
32897,3,9900,19413
24245,5000,6899,3973
177061,42,437,809
87277,200,400,758
3357,700,3600,6401
178133,69,69,120
2841,280,2290,13780
178137,2000,2500,4
151565,1340,1671,52129
178217,29,29,413
38793,18,22,2766
34053,200,500,4879
142117,73,80,3101
52769,1200,1200,39
19441,77,130,26607
52773,794,794,63
6657,650,655,75213
929,34,34,1952
201325,143679,180094,19002
36913,3900,3911,15144
191461,36,69,4481619
176869,45,45,94
4357,8,9,7490
111673,29,73,1841
23781,2000,2647,1503
36901,235,271,4368
77589,25,37,100
3241,48,49,218
52745,100,100,146
177661,40,40,1119
41801,255,9903,7499
57193,54,106,951
52765,500,500,75
76133,716,718,1724
74717,249,249,26
95373,84448,85000,736
118225,12,15,420
36925,279,289,76
197757,164,166,233739
4337,68,99,31753
188761,4400,19998,795
40089,4932,4932,17
172365,55,69,46
52977,598,636,2834
182121,82,82,22
172053,7,7,23152
74841,142,800,35654
201409,299999,449999,679
111245,245,2500,7914
194821,219,239,521
29533,246196,2325788,33
53065,2200,4000,2733
199977,3753,4998,1511
172097,90,495,150408
74865,800,1745,1509
22449,85,756,20281
38837,2943,4222,222
31905,286,288,19
172089,61,500,137011
192613,64,64,18
136633,305,999,5545
124113,152,900,96840
54449,4399,99900,139
173033,7,7,9409
191341,8019,8199,66548
133561,90,90,147
176877,135,135,20
39945,298,298,18
27681,38,130,1050
7077,6,100,1090
37701,60,9900,5371
52777,1385,1397,8
193217,1628,11468,729374
193229,10400,11555,1613
22445,115,183,96907
155813,208,208,4
65893,265050,265050,24
36909,2670,2950,6826
190329,10000,11500,213570
171833,850,4399,10760
138729,8,90,6247
9333,65,158,14
153713,253,253,368
194013,198995,200022,392
21929,999,1555,1768
81413,13,13,787
172069,50,95,579
34861,6,7,425
41813,200,2500,2834
82441,97,130,22709
163133,548,548,40
171285,922,1075,4123
168217,1354,1498,55407
128997,21730,21730,26
41453,225,225,12
194009,300,400,1681
180733,900,954,5526
43117,500,1378,1921
190313,3249,5124,193911
32409,171370,171370,6
76097,99,825,556
194541,47564,60080,87
197781,298,310,5218
3685,9,350,2551
43109,1737,1737,6921
193565,169500,220000,1074
205461,184,184,22
27429,26,5000,1620
22845,2260,4160,65
74849,99,191,6472
192617,64,64,1594
178149,292,299,81
74857,1095,1999,2987
8165,588,889,1821
72237,95,100,6466
199941,510,511,96
133681,210,500,151
171289,260,535,9958
192609,58,58,39
124121,3,4,25065
42253,100,17700,12376
173089,30097,39997,41
43013,45,2523,8422
42993,900,900,33
38933,25,25,326
200053,64455,64456,604
3173,30,99,17576
20873,61,61,39
44453,938,938,30
193937,57500,74000,2820
33445,8,100,258
43465,20,26,33
21589,597,597,17
197745,115,4000,327561
62273,63,69,49
35953,8,9,165
43521,800,800,2
192629,59,59,435
129289,111100,299900,1243
158861,132,132,10
81409,16,1590,879
10561,746,1399,634
140189,76,100,70
3385,6,899,1594
14529,30,325,543
5637,3405,9999,9993
192717,2023,2024,506
93705,1199,1199,29
7069,2400,9900,1424
194789,7289,7499,123
38857,4120,4741,19
34753,500,500,177
192885,1000,2400,79036
200005,1500,1500,294
32249,88,15055,4068
1177,1,4880054,95
191353,3039,4097,2137
192901,579,579,164
22829,54,100,299
191497,1175,1858,51898
108333,3201,15000,2390
765,300,579,18221
154989,17037,99900,1130
38877,89954,89956,45
176853,65,84,541
13757,539,9900,1686
171269,140,700,233
194813,6900,7400,268
198317,2317,2317,1077
133593,15,15,913
44941,5,5,327
22573,119,126,7832
193029,1451,1451,214
124669,518,520,60587
137557,5100,5200,75
171829,240,342,8164
193253,3000,4040,426078
33461,8,54,263
194805,15552,15552,39
44761,38,38,4
94289,1300,2197,1185
52329,1236,1338,22685
52149,157319,157320,7
199953,501,501,185
41593,14400,14400,564
191321,633,677,460
117,1,48,1459
198421,108,109,30837
192553,200,210,418
33081,4933,4998,25
173097,25000,750000,45
124109,299,5592,10481
2449,400,995,14381
192661,173,173,54
197753,254,255,40219
168589,1000,1400,9522
155629,65,89,278
34721,25,25,390
25649,100,114,16301
169445,11500,11997,159
38789,173,174,610
76565,299,300,53
198493,17500,21000,655
199945,500,500,94
112157,7499,7499,784
204825,1805,1899,241
40217,2964,3004,36
20381,248995,248998,120
88493,678,687,1085
74861,380,480,1485
109133,223,937,2604
21845,33999,33999,723
10285,99,134,5241
199949,500,528,129
115815,49900,343200,17
192855,598,1315,54475
187635,800,25000,485
192627,64,64,132
12799,104,105,5786
191499,9851,9851,101
9315,154,154,109
52303,19999,30466,472
152511,500,650,52911
71807,35400,35498,78
110619,1194,1194,34
192835,807,807,2750
111651,150,150,115
62779,20,196,1420
28595,85,249,24
173083,19900,23000,40
5075,3,3,160
104339,27520,27520,13
194827,122371,215535,24
168663,300,365,4521
204235,49,50,555
200055,119198,120096,842
183823,750,750,355
11291,40,63,6400
127843,200,200,97
100735,250050,250050,7
192887,12096,12105,320
158859,110,110,79
166343,300,400,490
52115,4228,4426,6
13447,200,4499,270
153667,336,50000,235
139435,87491,145000,207
163223,298,4400,1960
159,98,98,78529
46003,2225,2240,29
74719,109,109,60
38855,94,750,59
6471,458,487,2073
193927,89,499,278941
87883,1500,1900,248
163695,1900,1900,123
199967,2400,2541,244
199051,3480,50015,87
132199,295,442,127
178787,11000,11000,2010
4363,2000,2000,18
43551,5400,5675,348
104127,2975,10000,147
142263,239,1030,1107
201327,1034,1065,42
7307,2,4,83
108439,8400,85079,1418
154123,489,750,314
112463,41,45,51
111595,400,403,19998
2519,700,1100,1258
37147,49000,50000,8
67403,700,700,4
2871,46,47,593
193955,1345,1345,8071
173043,3,3,120
33823,2800,12500,372
19183,1,1,2777
52127,2139,2139,11
198491,55,960,2478
172935,20,35,7056
158203,3333,9000,325
109139,49,75,10536
192647,182,182,170
31671,10,18,1991
71855,74888,74888,18
31867,714,714,54
6887,100,170,952
20867,63,63,22
173059,125,438,13817
79011,33,43,16255
194787,4000,59900,174
67399,72,72,7
199975,51632,60437,46
198283,9000,9000,36
22447,75,489,50714
173079,40000,40000,113
3575,900,1099,5715
194807,6003,7000,68
2683,174,174,110
39211,20,20,63
2455,37,37,1135
192671,200,200,8
23119,90,90,42
19223,1,1,451
187887,124488,150000,114
38959,169,234,34
17747,9,10,8
18255,150,150,49
11415,19,19,36
9451,9,10,47
133563,14,19,807
200015,30999,47294,26
193019,2575,4500,79
44815,1363,24522,63
175955,40,65,18
42931,533,1134,108
22451,62594,62993,5403
12735,182,183,9
24511,14,14,94
32067,297,1499,955
174283,33,83,565
130179,1220,3500,96
193559,291,471,50
199987,2987,2989,195
4603,2248,9900,4066
1707,1,1,215
137239,89894,89895,213
2863,6,6,318
158855,9000,9000,7
171351,170,179,166
43115,1495,1499,1107
108323,376,3303,3359
44947,494,494,9
32203,998,999,286
41379,2075,2075,48
192967,56929,59929,1686
200043,983,1700,240
31079,7124,7500,802
81203,44,45,54
173091,25000,30000,45
187911,500,500,161
197735,99800,99994,308
192847,288,999,66439
5467,249,3000,2083
38987,3064,3064,92
193551,500,17700,916
44771,200,200,18
19943,12509,14109,125
198047,1000,1000,85
189147,48900,49800,273
38375,400,498,111
189151,183,9988,2084
190535,50000,51098,5709
116119,14,14,56
38823,4996,49779,59
13511,36945,36945,618
198219,1250,1468,448
162011,9999,9999,3
155631,39,39,130
130903,1820,2598,1737
198423,108,144,67925
10839,5000,5000,3
76539,100,375,14
41307,3156,3209,29
201219,90096,90096,13
200451,10000,15000,9
172451,1,1,129
198302,435,437,29
156930,70,149,140677
22850,302,350,10
34766,587,587,12
62782,107,2068,39773
71866,25599,44443,64
55978,9001,2018300,78
151538,98304,145000,269
3674,5,6,26
139338,48999,100000,145
153442,6771,34499,71
11418,250,250,7
192674,170,4800070,95
32902,1,90001,8268
187702,7,450000,8923
21222,30,30,322
2454,14,1000,3888
4382,760,3952,421
199194,251,278,430
62370,2899,2916,33
4366,36,58,103
192978,77,82,106
61982,1,1,1522
7966,125,270,6846
27858,3,3,162
158866,195,198,4
111666,24,34,2042
42430,700,782,11
130174,284,284,887
190534,22499,22500,3658
17202,210,599,298023
52178,1785,9800,12757
193922,104,199,1440523
6522,1991,5000,110796
7070,35,98,2309
52718,123,756,9319
171290,217,756,3874
3858,948,1000,21317
113574,101,101,17
13446,74,176,131
21114,3,3,48
52106,801,4329,4
205470,156,4800000,574
193226,14965,14969,514
2070,4,499500,2350
192994,48597,67500,6254
76574,12699,14032,18
192942,50357,53612,502
18562,3870,9900,13201
169130,41,41,96
194010,2634,2790,1616
8146,8,8,6
198202,10588,10588,864
128538,2052,4195,115
169674,103,999,1193
111670,33,76,2666
104126,8170,8200,383
23438,3479,3500,792
74834,315,500,1948
179006,111,122,12
1478,80,80,27
13510,25042,25042,64
192866,1310,2141,3862
111674,58,170,2840
38798,119,119,144
192838,157,230,28300
192746,187,4800091,34
6458,5,905,1330
198222,1514,1592,1597
193946,139999,210000,597
191510,150,150,131
22790,195,329,2566
39666,983,984,624
74846,1075,1628,8345
24338,4,4,41
76522,700,742,30
13422,100,3600,2573
168598,34436,34536,91
168662,1096,1596,2677
25894,199960,199960,11
33462,25,2503,366
193958,250,539,1029
204622,432098,432099,114
183954,1033,1240,2975
36930,7300,7500,913
31898,296,296,79
58142,4,4,233
58274,1110,1111,211
168642,900,1000,429
11590,55,55,10
8154,74,74,10762
38818,95,95,188
38914,92,92,264
4602,12,12,44
187634,34399,35523,2449
20526,56,56,26
74850,1194,1300,4930
22450,130,500,24130
158746,64,64,22
159878,2500,2500,51
153510,7967,7967,5116
3470,35,74,2897
204614,99999,104999,94
9262,26,77,3522
163222,97,4499,478
199994,511,511,71
38846,29,69,543
31670,125,2500,2883
129018,92295,100000,261
190538,35000,42361,8229
192966,18000,18600,73
25802,8497,19990,40315
68786,25030,268762,83
4306,5,18,78273
175054,255,255,18
187934,144386,150000,192
198418,210,521,47743
198082,2274,2399,194
201222,65,65,23
52326,1510,2010,26039
36918,2700,3500,1146
51950,2867,3085,7069
153662,2388,50000,179
200506,1,7,32407
193554,85070,100000,336
173074,49800,49900,20
144306,7500,7596,81
40050,4959,4959,29
12810,6500,20499,11494
199946,1500,1800,112
173110,265,265,7854
115526,294,400,119
204702,699694,699997,203
158186,8,8,4357
32718,48500,49900,74
74722,161,164,50
18230,5000,5000,65
38838,3499,3586,210
15414,4919,9919,8757
25442,2533,11084,13
15994,76,98,918
31902,290,299,23
13362,99,99,6
153050,39,108,200679
20002,17500,17500,1332
173878,2879,2879,4
31894,297,300,28
24274,237998,237998,6
194574,3000,17700,255
172414,45,45,995
200570,5050,7950,58
24478,127,133,381
197754,19,30,453826
8394,26999,26999,5
2682,4,4,39
194694,199,199,294
21990,25,25,266
193950,49,17700,1118
4378,75,80,45
74866,59,499,33022
172058,29,34,5676
71862,18622,18622,23
110642,1628,2546,118
87242,15,22,259
422,1,3,233
41462,506,506,5
153706,2574,3495,1067
98118,555,555,23
4470,2,6,32103
189150,200,9950,6062
35950,13,13,13
162022,12303,100000,137
152506,400,665,52108
74250,16,16,59668
142406,580,4931,258
173102,20098,29898,55
4874,2,4800002,30
20542,121,121,1
42546,14,14,617
110626,397,550,89
23938,219,1019,22
193938,62594,70000,1555
199954,501,501,321
157842,38,38,9
192634,69,1500069,289
6358,398,2999,9963
11382,130000,199800,698
201190,136600,136600,1
192650,1800,2000,34
158202,9522,9900,981
76081,249,249,144
83157,2,3,84
38929,99,99,371
71805,320000,799996,563
112293,9189,12871,12
52081,564,864,20
62413,22,22,97
200573,2000,2000,347
153701,250,251,397
155593,500,500,89
19281,6000,9300,8
76141,397,9939,1904
199989,566,715,430
37093,14,27,152
6149,4,25,834
153629,598,799,8
40081,50,50,123
29393,1802,1802,5
20865,30,31,672
31941,184566,399900,84
193925,1100,1454,8459
38961,245,798,63
161153,21,30,41
158189,8,15,7606
199961,500,500,40
198185,94,142,42721
184097,14900,14900,233
113585,610,1020,263
191873,99999,99999,69
25813,99,100,22
153705,282,300,725
198413,395,400,62422
171441,285,289,232
21721,385,399,265
3577,2500,5000,27067
201725,2533,2535,2054
197853,113,114,830
3301,2,2,31
28501,6,8,70
153665,555,570,56
43853,31,31,288
192857,348,3022,20181
12365,3,4,42633
109585,1100,17700,6594
733,2,2,258
19225,7,12,404
193245,14489,14505,2207
172057,9,15,5509
4265,12,21,186
110609,153,549,173932
58085,7049,19999,445
136549,2424,2426,17
109129,216,319,300550
8949,90,230,560
27441,22,44,6
193053,64,19999,245632
200785,6799,6799,3
23977,2990,3500,52
38825,37,37,1418
15869,10,115,451
130177,188,300,724
29425,275,1999,1690
198161,150,150,1468
158745,115,115,41
74705,2014,2015,134
36905,189,210,6116
20817,950,1999,997
52221,7514,7515,4
52721,98,183,74926
136825,81000,124999,186
173077,30086,35086,22
136569,10000,10300,1085
200025,1086,1400,995
8365,190,3000,4735
6289,2,100,13120
21153,299,4500,2480
23445,4974,7499,8547
109693,91,688,421518
1701,25,5000000,41
34765,39,53,327
62001,51023,51023,3
1205,1,1,229
62669,425,425,421
71873,49768,49768,31
153661,3398,50000,155
38833,222,222,1157
24061,2412,3332,13
83065,145500,145500,7
4625,1550,3600,6333
169673,300,999,1284
32905,1,95,1389
46377,250,5999,738
205413,409995,588099,2098
172049,13,16,2057
130245,80000,89199,73
6529,320,320,5592
199985,1896,1897,269
3369,2303,9000,4758
22789,350,390,1909
154897,7,98,70515
12361,248,399,15964
5373,2407,10009,3280
38557,195,238,2804
87885,3500,3500,375
201421,3555,6900,7873
199973,5035,13000,107
129021,64465,67968,293
163897,80033,80033,3
108649,500025,500025,4
173065,100,20000,672
38849,111,175,93
72093,98,120,22935
192837,340,584,3354
52181,3000,8850,2800
130217,175,175,129
124105,1200,1394,29743
31901,300,300,23
20533,77,77,48
201405,4899,5006,51962
10841,589,589,293
154121,361,366,287
31893,500,500,56
52985,1400,1555,6589
151721,299,5099,7605
6533,59,67,149
38997,938,939,38
39001,269,269,19
192977,95,9987,1220
152549,1787,1800,5325
108297,1200,1200,1144
139289,68086,99997,206
76581,6432,6433,42
102541,75,75,1320
152577,125,999999,179728
3829,10795,10795,429
56477,32,33,109
21569,56113,56113,49
174281,600,600,122
24449,8625,8625,1806
44457,300,300,41
198193,2896,2898,278
4593,25,25,96
132233,22,390000,324
199997,942,942,3493
200789,2500,2700,52
169701,690,7046,31334
201401,3033,3598,7359
128989,41695,41695,7
165017,120,129,245
178173,200,200,20
133553,1318,1318,3
5465,14,500,1629
200017,40025,60224,46
153437,134,150,142
192833,179,190,38123
40037,995,995,43
21225,100,100,240
13365,364,364,2
151257,809,2199,3485
87577,200,10000,223
60405,666,666,110
198229,5000,5000,390
76525,241,543,15
194857,800,800,8452
197761,57,68,1136
109153,1000,1200,231
116149,356,999,652
41389,4158,4158,21
34057,167,2985,85764
189149,4498,999999,403
2581,13,106,6763
192905,368,467200,361
62781,45,121,2561
161053,74,583,1813
10505,19,100,1850
38781,251,253,80
39201,4002,4002,2
52177,1500,12514,7961
52097,5087,5087,19
192657,164,164,48
173093,175000,200000,28
58261,2376,2376,65
175241,1,100000,212
198289,125,125,69
36813,100,400098,76
200009,22550,43315,182
204845,793,794,1751
57065,111111000,111111000,6
152513,200,500,65556
187633,1900,19999,920
40769,11027,11029,2329
136377,49,50,826
152717,30000,30000,14
153617,984,984,24
191945,7000,7397,4330
4585,111,112,49
204729,1185,1185,777
198281,1216,1600,479
19221,1,1,668
4461,6790,17697,1264
193261,4,8,70238
168649,913,1025,333170
160709,77,183,19731
74641,189,218,1776
120257,699,726,737
3401,923,933,44
40093,315,315,399
53069,15,23,6448
172045,18,467200,12909
72985,243,243,1099
44601,8,8,84
204837,90,90,6
155601,38,38,353
52757,467,467,108
71845,27141,27141,19
62013,94599,95555,19
137293,78900,98649,177
111589,120,120,170287
38949,15,20,219
76541,158,259,12
29573,1500011,1500011,83
200001,505,505,136
129001,18953,18953,47
168825,6769,19895,22991
193953,1535,17700,215
204841,499,499,7
21213,11,9999,3049
9313,40,75,265
37713,4477053,4477053,1
124125,2000,3400,46
25897,100000,100000,20
76545,100,259,11
189541,16150,19060,1813
198305,122,822,24
194825,500,1800,763
39469,2850,3050,298
2321,2,3,358812
785,345,356,20478
191329,18000,25062,10117
194797,6000,7300,142
191521,1550,1600,8855
6361,185,2500,5381
136637,120,125,14388
27425,17,2500,4384
33457,20,27,390
38973,3711,3712,278
190953,30,72,2431
159825,450,592,1061
39005,259,264,46
44781,280,4800004,106
204829,14900,15000,208
40213,380,1090,72
42641,100,100,195
197789,970,998,18024
5997,30,30,4535
178113,54,54,76
4601,10,98,820
104105,5370,5400,474
4233,1500,2495,10346
4537,200,301,72
14341,62,62,3918
25521,135132,135134,27
109629,198,17700,367
144329,37998,37998,134
111437,500,1209,2280
198237,100,100,1033
7081,8089,17998,18127
105705,185,185,24
174349,271,271,192
205465,2000,2000,6
204973,3599,3669,17044
36933,3200,3800,834
183209,365,365,3
198401,9300,9322,20
194817,1399,2132,947
52233,7661,7662,23
133577,39,39,415
188681,1000,4800000,49
158773,200,200,84
158205,75,75,1803
158377,400,480,119
7909,96,150,11093
35557,2206,3805,4288
21885,15044,18900,1042
45789,5000,10000,181
124661,4711,4711,88
163581,17500,17500,5
43121,2000,3000,343
74729,193,25365,75
45621,200,2999,298
76701,173,174,53
61981,650,665,1205
172937,1600,1676,730
1705,85,140,5423
132517,24999,25000,22
8173,12,12,343
2673,498,9900,1939
204621,500000,500000,55
76569,105,206,27
189153,1998,199999,1585
34113,25000,29000,557
2313,5,10,182
128793,8,10,126
6261,14,28,14941
111557,195,344,239898
186725,49,49,100
89893,888,999,935
76685,700,700,31
29449,15,15,85
6317,700,17700,479
173129,1099,1200,495
116405,9810,10900,30
176881,800017,800017,3
133565,90,125,1204
24105,1,1,68
25899,15000,15000,23
25651,22113,22114,224
158839,34,390000,83
76079,353,388,1324
128499,750,17700,569
200827,7778,7778,9
8167,449,655,5735
192675,200,200,56
198535,2000,3497,234
52131,2293,2293,16
139271,88705,145000,227
194735,2500,2899,167
198239,630,700,50
178247,873,873,25
191515,2375,2375,1370
189155,699800,749999,251
2799,2,401,583
52119,2493,2493,12
24271,58500,59900,2498
130183,500,50000,376
142103,2930,2930,6
151583,2950,2950,70
192687,3351,3351,3
76663,157,158,88
192843,130,761,2622
192923,14988,14988,18
192943,139986,139986,34
57099,298,300,108
52175,7200,477500,5
140587,938,3001,1324
52207,37993,37994,42
39915,100,100,42
81411,13,13,164
86599,23992,23993,62
199971,69496,69496,13
188683,3121,4800071,15
38839,2318,2319,65
177659,99,99,374
109147,698,4499,1051
173039,12,84,99
197795,20000,22500,109
194823,3667,3999,52041
21071,80,100,3068
88163,250076,250076,3
44327,806,807,370
21595,331,331,8
205467,440000,449941,9
43119,1111,1111,2453
43467,4,5,36
203763,1471,1500,515
2447,1200,1600,15391
153715,272,319,111
39691,112,112,32
3927,10,392,3708
72095,6790,6840,2514
192619,64,64,126
138295,6661,7711,8
21215,31,31,66
23787,99900,100000,758
31903,251,257,17
24507,2518,2528,41
52243,19988,19988,19
63299,350,350,12
191943,39,241,2199
55975,150,1366000,119
24291,200,2508,1425
76675,191,230,9
2723,3,9,77
3299,1,1,42
163391,144,144,14
71883,388200,388398,48
154887,13,13,176
27515,5000,22500,1433
192975,95,100,201
4391,3000,3000,22
44271,31845,31845,6
163019,399,400,72
54747,18902,18902,2
19275,8914,8981,2
155907,981,4615,16
44275,123750,124375,4
177715,63,63,254
37703,360,428,5982
159827,45,50,360
168635,4500,5495,731
38851,28000,137281,31
205039,1189600,1189900,641
2675,80,2000,2959
34907,994,994,12
194683,299,399,6825
41803,300,17700,2150
199995,589,589,2465
151387,7499,7499,3
23095,75,87,61
52759,27,27,130
198503,3077,3077,39
98111,203,203,29
8959,298,329,2467
68047,1030,98630,16
169299,5699,5699,4891
201467,350,350,14056
37567,994,1004,72
118391,125,150,996
27635,30,30,105
3167,1,1,34
27859,15,15,81
195543,345,350,63
194579,117,167,205
172439,225,250,34200
40199,2282,2513,730
187703,2200,3999,65862
160399,111,111,23697
191367,453,641,5318
153619,10000,10000,23
204835,399,399,8
62435,90,90,6
178227,99,99,47
76587,14688,14689,7
192626,66,66,2329
198414,578,1099,6576
192910,332,415,98
68134,6357,6360,211
183738,42,42,225
41810,15,43,19857
133570,27,30,319
39218,9990,10000,44
194562,63,517,7733
198282,1102,1160,394
179014,347,347,5
57194,64,65,153
62238,40,40,397
119102,497,497,42
179310,99,99,5
132186,149790,149790,14
191334,1025,4000,14130
199646,7706,7706,7
117442,89,89,51
38558,1453,1458,1676
139270,77693,100000,155
53010,124,1890,160541
171286,1635,1638,982
158210,32,32,41
71810,35000,89896,638
132218,1500,1790,23
62674,19943,19943,11
5466,1,2500,4573
8766,2,2,283
32198,900,954,144
57066,13,13,4
27674,79,106,7374
7286,370,17700,2343
76094,9,9,240
57058,512,514,10
22202,195,195,1805
160398,70,72,12183
38978,63121,63122,10
194738,849,900,162
3730,9,47,1211
168822,1899,3500,86608
136638,230,230,157
5206,1,44,51
158810,2500,2625,4
163782,1800,1899,233
5470,100,2500,5827
136606,159,179,329
192658,182,188,8796
1082,100,100,85
32230,250,15040,2185
139442,100000,100000,129
178130,66,66,3
198498,2397,2500,67
193410,309,309,18
116170,49,4400,607
200786,1990,1990,49
172934,95,114,3685
38854,14981,14981,12
163842,595,598,27
172346,69,69,870
201406,34044,47093,40714
9318,20,25,109
151722,822,2102,2641
41510,100,125,23663
137274,80106,100000,134
7910,72,3899,6819
46026,95026,866007,72
24246,104,150,23772
194050,99,139,5136
198214,2500,3150,441
194798,6800,6800,79
90146,100,2450,4183
38946,236847,236847,51
173058,5000,10000,26520
40022,5000,6000,10
43350,400,5410,976
1074,7,7,21
4582,37,37,3
202290,385,644,6511
68198,73,73,341
194858,600,662,17977
38986,95,2636,12
203418,2200,5080,442
10558,273,340,1831
11370,2599,3899,55656
20866,66,66,18
25418,12,5000000,272
180430,19,19,159
74842,185,900,3368
184390,268,268,17
139346,1900,1900,19
198550,999,1415,1363
152494,188,325,1598
159786,4900,5000,139
199990,799,813,161
44282,17998,18272,34
108350,3293,17700,33
171274,472,472,317
128998,18713,18713,7
204730,99,138,652
22786,171,244,2943
72162,94,400,12401
173170,999,1000,1847
201698,2500,2500,1277
38938,49,49,450
163082,40,40,196
74838,444,724,2749
41814,400,525,3650
199982,548,548,161
128558,1005,1005,148
74642,88,89,199
93706,157,543,17
22842,1100,1100,137
190322,2903,3575,562213
158874,108,108,27
25446,136600,136600,4
8950,20,24,74
17194,1140,1286,1324
116266,299,791,629
199978,1500,1500,700
202314,29,29,2175
81406,12,12,255
172050,179,179,312
176882,2512,2513,9
38990,1953,35014,69
173062,6064,50000,162
30817,1,1,358525
197793,9271,10079,13919
173877,175,2400125,2
4865,1,1,82
187805,38496,38497,348
71849,155900,156450,32
198201,4508,4530,62
52193,1595,14850,704
38773,26,26,631
43125,200,200,689
171301,99,100,308
2725,59650,285440,19
13889,442,442,3914
74653,30,50,217
23437,900,1225,424
6889,790,5000,33196
38425,2828,2830,10285
132193,20,390000,67
132525,50000,51973,26
183205,155,165,4
34761,248,248,31
8957,54,54,280
132753,13,13,287
173173,999,1000,2516
200813,987,987,64
116981,2,3,1768
41445,137317,137318,25
38925,16659,16659,39
54629,100,100,42
156525,390,390,129
112285,5829,12757,14
187701,1800,3900,44524
174353,5,2025,59825
23381,48,49,13
179369,958,958,11
74853,18099,27400,380
154169,699,699,6533
172041,40,50,1295
3729,4,5,234
108977,11,11,286
192917,44898,84997,45
182737,19,19,368
52761,7978,7995,57
111453,30,44,191
198549,1397,1678,1171
32205,192,194,136
176873,379,379,5
191949,45,45,11011
27437,121,4500,6844
74661,18200,18608,284
203409,49899,49900,1879
1697,22,22,5
25453,47,47,38
198045,774,774,10
130905,1089,17700,2731
4365,55,284,337
7097,2,4800020,195
81889,24991,24992,9
141333,4500,10000,50
23101,453,453,90
43105,1520,2100,2369
178545,200,200,459
44753,352,352,3
158865,127,127,47
13465,539,710,7039
154705,1999,5999,912
109221,53,54,640
36917,75,149,387
63273,401,401,69
31869,491,477500,20
19233,1700,1700,6
5525,1,2,86
57061,300,382,14
11185,90,125,40
168653,15000,15303,740
25421,20,22,101
169145,64,64,21
193369,311,569,272811
90561,124998,124998,10
43373,2000,2000,436
190533,27000,27598,626
204565,25998,25998,131
154881,405,405,132
58277,3013,3013,51
191501,10999,21600,7474
152541,150,915,113927
41601,500,100000,98
158821,140,140,28
74837,544,4488,12966
112185,17699,17699,266
31945,422500,422500,10
69237,39,45,5212
23793,3195,3238,10946
76669,1098,1898,26
52125,2000,2000,12
205417,6,6,66
116409,15001,15001,16
5133,12,12,7
2681,30,30,23
200509,13,15,17705
178125,100,100,16
22793,1614,2029,3120
198233,13908,13908,195
194685,100,144,1867
3821,3388,7588,18785
18253,798,798,13
85221,8148,10000,147
199993,500,501,127
139437,76024,100000,171
124461,2298,2480,9721
168185,788,2079,7885
175053,790,790,18
67385,999,99500,7
173361,154,155,27
194049,90,229900,3807
62341,110,120,20
193385,161,161,111
3033,40504,40504,5
202401,11,11,74
41377,24989,24989,31
77541,1400,1400,20
173109,250,255,11929
3169,1,1,19
194681,471,495,347
152545,145,2595,3901
109137,147,149,112262
109145,700,1499,681
4605,1,1,43
38881,13932,50306,41
1645,119,149,2645
168637,6475,65575,87
127037,81,89,4923
113289,1066,1066,285
39681,5950,6050,6203
191493,23690,23690,471
40533,9987,9990,375
38897,149,273,566
4305,50,61,44161
192729,2183,2183,10
38625,3000,17700,159
163569,4,9,5488
37097,20,50,179
201045,512,512,139
41809,400,4500,4081
76137,517,518,1461
19937,24000042,24000042,2
154125,391,1500,157
197769,1200,2112,280
31913,100089,100089,2
34757,4507,4507,2
192645,200,200,7
192877,600,1439,6548
36781,845,845,45
179269,29,29,2
127837,1899,2599,146
32193,388,388,386
136553,1000,1000,4
12217,4845,4845,52
24189,23,23,17
162517,2800,4154,1326
41509,400,400,205
42225,58520,58521,80
128721,354994,354994,4
81401,17,20,92
5785,45,3000,2533
163841,114,114,28
200777,740,740,81
17057,1,2,111
128725,28142,28143,10
39341,711,1220,1060
60577,44,65,43
200801,2900,3000,31
44493,10344,11171,159
38909,85,2377,11
112297,5000,5000,3
192969,95,9999,515
201469,19,19,24272
165733,19999,2661692,6
44481,13,13,29
8153,57909,99900,4708
182581,6698,6998,498
109625,699,699,1158
53049,15,115,207
13933,477,477,10
198189,1625,1627,1160
2677,175,7500,14184
9061,1500,1900,1290
198415,1005,2081,5294
3671,276,278,17
3819,1290,3500,3252
58087,19800,19900,580
198203,2224,17700,686
171439,22,39,422
107603,25,25,56
167739,2000,2000,23
12435,2248,100000,107
31887,400,414,21
172411,99,99,1078
7067,250,1200,2670
132183,286,287,32
39219,134,144,18
158771,31,299999,107
171271,75,75,133
8391,500,61067,42
79307,19700,20000,3
33567,180,180,7119
7911,710,1000,6302
79251,100,100,6167
6043,3560,3561,180
162555,170,190,2360
199963,700,1000,36
191387,3005,3762,997
69839,4715170,4715171,12
42751,7065,10000,144
22791,1277,17700,1029
180055,300,999,679
38791,87,813,19
108391,4500,4500,22
192963,35000,477500,32
71823,95100,95200,19
199195,6048,8948,42
168215,549,5062,25034
25867,99500,99500,196
27435,16,110,2478
193251,495,3333,324299
109219,230,230,738
19703,824,35099,3775
39975,495,495,10
198495,2197,4241,63
62671,200,200,94
30475,957,957,6
61999,58896,59792,8
25411,20,159,24
27855,3,3,114
71827,77498,77499,11
127991,398,739,3577
198431,350,17700,245
179019,300,300,59
194731,1098,1198,75
1251,5,8,1645
127839,4170,300000,65
172359,19,29,1862
42995,448,448,34
62667,89,89,13
192979,8624,8624,507
56035,136600,136600,47
176855,180,180,28
38927,20080,462656,21
191523,1868,1868,45
137287,78985,100091,232
200035,4895,4999,1150
76647,169,3220,21
171291,485,2500,2106
5379,2501,4401,6
76135,98,99,1472
39919,100,195,10
153711,255,255,176
5431,5074,5074,18
45199,100,222200,32
31915,293,293,18
44147,500,500,23
31679,5015,5015,38
198211,1070,1350,149
204991,29650,29650,12
74647,600,700,135
197775,81,111,3591
153703,250,263,170
159787,9093,9995,85
41167,1502,2003,42
20875,61,9060,51
41119,206,5000,1205
74655,8500,9000,115
44155,1800,1800,33
87234,30,30,170
23530,30794,30794,26
168446,24795,24840,117
36910,10200,19900,14240
194794,6300,9900,450
153434,175,394,110
38802,13083,13086,59
23354,400,527,39
173122,810,810,2302
3826,2449,2449,1332
43398,11755,11756,296
90558,1076,1076,5
38870,1500,8599,67
87226,79,80,238
108338,189,500,3940
54450,8392,13440,45
110610,39,39,20285
33782,2559,2585,24
52182,1300,9900,11337
190314,6511,8000,44639
130178,1292,1344,192
72234,95,130,20018
104122,5408,5822,210
4358,40,43,693
194786,7400,49900,147
158818,2187,2187,8
52194,1199,45000,1971
112182,1425,17700,397
172406,93,94,805
52770,169,169,56
41482,100,100,14
58262,10,10,74
23118,102,102,8
192870,9400,15088,59637
109134,50,2500,3775
22834,1414,1416,81
81202,15,15,65
40042,100,100,25
105718,1231,1250,106
128726,22500,22500,1
205866,550,550,6
154990,10475,63892,1408
79010,180,231,14897
39682,946,1205,2120
10646,823,823,3
194542,63491,79495,142
200002,504,504,175
147774,15000,50000,26
199190,39998,129646,13
2674,400,7500,2484
39934,100,100,16
1710,39,39,759
171278,8500,8595,871
80590,117,117,136
39942,526,900,11
142266,4,650,27505
139278,85407,99900,193
153494,72,72,149
158794,115000,115000,3
4406,3454,3479,67
39526,119,17700,159
4342,8,125,2249
38910,1192,1192,41
112298,490,490,9
155814,280,400,58
173070,39900,40000,20
13758,142,3998,1792
38806,128,128,183
44146,607,900,27
28102,1500,1999,684
194758,3306,3306,10120
25454,47,50,38
44482,8,8,53
171350,72,90,243
17058,7,110,135
133578,2000,24607,204
63246,5,5,619
38922,9988,9989,53
53050,55,2508,1495
173362,47,48,54
197722,2429,2430,4897
18294,3589,12500,692
153490,23,25,488
79294,123176,124113,2
108326,150,3600,2992
52982,233,303,2220
172410,199,285,280
43394,11999,13189,365
85506,85,95,5592
178786,50,50,5157
153702,252,252,235
39982,495,495,8
36922,5042,5944,448
41146,6596,6597,16
172438,898,898,6012
191366,811,921,429
34068,35,105,56565
191468,210,399,232973
194968,452,550,92400
193208,127,599,103706
3576,310,478,7828
198280,3978,3978,171
7068,4,100,24713
153712,270,275,214
193252,186,300,255723
20520,15161,15565,1655
115804,125,125,152
192636,58,59,8353
71868,47600,47796,28
128768,1200,2525,448
109152,322,4499,123
2776,2300,2995,10171
194008,450,475,86
36904,200,400,1703
172052,7,7,44941
194016,149988,220000,519
200016,88998,89000,192
152548,1200,1220,4249
173204,110,113,215310
19224,1,1,384
171272,25,25,401
39356,12000,13000,11
176856,150,150,11
190328,1092,1158,324827
23112,330,335,896
37160,400,1288,34
17056,1,100,91338
52984,1500,5500,29731
9224,9900,9900,23
193964,300,300,3477
124120,1,100,123556
33444,5,5,200
191384,198,60089,15982
2324,3,3,88244
181468,1762,3333,31392
152496,27,999,510
4384,3245,3251,267
52980,41023,45023,960
76140,371,10500,2652
109140,48,150,51763
137288,82000,125000,134
72120,40,201,236876
172232,69,106,66531
16000,69,89,1187
11392,7,4800007,90
136556,28,28,9
52192,10021,13234,285
56160,10000,19900,2
71864,46100,46100,4
194580,300,17700,496
24060,3085,3085,18
3240,16,188,85
44936,146173,146173,2
5472,2,2,282
173088,20000,22250,30
191260,5000,6500,516
3404,1460,10510,598
52180,2000,6520,19447
153624,1500,1500,9
201400,200,392,3405
159468,45,45,108
14048,150,825,9071
141640,3698,3698,72
76676,449,461,19
172096,675,938,36640
199952,500,503,294
4232,388,413,11318
37252,5,5,15
188684,9500,4800000,43
74844,99,216,21441
152512,1031,1500,45533
19768,7736,34958,10091
89112,1300,5500,6956
205700,75,75,179
176872,200,4000035,100
172416,90,95,1228
74248,200,612,37039
193360,599991,1499900,1049
109584,15000,17400,275
113264,23,17700,22988
13756,8000,33300,1343
12184,63,115,3353
7972,7,14,7702
178136,37,37,108
38836,780,783,20
132200,647,647,15
200044,1160,1233,744
53072,92,140,7668
3356,789,5000,10245
191380,497,498,156840
34664,225,227,1621
192876,659,675,910
22572,6450,8155,1524
109076,440,742,29179
20008,1500,11109,426
74848,194,252,10222
191372,236,255,1011
72988,20,1666,58907
6532,1,500,635
2592,9,10,64348
201404,17299,20157,92618
200788,1349,1349,69
58480,41500,89985,3247
2924,69,4500,2690
198192,2634,2634,211
179368,18017,18017,22
132212,21,21,121
191368,11933,19600,4077
194796,7394,9897,191
52720,463,7500,1373
52100,4041,4041,17
191400,933,2690,1274
44128,7498,50000,5156
188164,99900,100000,102
34832,150,200,1823
33452,5,6,203
163076,85,85,40
2672,87,88,41533
5784,42,500,4012
166664,6599,100000,53
22788,795,804,469
9144,181,181,14333
162012,1444,2087,119
191464,235,599,32428
192868,684,1000,75862
193216,1693,4099,16983
83064,400,400,663
44756,472,482,100
44940,8,10,395
118428,16,20,136
39004,300,300,82
171276,12991,15477,1352
197784,5055,5055,13618
194816,13900,59900,170
205684,1200,1900,7103
36908,388,412,8273
38792,221,225,14
41808,9,2500,2939
12808,8197,19990,14374
160092,21,37,311
53064,200,300,2337
198220,2500,3900,696
30816,1,1,1682
192672,170,170,99
40112,8900,8900,64
199956,501,501,373
52988,900,1038,18822
152576,20,54,831227
4304,576,625,7584
192716,2509,2509,1
192648,175,175,472
31892,280,280,27
15416,700,963,7361
2512,95,100,2186
174352,200,250,352
199204,100,250027,460
38880,17313,150898,91
198508,6026,6071,179
190396,68,79,2510266
85504,100,683,58
199980,500,900,262
191460,44,100,243415
200004,8324,8324,173
31896,398,499,11
32728,458,458,16
194048,75,76,552
33448,60,2123710,650
23676,6,28,10817
22452,1790,1800,992
203408,22200,25524,227
129100,40,79,15840
197788,282,282,27944
190388,300,9950,1637
171828,100,443,159358
28284,3,150,159
20872,61,61,42
197748,120,3508,249361
153700,253,255,533
22844,873,3199,1555
115504,89,500,42086
109144,7,10,20728
173108,385,400,15679
74720,105,105,68
42500,4202,4202,17
29452,5,22,161
204460,1599,1790,1385609
194820,3204,3693,115877
190312,3299,4155,8394
193224,8189,11500,173155
4544,45,50,518
33632,28,28,23
200820,1270,1270,56
2996,28,28,1348225
136552,364000,364000,1
21884,37500,51000,6172
204072,931,1099,101144
18944,19000,19900,154
124440,260,570,80656
200224,39833,43800,2612
199944,2094,2095,20
191328,7229,7684,501
199344,2750,4300,15923
81408,13,14,51
189156,29899,29899,501
19300,1,2,1175
49908,700,748,1028
192952,59789,68310,2564
190320,898,1499,131295
172056,30,36,4697
194784,82,90,49651
1708,1,1,114
112288,5910,90500,20
72096,999,1160,20873
23572,160,161,918
139036,238,258,1034
200576,4598,4598,1607
130172,1900,2162,1805
3220,1,2,434
36784,30000,94598,90
173060,125,148,4632
140340,2576,2576,20
192552,6592,6593,4391
207088,14995,15079,945
74648,500,500,261
22448,89,95,10780
172068,50,64,327
19304,1,1,906
200652,6000000,200000000,1774
35624,490,499,5678
108996,11,441,146265
69244,10002,10002,20
193384,182,182,347
171264,60,467200,498
191332,14300,19200,412
110624,473,500,7
138488,1686,2099,31056
130180,946,1546,285
114056,55,450000,1327
74700,226,226,1358
191472,1475,2000,115396
79296,100916,100916,1
76680,810,810,28
171840,5,16,171260
34056,36,144,91372
2320,2,4,459010
198236,802,17700,129
127848,970,970,252
194012,49999,49999,352
124108,45,177,6084
154164,72,99,103505
159900,199,199,30
158204,8900,8900,560
76508,200,284,19
3860,1199,1399,15749
201164,20000,20000,20
124104,786,1800,34420
168812,2506,2506,7
29740,6000,8035,18490
39900,291,291,3
107392,30,30,16
22792,590,799,2418
71808,35005,58322,70
176860,2075,2075,9
32836,5420,5422,20
187704,7,110,105028
197720,3057,3058,66
22576,400,720,7102
3712,475,691,3942
132516,13500,13500,1947
136564,78,80,15
72092,500,525,20043
109128,181,319,259149
143588,74000,101500,365
8956,535,535,91
191360,1168,1183,115
15564,12,15,512
38856,19,25,205
76540,100,100,72
36912,2300,2998,13182
53068,693,4592,24390
94288,184,200,412743
32388,4185,5941,15623
203652,6292,6698,570
40149,5007,5007,42
175069,122,185,104
143681,2,2,789
176089,308,308,15
172061,70,70,282
192621,66,66,178
118061,2275,2300,2722
107517,24,34,117
112177,2000,2389,814
152641,10000,25000,122
127841,2045,300000,108
133893,40000,40001,19
108325,94,3600,4596
52113,325,346,20
65365,10748,10748,1185
129285,5750,17700,241
32225,333,345,241
38905,50,716,25
74709,128,128,283
8169,250,275,3164
130221,3885,3885,107
110621,473,473,64
67401,12,12,2
89737,517,518,66
194573,575,575,18
3857,4,11,77526
81197,3,4,42
23529,2078,2999,526
76093,50,50,155
4289,2,3,595270
33053,70,70,60
192665,1935,1935,1
170173,29996,30096,128
188685,2125,2125,9
194793,300095,350000,310
200581,150,17700,113
39981,75,327,9
39569,92,4800038,7
28061,113473,113473,1999
163781,3000,5999,670
43385,199999999,199999999,1
200021,15000,21999,2258
173037,20,49,56742
152877,4800,5800,7886
181713,332,332,24
12037,5,100,13457
128537,7499,9221,131
200013,109554,118671,34
106889,127,127,41
128741,187807,190667,3
110625,1344,1344,83
112301,1500,1500,5
45981,7890,7890,8
200577,2000,2000,333
168417,90500,92500,888
153605,10000,12445,12
39361,104,104,10
173081,27499,37500,61
71853,148298,148499,25
38817,34,37,5265
52245,2068,2070,53
197849,84,85,511
4405,125,149,131
192097,175,190,137712
44449,534,537,20
20709,18,19,55
200773,4300,4300,15
188669,4800000,4800000,189
128549,125016,125016,38
198309,28752,28752,412
38373,1544,1550,89
20513,97500,97500,2
45197,3004,3004,8
111669,100,396,2539
191357,1210,1210,20033
54849,5144,5600,8694
1017,1,2,129
76653,199,200,18
28421,188,2999,495
38953,50,50,81
173057,45,51,219930
140347,99,121,372
74707,24,1580,899
81403,12,20,110
173071,19900,22000,62
23427,8733,19872,7471
153443,8826,17200,69
192971,157,9982,1386
39351,3011,3011,2
4359,465,470,1269
52779,2583,2583,173
191507,1402,2500,397
57063,150,318,49
190451,4250,4977,35174
76643,1999,2000,39
22527,3,3,153
22823,1855,2500,220
38779,92,5525,93
4787,6,6,75
24539,50000,50000,1
109599,10000,13679,189
52783,7347,8181,26
37091,8,33,400
153631,9803,9803,17
192959,25082,35608,28
76683,107,110,25
198223,1524,1673,1450
40919,2580,10000,119
1703,5000000,5000000,8
180879,100033,100033,12
41163,21550,29999,3085
139503,40,40,206
194071,3800,3800,25
128723,850000,850000,2
163899,129911,129911,9
163855,300,400,26
44575,1013,1013,110
58267,3200,3200,132
193555,220000,220000,375
115807,128,477500,75
22827,4475,4475,620
23111,120,124,97
39339,2524,2524,180
34747,100,200,283
23939,290,300,56
168791,12,12,26
193563,256,662,71
44755,100,100,24
27671,199,333,2088
163903,19933,19933,2
111439,33,33,982
24519,33,33,58
205471,225,225,3
155811,850,4850,146
167539,10000,10000,155
173163,26248,26248,307
23947,2403,2403,17
153431,50,53,300
5115,2,2,7
169451,700,1460,3074
44599,55,55,46
174891,6431,6431,7
79299,16891,17149,8
198215,7015,7015,615
41595,13350,16899,1532
193031,993,994,687
6807,2,2,189
111663,23,66,1523
133591,35,259,918
58487,9533,10045,419
24035,2497,4283,19
13931,70,70,98
180307,3900,3900,1
108331,300,3600,2773
180059,4763,8098,207
178535,1120,6221,14
93351,1895,1895,347
76527,314,314,27
81407,73,800,28
128987,195966,197945,13
171263,100,100,348
40067,700,700,224
44463,4915,4915,18
200567,3000,4626,179
36919,1400,14998,638
10559,760,1536,1557
154127,399,399,262
52235,37496,37498,34
198311,5500,5500,217
2459,1500,1999,3735
52179,1600,10000,5554
74718,290,290,129
44154,1500,1500,29
39978,225,225,49
818,200,335,7018
186522,3500,50000,513
82442,4514,4514,26
38934,72,96,92
204834,490,490,15
199054,10000,15000,59
53066,18,107,1888
56202,73499,73499,12
22374,162892,162892,6
172062,274,298,1132
200938,6798,8057,3320
151542,97000,145000,292
193242,8565,8566,1628
107518,300,400,39
173126,1493,1493,192
76638,440,470,53
4542,4,4,520
141446,140,147,80
112302,3053,3404,10
173082,29900,35000,60
199998,644,648,2541
197858,320,320,440
5066,25,25,24
191382,3554,3959,40736
131746,2180,9999,103
6450,3,3,227
22830,3637,39239,42
197774,87,89,1144
3818,1200,3303,7147
38930,192,192,123
33458,20,33,182
168806,180,180,11
76534,199,200,37
32470,2769,2769,117
39690,1480,1495,1243
52098,2548,2549,15
146406,55899,55899,57
175886,7,8,5055
44750,9997,9997,3
39914,398,4499998,3
130250,3557,3562,477
178114,154,154,62
176866,55,99,213
156526,19995,21494,227
173042,98,98,59
44458,19,20,248
20862,30,33,385
182122,496,496,52
76570,210,210,27
14530,75,750,1230
35794,1770,1787,130
90554,579300,579300,6
31906,300,300,79
200006,11998,11999,118
200842,1522,1522,21
188682,318,726,122
38962,147,147,220
33550,1118,1118,1
163918,12000,12000,10
76674,2000,2000,30
59230,8,8,41
153610,3543,3596,24
52766,169,169,377
141910,24895,34868,82
173034,68,2500,6850
52754,11137,11137,24
173038,6,9,457
71838,49998,49998,16
44262,47586,47586,11
39006,1576,1832,250
194014,29999,30000,211
193250,45321,45321,5398
188946,31109,31109,1
4538,5,10,79
40214,2818,2818,36
60486,44,65,80
130246,99552,99600,115
207702,14900,58185,3618
200806,1889,1889,31
37118,3,7,1443
199942,503,503,121
43490,899,970,740
200030,8080,8800,3240
176886,2615,2615,3
21842,470,475,1655
105722,25020,25020,2
23782,14603,14750,311
178126,1581,1581,1
79288,89021,144508,6
191500,8600,8600,1664
160712,10,14,19145
194576,3325,3500,217
108340,73,450,2227
114004,15459,15459,6
25444,1186,1186,73
198356,3399,3399,275
194572,3474,3475,3700
198620,1200,1200,52
24272,50000,50000,632
31884,295,295,23
25548,1000,10000,45
152560,150,537,1177
151608,17999,20000,88
184096,18968,18968,262
192720,2988,2988,30
18640,681,9999,1364
35948,9,12,178
137188,69997,100000,205
158792,1700,2000,3
40048,11814,11814,52
199216,18050,24950,343
44144,1088,1800,13
76524,119,127,35
201320,26519,26519,263
32200,900,900,303
154124,351,700,515
111672,38,47,2087
202712,30,30,1563
43268,100,100,130
201832,4531,4535,3494
183208,500000,2104489,5
3820,500,1800,12762
23440,4800,10000,265
192872,3,3,860764
38840,3900,23592,120
37700,340,350,2704
205460,62,62,294
19232,8173,8173,4
128632,496,34000,900
13444,15,15,296
52756,48,48,455
38772,18,24,375
33548,100,195,6
192976,6048,6950,84
74252,199,199,6690
172044,47,49,224
171352,2075,3475,206
162552,8722,8722,57
168956,50000,50000,126
23736,25,25,625
5048,23,23,46
197744,250,500,137837
11184,69,69,72
76088,675,675,130
23764,5000,8190,7
39952,265,266,22
199992,501,501,72
193244,20789,21490,11299
25700,2179,2988,1312
192608,63,63,540
197776,399,50039,2719
201468,1300,1700,5266
76564,471,471,9
41800,6950,15200,616
199948,500,500,179
1468,2,802,7004
64396,89889,89889,40
193228,22072,22072,14031
124112,25,125,12650
14344,53,250,268803
192852,440,700,4023
76084,1205,1205,1031
174328,1198,1200,1894
165692,20000,20000,210
168216,400,415,39977
52112,8023,8023,16
205464,179,179,28
81404,127,380,135
155812,490,490,122
174348,250,250,197
97620,350,17700,609
108324,74,3600,10158
36928,499,3500,2013
200476,579,579,76
197752,120,120,63687
198232,136,136,550
36932,100,125,662
6260,1,80,168352
198292,609,641,60
85568,6522,6695,54
74704,2069,2069,23
193236,37499,41000,1087
29460,6098,40026,10558
153616,2400,89900,69
34052,275,852,167793
199960,501,502,102
190880,99,99,363
179020,19900,19900,24
200508,7799,7854,1677
192968,78,78,1763
192844,150,216,24224
192860,796,3099,26944
31916,887,887,85
16204,38,250,169939
153476,595,1321,697
193940,60095,66525,4542
49632,4505,4505,30
77544,598,599,5
198216,95,850,1263
199052,6402,6512,33
44208,140,140,8
191496,1647,2049,876
58256,7,7,81
27516,3500,18000,803
197792,2699,2765,20311
15420,9989,23200,66
194812,3500,59900,182
204860,900,12500,2319
4460,166,166,24
127840,900,1500,139
5524,250,266,800
112164,12774,12789,116
76636,189,210,69
21844,847,847,6196
201420,25685,26657,2985
132752,4,4,206
4588,290290,290290,2
204828,5000,9900,231
38844,23,23,433
52196,98000,199900,1748
197772,3685,3685,1435
201316,19998,38165,123
158380,3075,5449,540
87240,900,900,21
180168,81,81,63
74864,450,1999,7797
81412,13,13,172
109184,9,9,329
158860,130,130,11
34764,400,400,146
38432,100,100,7
52340,215,215,77
200844,4482,4482,8
169300,200,200,282
39976,100,100,48
200040,12000,16000,4310
129032,980,1050,33246
104108,275,300,890
197764,795,933,65443
153704,250,250,419
194804,10340,10340,63
199936,500,500,206
12404,2,4,1625
44760,23,30,92
76604,7153,7153,209
20552,2000,99999,541
194732,1493,1494,137
162572,9071,9071,64
33568,410,420,24445
38992,1779,1932,226
163224,140,4499,593
34736,285,450,3070
193020,2091,2492,62
194736,897,898,67
109124,190,350,265059
192936,5001,5001,33
7080,9999,11690,9046
44768,64,64,8
151584,10000,10000,32
200012,199988,209990,1402
68784,43633,379471,102
18232,7200,7200,423
168188,1952,1953,107
12644,88,89,21827
4556,10,10,19
36916,2777,3099,7568
191376,278,555,1181
139352,68900,125000,95
200944,184,185,63
207956,3698,3698,3591
192096,173,240,58735
190452,1280,1378,37705
199996,684,700,2695
192688,1940,1940,28
133588,23,497,854
2840,300,400,27113
13760,911,2500,2199
187636,44299,99999,233
147868,1600,3000,103
113108,767,767,13
12364,980,2000,2988
86432,198,300,44
194684,124,125,2424
194756,26599,26599,1235
18512,17620,17620,45
43108,1572,1574,7149
192624,70,70,546
58268,9,9,140
194824,95,423,840
199056,1900,3399,63
38828,39,39,98
200024,553,557,159
128500,71,971,877
127844,350,389,6176
4360,1,1,580
198224,1496,1659,1293
21536,2499,7500,4070
41476,249107,249109,13
88156,199969,199969,3
74724,2015,3790,44
172364,63,63,156
60576,111,112,294
23384,200,200,22
192896,293,300,3492
21840,50,63,28082
38776,110,110,81
168192,1355,1356,338
169332,55,400,793
133688,40,322,126
4784,4,4,87
23448,58899,59000,356
8244,47398,66600,958
128996,4046,99946,69
116268,125,125,326
130268,399,399,54
151392,20099,20099,7
8364,66,66,136
177716,25,25,646
34440,400,400,235
173056,4700,5309,2604
154128,354,354,92
165016,190,300,282
5500,1400,9889,639
52748,6994,6998,113
20540,819,819,5
40536,15,15,1061
130264,105,115,195
110620,4845,4845,32
1520,118,129,177
8952,2,5000,1053
136852,200,200,302
187348,500,500,5
52780,9747,9747,51
192724,22578,22578,2
39512,7,7,55
81200,10,10,334
62660,78,78,46
111676,78,100,4770
52248,2424,2426,16
38960,36,37,201
33048,7,48,278
36920,35,102,273
33236,11,18,44
152876,1555,5500,23085
23976,4990,4990,21
108304,6988,6988,61
152640,2007,9999,426
158864,127,127,28
155636,35,35,47
129288,4500,17700,394
110656,2574,4399,122
42780,45,1999,51449
24028,19601,87407,95
61996,90000,90000,7
82392,1,1,80
191256,400,400,488
74728,3373,3377,56
93208,12500,12500,14
7392,3100,25000,1398
153668,1188,50000,183
62772,5000,5000,14
40052,2519,2519,29
112684,36,439,30
4592,1,1,128
112280,2995,2995,29
40160,412,412,16
32620,3665,4457,19601
87764,666,999,504
60224,3900,8567,20525
7076,84,87,15608
44280,120050,125050,11
166344,70,1900,326
198184,99,117,2325
52120,3673,3673,18
38976,120,120,289
190532,24563,36010,6407
20816,700,800,698
171268,97,298,392
90552,1445,1445,6
38820,33791,33791,40
38860,940,11955,289
23528,2317,49151,150
39220,25,390000,102
25708,6289,15590,19488
32428,49,17700,9174
80592,98,100,114
113588,540,974,14717
25428,14,48800014,66
87248,1101,3534101,40
116276,72,72,193
4656,1,1,58
61980,300,328,4579
198420,221,523,18030
3664,5,5,152
39520,48,300,437
110628,650,651,66
124116,14799,16500,3048
198160,665,742,300
2748,50079,50079,4
42996,1300,1372,78
178221,121,121,19
192965,54994,54994,9
56205,10,11,30
24053,696,700,57
76505,200,200,29
52093,500,500000,19
158381,29,35,465
112165,5700,9110,71
141641,9890,9890,54
192769,42,47,46
2605,3,3,116336
83765,15600,268787,24
193557,56610,56710,908
22825,1000,1999,834
76629,1855,1855,3
128841,403,403,20
8545,11,650,3098
178017,2080,2080,3
198209,2205,6500,45
163149,512,2089,116
110645,1634,2500,41
52109,5776,5776,6
198621,117967,117970,120
76553,100,128,97
192913,100,9978,1582
62785,149,1000,2623
62421,23,23,70
201721,2046,2046,2091
35949,41,41,85
40017,5046,5046,40
76897,7987,7987,3
38561,3388,9988,3247
163145,1111,1500,76
177025,175,175,21
23329,28,28,9
38873,59899,70056,220
38921,5071,8394,24
76885,7777,7777,97
67749,790,794,1137
76549,101,101,337
18225,3999,3999,6
5429,250000,250000,4
133981,54554,54554,20
193389,1525,1550,54
128993,18998,18998,21
4557,29,29,2
168189,995,997,283
36929,99,125,643
38861,20,1567,122
139389,35000,35000,12
52753,75,89,311
22645,147,199,114
154885,15,19,1029
23117,111,239,359
158789,18900,18900,1
54625,981,981,4
108301,1137,17700,465
38889,29586,31810,15
136653,69,69,480
180405,586,795,18
38937,47,48,58
79313,59900,62450,2
3673,118,128,37
5477,39,40,23
192669,304,625,264
38841,222,222,212
193237,32139,32371,575
76533,149,1200,39
76681,250,555,56
173101,20000,52832,16
79305,300031,300031,3
22853,1995,9999,118
23441,1500,1545,324
33451,6,7506,31
52755,300,6486,39
200871,500,500,29
13759,959,2500,1276
19299,21,22,116
173359,2497,2497,3
194799,15000,69900,151
34751,20,20,83
3387,400,400,9
199979,1060,1286,833
153439,90,100,132
192871,30919,39895,8415
155603,32,250000,147
198303,299900,299900,8
111455,13,13,362
56203,5473,5473,3
199951,500,501,96
38783,748,748,68
15419,9498,9999,1989
27503,5,25000,328
52775,5089,5089,58
152639,3499,36969,751
3859,1030,2500,13136
21747,250,82975,209
23819,21843,21843,9
44279,50000,100000,6
35791,1800015,1800015,5
27659,85,85,83
158751,2000,2000,564
37663,80000,80000,1669
20871,70,70,7
191511,1300,17700,209
24243,500,1000,494
173067,25025,25025,432
190327,14279,16500,36564
90551,300,775512,15
76575,4500,5000,12
33867,2993,2993,2
46703,9900,9900,10
187831,34000,34000,207
20963,2888,3040,168
18223,62,4800062,97
38811,495,495,44
152631,7,100,9892
79295,236018,236018,4
116271,769,869,6592
24055,300,300,21
9335,2,4,45
2295,30,64,109
53071,45,201,4463
52091,100,100,16
38943,1045846,1045857,15
25431,693,693,36
79255,495,15774,3892
172415,95,170,77
173103,22500,37900,34
9355,40024,48807,7
87579,300,9900,276
130175,1046,1100,756
193391,168,168,11
34055,65,985,225481
165755,195,295,352
192683,175,175,9
141211,811555,811555,1
76551,247,477500,45
45195,25,26,28
62323,25822,25822,13
2687,20,100,494
4407,98,99,60
52239,477500,477500,7
82443,4513,4514,30
153623,2936,3513,4
200803,50000,65000,21
38955,100,100,332
23987,34055,34055,29
23331,4239,4239,18
117471,2519,2519,15
163143,89,89,302
955,74,74,705
159959,70,110,8140
2775,3817,25000,2739
38879,1406,1658,47
38911,200,200,23
76615,899,899,33
197771,89,104,86998
18335,122100,199999,4853
4791,5,5,12
67319,5847,5847,80
138979,809,810,498
44467,6522,59347,71
152559,55,1999,701
20863,30,32,590
20531,30,30,38
34839,22900,22900,6
42459,2179,10000,657
5523,297,298,365
176875,290,290,1
160711,5098,5099,1796
41467,243,243,22
55055,30,39,36
172091,45176,47553,228
147775,15000,15000,148
52099,2524,2724,5
23571,200000,240000,2718
83007,1490,30273,135
176807,219,219,49
171287,370,445,5053
18567,537,537,3745
74851,696,789,1194
129019,78540,100000,169
16167,45,46,76
61995,67499,71500,23
189543,23099,30000,4665
126935,4200,9000,163
173875,1600,4800000,7
168487,1232,2036,33471
24027,13493,13900,12
46379,1500,1600,782
41751,5,5,94
205015,400040,629053,6
191359,17475,19500,23410
173127,2422,2447,129
85559,618,2251,265
71859,57792,57992,15
45879,96958,477500,5
56551,58800,131288,27
6303,38,700,4648
7967,2421,40099,135
197751,47,57,9244
173759,805,805,29
62655,19,19,76
193227,11923,23078,26872
18251,5662,5662,6
128547,21893,21894,60
59231,13,13,246
62675,50,50,209
76687,405,556,5
38431,1267,1267,85
128546,11578,134425,36
127734,700020080,700020080,2
200034,2960,5872,1467
27498,9,10,54
40166,6500,6500,73
79254,190,197,3048
6290,7,9,166
139314,99300,200000,294
153438,109,4599,360
129158,6,12,855
52782,5954,6269,104
175970,75,100,51752
43694,150099,150099,8
5042,16,9916,111
204442,175,175,13
24066,373,373,102
198254,175,175,1392
20882,89,89,93
7098,1,136600,132
4402,4590,99800,235
41806,66,9900,1490
9030,7400,7400,72
137558,3097,3097,64
5634,2644,2711,87
41334,14000,17995,112
110682,5994,5994,22
189542,12709,15000,8983
62658,125,125,19
38814,3612,3620,63
193370,535,766,257997
152546,73,80,4831
176870,180,180,6
37674,2500011,2500011,3
76098,80,80,1503
178226,3321,3321,5
173874,130,1500080,268
176874,244,300,83
142102,40539,40539,9
43126,690,690,1987
27438,25,93,7606
16170,10001,10001,21
2290,74,74,1574
173162,20004,40000,338
24406,118750,118750,1
54830,425,136600,19
192834,4500,6290,927
12210,42,44,319
3486,185,285,1337
39562,300,5000000,157
20870,61,61,48
179278,115,115,11
36794,1508,2311,5
36934,300,15698,849
2862,1,25,1381
40070,300,1999,1067
168794,900,900,23
8170,349,499,9262
109118,72,150,150130
111446,50,5498,493
35318,10062,10062,85
27934,18,18,4
193942,1278,17700,318
76734,2000,50000,13237
18662,500,2575,1111
17222,29,30,227
90058,92,390000,35
64394,16422,16422,39
2678,1,89,109581
76594,9999,10000,9
95482,100,5000,134
184090,1099,2400,445
63530,5,5,169
101662,16402,16990,341
19270,15000,17395,5
195462,495,495,361
21886,7900,7900,2484
192610,73,73,273
81198,300,300,46
115814,12500,17497,16
205698,2500,2401669,4
161346,1000,1000,58
127834,55,75,441
192934,33250,35047,148
22578,1848,2500,3595
191358,2799,8869,30429
87230,20,22,277
102218,49542,49542,243
180058,1612,2999,305
87578,299,10000,190
17010,117,10070,8085
124118,28,599,8184
40038,5000,12601,6
35622,5300,5400,1959
21882,25,32,2183
192670,190,204,31
55982,29,37,39
158870,100,104,54
76666,2000,2000,24
192950,25099,29899,46
38878,45900,45907,48
71806,40500,41580,128
52122,734,2021,18
20878,60,63,39
38906,12000,12050,33
32206,323,477500,25
205466,200,4800000,78
28118,7800,201250,60
153626,5997,5998,15
71846,42827,42827,2
173098,15000,24000,43
44470,1000,1093,24
45978,22300,22599,89
111454,19,22,622
22826,50,60,11
41802,120,2500,7054
168646,897,2530,8016
198230,4950,5000,340
128554,1000,2008,106
40914,76,76,4
76886,42596,42596,25
153710,254,254,273
109222,70,70,219
140630,74439,125000,107
104342,18000,18000,26
171370,25,25,339
153430,100,150,55
39910,150,150,15
188670,55,400080,4256
200058,420070,436172,418
108294,4653,17700,482
52222,6253,6253,16
25550,5000,910045,12
162582,23659,23659,20
191338,19600,39999,1394
75026,48,48,295
39954,649,649,8
44758,115,161,421
6050,44,45,428
178134,200,200,6
174890,3159,3325,10
137238,68876,100000,130
2450,633,2025,18144
31866,2447,2447,4
109226,199,200,466
77546,2400,2763,49
38374,1550,1600,66
118902,1,12503,10
198190,1164,1983,590
168790,300,300,18
116810,375,400,422
774,50,288,7063
192710,2000,2162,3
136342,300,300,663
89326,74,74,103
136654,50,50,264
192654,175,175,26
137250,52385,100000,119
38866,111,1245,733
168302,448,448,12722
12190,700,700,205
113278,50000,50000,4
82330,1175,1175,38
67510,27,27,10
72238,906,2500,27329
39338,1483,17700,372
13458,2971,2971,513
209034,2800,2800,4
12218,25,25,202
174282,90,90,175
3386,1122,1270,170
192846,350,392,2095
195466,474,474,255
191534,139970,139975,51
83094,2572,2597,21
9186,444403,444403,14
38774,109,109,46
27422,18,500,2379
38902,200,200,118
139398,1000,390000,16
30610,500,500,2
46098,18877,18877,57
22846,5318,5318,78
56046,69,4800075,322
74854,728,728,1449
41434,1293,1293,3
191950,3682,3682,4000
172358,19,20,139
204710,900000,1000000,160
81918,26,26,114
21570,8687,8774,310
172370,269,269,343
38790,330,330,130
167862,2899,2925,2460
109218,28,93,605
130258,1042,1042,589
20518,13,13,22
197850,190,190,282
158790,2000,2000,2
38890,72987,72987,23
168586,1190,1259,11792
158466,249,249,8
3390,2400,2999,744
79238,19999999,19999999,3
153478,17296,17296,62
192878,639,649,7125
29580,90,90,7
23424,2099,2300,12055
190324,29799,43080,123264
109136,239,2500,12390
74708,1167,1167,597
187936,149282,150000,150
23768,50,99,1736
168796,999,999,12
27860,4,4,240
192628,63,63,216
3340,20000,20000,95
74660,499,499,1808
120168,1019,1019,147
128992,100000,100000,9
191388,3300,3997,76495
43104,998,998,1817
2608,3700,3700,3
3676,4,5,86
23108,100,100,31
155608,32,32,74
198296,6633,6633,133
193932,42999,43065,221
6308,32,250,8624
199988,1400,2000,567
171832,200,373,65113
29548,7499,7500,5523
191532,23728,23729,75
38920,1995,48084,49
58088,17595,17595,493
198308,988,1235,902
52224,6900,6900,18
89888,388,999,1181
88532,150,2387,120
75016,186,195,194
5368,2000,40000,5
200852,1449,1449,19
140568,29100,50000,54
132208,10000,10000,1
205868,200,200,19
62676,39,39,804
192668,200,285,6
200828,3479,3479,14
32576,20,21,124
77468,558,999,2920
192836,797,824,14066
184308,25,25,113
76504,240,240,19
20532,42,42,25
63308,700,700,266
76652,699,700,22
172360,100,122,727
62780,110,8997,538
74852,801,17700,508
39948,110,110,20
192908,700,700,223
152812,16000,17500,576
24032,200,586,14
118416,14019,14019,14
169132,43,43,59
194568,1448,9850,240
44292,16920,17090,7
104104,7250,10000,191
173072,25000,30021,32
72104,49988,51000,2579
83156,2,5,228
3300,450,450,128
17404,10,10,7
193560,9196,9196,439
198436,9938,17600,26
200772,1300,1300,39
32716,47598,55749,44
109220,35,69,367
52768,28,28,47
112296,1000,1000,35
74856,800,2500,10122
127004,542,550,20220
109624,18,65,1139
204836,2400,2400,9
111456,13,13,1501
191396,197,100099,6369
40000,748,748,31
23380,299,299,8
3928,9,15,1511
43852,50,390000,969
15992,3,72,5654
158868,269,478500,13
151564,1815,1849,155077
199964,799,800,39
12820,18999,50000,713
6372,1500,2500,3754
24072,10,14,123
194864,27000,28000,4914
74656,20,25,231
157844,35,35,2202
154120,499,536,228
178104,89,89,33
52776,6369,9593,52
194124,1241,1247,223943
12804,111,197,127
192880,25,83,688579
74840,575,800,3446
76556,100,100,45
200572,850,850,41
10620,87,200,40895
199984,524,524,101
188672,1600,4800000,27
200680,809,809,6
87560,785,1200,203
1288,2,100,4609
171288,243,250,1305
19276,7500,11101,21
204237,1110,1110,153
52121,100,2018,13
38901,799,4198,11
202065,59,4800059,162
87881,8100,10000,144
13893,47700,99900,113
18945,3,40,24286
17021,6200000,6200000,13
68197,18,27,93
194869,2040,2040,20
42465,199999999,199999999,7
56049,98,98,6
52237,3812,3812,18
88157,249951,249951,2
205241,3900,3900,17
38945,97,97,29
191325,700,5903,414
132217,271,271,26
187849,33275,33275,126
76561,700,725,55
132225,900,922,10
192941,1499,477500,220
101661,12199,12200,75
62665,150,150,31
38853,5912,6648,84
172449,54993,54993,259
136557,350,350,118
178129,183,183,2
81405,12,12,185
46849,66600,66600,52
153441,972,972,125
173121,325,325,51
192653,202,263,11
140753,2000,2050,3
2685,100,100,1
158813,190,190,10
4757,25,60,66
200041,750,1000,89
108341,71,500,4168
80433,821,1007,247
168193,899,900,567
43009,98,5000,868
81201,5,5,40
152505,550,600,41644
151389,4091,4092,4
58269,12,16,62
40145,20981,20981,28
40077,1135,1135,98
158801,3000,3000,8
40073,350,2999,1388
124101,759,2500,36994
192685,2376,2376,28
191533,7599,17700,611
173085,24500,24500,51
39917,5335,5335,17
136545,119,125,10
40053,25692,25692,4
162573,99,100,200
76697,401,423,73
200769,479,479,61
23769,20000,20000,89
106825,164,164,30
8845,5099,22442,9403
52105,210,248,16
182653,14,14,83
21033,599,599,12
35285,1200,1200,392
199981,1900,1903,338
186981,90,90,7
44325,594,693,515
168501,3932,4000,155
52297,21400,21400,11
111665,14,17,1668
110809,500000,500000,1
41481,117346,117347,8
71865,24996,24996,7
198165,2325,2325,806
174041,1587,1587,42
111457,577,577,232
22577,389,800,5323
60485,21,222221,259
172501,234128,234128,2
25441,308,308,1
168489,9000,19999,1076
52101,233,1437,8
74713,190,194,92
44261,88822,88822,21
43001,106,106,220
198265,10599,11569,12
56033,15,15,69
137289,81000,125000,101
24477,18,704,8295
129029,80980,100000,163
142101,7946,7946,5
39909,113,113,34
174285,84,84,155
153033,90590,150000,191
62505,85,341,134
132197,1200,1200,6
193961,697,697,4072
136573,400065,400065,1
52781,9022,9023,161
39513,25,38,15
35623,4800,7559,1327
183207,225,225,4
63271,10000,10000,70
35707,2510,2510,104
38895,21956,21956,25
44455,357,2325,13
191383,8898,11595,33921
158759,2055,2055,2
190395,74,265,132325
23559,40,45,139
12643,20,20,191
43463,17,250,591
25451,12,12,166
162551,679,679,26
115803,125,125,220
41807,739,17700,1168
38835,432,437,15
197783,4652,4900,9802
27499,55,55,88
34207,15901,17667,130
18635,30,30,36
58263,13,480015,267
192935,59907,64896,1783
198247,761,1537,527
191319,798,799,4722
5135,100,100,13
138987,2519,2519,20
136567,95,95,28
153707,1710,1800,33
76891,10091,10091,6
192711,5050,8075,40
44143,38000,38549,12
76535,150,150,242
173051,25037,50000,162
149755,10000,12500,261
71875,74568,74571,41
163207,812,2089,157
158327,1725,1725,66
144307,2000,7337,30
178219,485,485,44
52843,7597,86605,1645
111603,30,100,335
198307,422,17700,139
191375,416,571,401
56195,136600,136600,5
13159,2,20,25
38963,1641,1657,26
74727,453,502,314
4611,4214,4256,143
76887,4555,4555,42
74847,698,1287,3855
43103,2946,7000,386
11939,79,79,11
76559,200,200,61
173075,19900,22000,49
200027,43000,60066,2252
19271,47500,48750,10
32223,476,477,129
18287,91200,91200,30
194083,999999999,999999999,2
127759,100,5000,23875
158775,75,500000,90
60395,70,70,1
1179,4,22,2747
197763,311,428,582
68731,197,197,31
172367,79,79,50
15407,759,3303,4046
8827,970,4977,1050
67415,60,60,176
74715,91,91,358
11403,500,500,48
200003,3499,3999,211
202315,2350,2350,2676
4867,5994,5994,8
38847,330,21766,8
60399,44,65,26
201047,152,160,264
200815,39800,39800,5
39959,730,730,4
5375,90002,90002,2
178551,90,90,2
74703,1521,1521,40
205411,10500,17456,63
41475,163,163,2
40139,1741,1741,26
80591,96,99,124
23575,20,9793,307
97619,288,297,888
153015,2000,2000,27
159791,782,782,77
34831,1015,1015,9
136563,2300,2300,6
38859,1332,3500,42
200835,1100,1100,40
162111,6762863,6762863,3
74723,432,2510,90
13755,3998,7598,373
13935,9,9,70
192651,197,197,159
163707,257,257,67
130219,4900,4900,31
77467,1750,1923,560
40771,5000,9099,84
194815,2899,4551,351
199055,224,279,189
137267,74592,100000,131
97623,139,150,512
45190,2,2,43
33246,100,100,12
198210,840,840,39
152718,1500,1500,91
76506,300,300,24
56198,202,202,6
36782,50,2500,1890
9210,13002,13266,3283
152638,4000,14999,290
205794,998,998,768
200026,1356,1842,1136
200822,1700,1700,35
136598,4900,4901,15
63694,150001,150001,20
177842,61838,61838,4
199958,503,503,48
173094,70000,89900,27
163150,711,800,3702
4606,2,6,42
198278,1795,1843,4
198494,170000,170000,8
39350,49901,49901,20
174322,2585,2585,7
153630,995,995,16
89674,788,788,31
129022,59400,100000,135
83006,1440,50000,137
193934,35399,44498,4476
87238,24,44,187
56850,3000,3871,5613
87806,1970,2401,37
52242,20025,20032,41
192922,49747,57469,1493
13546,465,469,7
112278,1900,1900,33
158862,142,142,65
97622,100,17700,567
158778,119,4800019,11
192730,200,200,102
12202,35,116,10085
34722,25,305,4264
858,28,28,1803
40202,4500,4500,302
136562,19,19,27
112158,124,124,12090
29578,1100,136600,3
62670,130,131,76
22526,2,3,130
111442,80,81,148
76626,20097,20098,18
173090,25000,30000,24
4398,2000,2000,10
133574,500,500,78
5374,4950,4950,25
52250,3920,3921,48
192726,12900,13000,40
194806,8000,8394,35
110646,1630,1863,34
33234,11,19,46
179274,959781,959781,9
58094,1800,1895,875
24058,393,4408,16
56550,35085,572204,24
52126,90,90,20
128550,100043,100043,57
44078,6180778,6180778,7
62526,40,70,6
19938,250,250,7
39918,110,170,14
35758,95,96,271
72094,1400,1800,6886
39970,375,399,1299
20858,30,45,412
197762,184,184,2902
127838,4939,200000,137
60398,21,32,159
163118,10000,10000,2
192722,2908,2908,2
52166,781,782,7
6826,8,9,9
40046,999,1259,4
41266,9995,9998,1128
53070,4,908,3607
40010,5015,5022,79
23098,63,154,76
62666,111,179,19
38830,288,1271,987
52146,8026,8026,4
139310,89441,100000,295
194846,698,700,8291
192902,1000,1300,308
163522,882,882,7
38850,1420,1421,13
55054,44898,44899,216
22838,3999,3999,1083
200578,1099,17700,262
3382,84,2500,2188
12360,37997,41000,587
200780,1200,1200,39
45768,8300,10000,135
176392,100,120,18
7676,119,120,3014
22832,57,100,911
138292,13,13,331
132204,21,32,838
152564,4800,4838,83
192960,23749,25000,117
200836,1245,1245,110
192856,800,1042,3674
193960,200,200,900
194800,7100,39900,241
197736,110000,115093,513
197760,50,30098,12517
158808,150,700099,1057
183952,375,470,1507
67404,297,298,22
134860,16,16,191
193248,39000,39000,928
133940,200,200,2717
43492,2504,2504,162
62652,108,500,278
32196,388,388,503
11188,200,39800,229
43004,9,10,994
39568,25,25,3
13452,8899,8899,540
22528,9,378400,1946
189152,9895,11400,858
192972,144,144,697
159788,19349,19500,52
109992,88,299,2962
24368,7555,10515,6818
58488,28994,32350,1093
29568,1739,1739,5
159464,200,250,268
153512,2000,13800,121
175788,27,80,232873
133572,25,52,582
29800,478,480,14
76664,697,698,17
2304,3,3,2101
134048,75448,75448,3
172920,350,499,136
7912,4,14,14315
43012,36,1065,4447
33052,1494,1495,244
54448,9000,59999,27
34748,94,194,103
198164,200,200,380
114008,56,56,26
25440,22,4800000,30
13464,640,2500,2447
63128,38666,56319,447
152508,495,499,37703
154888,250,970,657
40116,5650,5650,70
200056,407499,409200,251
194792,16000,77500,97
87888,849,900,272
45880,12313,12406,6
190316,6800,9400,135875
3864,463,1815,809
12212,212,212,87
130176,253,253,519
25744,6368,6369,6239
2880,1,1,959
35760,355,647,1644
180476,773,773,4
41976,500,1000,21
171196,499,2500,892
11404,144,144,35
89512,25000,25000,1
39940,298,298,19
107528,510,500000,220
38864,1258,1258,80
4540,35,200000,4466
43652,45,7500,768
128736,644486,654300,3
87648,2124,2159,84
172092,40,396,90901
159140,119,119,15
192652,170,170,93
5468,22500,22500,431
22460,3039,3039,23
76668,980,981,10
170168,5095,100000,121
28100,95,95,359
52300,25000,25000,30
200048,49500,49500,205
184100,12600,12633,222
41484,343,343,13
9308,1,7,883
168960,5058,50000,205
108296,1407,17700,601
11409,8,8,7
130173,200,225,352
180445,47489,47489,177
71869,27602,27703,21
29453,11,11,197
137269,53414,100000,144
173073,24625,30097,41
76557,178,178,44
112273,2189,2189,39
56197,90,100,12
139417,90211,96652,163
52157,159952,159952,8
152497,95,36000,331
189145,399999,420000,642
147669,9750,9750,28
191389,4999,5678,52840
168793,9025,9025,12
6041,30899,30899,30
198241,845,845,141
198297,130098,130098,6
83097,6,6,137
160705,38,40,2751
151609,5299,5444,47
64397,820098,850000,114
76089,56,56,185
110653,2985,2987,90
176885,2000,2000,6
35565,4,9,174
79869,26121,100000,1292
52141,48187,48188,4
5473,40,45,123
162029,10046,10046,199
176809,60,65,51
27661,100,114,21
39357,100,100,15
133569,500,530,548
152509,200,650,60720
41473,588615,588616,18
128553,41830,41879,46
42737,76,76,2
163077,40,90,161
200533,29900,29900,3
23077,190,562,868
62277,23,23,26
76645,1998,1999,13
128729,319995,319995,4
67405,3469,3900,5
46001,1557,1557,24
191509,80,99,147
76637,129,130,48
133573,40,46,173
45909,5837,5837,6
19933,500,500,92
45201,49875,49875,3
4813,1,136600,42
117453,90,100,98
67229,1500,7200,2321
4097,24,24,13
173125,8800,8800,677
197749,9,18,53300
79253,888,1088,599
74645,2000,2700,117
22849,2615,4485,956
67509,25,25,42
198497,4500,4500,12
180317,1400,4217,63
132237,22,999095,73
39949,125,235,32
194785,425681,500090,367
18233,58300,6662933,3
76529,200,200,53
4457,87,93,298
155609,40,400000,113
32453,1520,1520,157
153709,1378,45578,85
7073,31,31,311
30821,12,12,40
205793,124,124,474
137249,73751,100000,246
171437,100,100,4336
36801,1018,1018,5
39937,113,5013,2
197857,110,110,303
173937,1615,1615,20
76521,508,508,17
25429,548,548,44
4341,35,37,8001
187825,14000,59200,22
152813,7095,2871412,462
29565,5288,5288,1
108365,2910,17700,39
114001,375,387,4
174351,50,150,431
46023,190000,199999,10
30155,44,44,89
45191,25,25,22
24067,430,6117,11
40095,500,6500,11
112291,1799,1799,32
193931,2029,2050,48193
200839,66069,66069,30
52223,3224,3225,12
4595,118,5002,16
39955,165,165,9
187931,141785,150000,124
132223,264,265,30
25467,96070,96070,18
54447,500,570,87
38819,1380,3424,17
53063,175,227,2441
59227,200,200,66
76507,200,289,26
67511,78,78,3
176879,2137,2137,3
176887,35878,1500078,6
33571,50027,50027,1
56055,847246876,847246876,5
17031,5000,5500,63
43695,25,463,6
62019,199997,199997,2
111675,8000,8000,2614
12215,250,250,144
118711,869,869,9432
168447,32490,32495,85
35799,77,77,4
38807,383,1223,32
20859,31,31,656
52771,169,169,371
38923,395204,424118,5
173095,65000,68800,23
37467,169,1000,35
151579,5400,5680,3248
11391,3,4890004,99
30815,182,192,11
62391,500,1100,39
58259,50,87,45
3175,60005,60005,6
29575,100011,100011,4
4587,5000,136600,5
168639,400,400,15
87647,4465,4500,132
106867,30,30,169
112111,37632,45733,40
38947,699985,699985,33
24479,19000,49975,4543
76695,110,222,11
160059,97,98,10274
171203,18750,99950,109
52151,50225,50252,2
172407,72,157,315
152867,100,100,7
57059,1333,1333,21
22831,2799,4499,307
141527,138,138,130
200779,2729,2729,14
1687,1971,1971,1
24039,499,499,30
4539,1,1,220
76511,229,284,19
192911,612,644,170
71879,349200,349399,36
23103,85,107,38
183203,269,269,8
76679,2252,2253,45
71867,137092,137092,15
200051,54584,73424,225
132219,944,972,2
44499,308011,308011,10
76639,2203,2204,50
38875,6997,15275,57
127719,1389558,1389558,2
4775,1,59,23
194571,6519,17700,319
178534,94,96,47
200634,70095,80000,144
193262,63,934,113505
79102,49,98,76
104314,190,200,59
40122,1430,1430,23
62790,20,20,737
128734,603108,603108,2
200582,574,974,6494
71878,87695,87695,17
2886,750,9900,1439
67230,10,57,180
200838,2500,2500,46
200566,2000,17700,190
199970,100099,120099,107
59594,9000,9000,17
85570,1400,19689,75
112286,199000,499999,16
25898,58878,58878,19
3670,99950,99950,488
52102,1586,1586,13
194734,654,655,103
14342,13490,13500,799
204842,500,500,6
38786,87,88,14
22710,390,400,505
153606,887,887,8
158858,900000,900000,5
2738,59906,999906,10
2742,26860,59906,8
25890,50021,263760,4
172418,30,30,3777
192666,165,165,18
52158,7505,7506,18
71850,149500,150197,21
52750,662,662,123
163018,2044,2794,4
127850,1199,2000,140
177962,97,98,180
163910,19933,19933,27
19234,10000,10000,15
179270,984,984,11
88490,80000,80000,5
153618,1583,99900,24
88162,89988,89988,6
138294,4455,4455,20
39966,95,95,29
20074,200,200,58
6370,2179,2182,3727
141898,87966,100000,124
161126,117,117,40
38974,83,85,35
163606,200001,200001,2
6890,12,12,73
39686,79999900,79999900,4
23826,39855,39855,703
190378,15900,15992,263
158834,157,157,4
55974,2,2,55
76550,200,244,59
171438,23,23,372
62654,1950,7007,10071
132190,617,617,7
6362,9,410,3580
86026,282,284,358
25886,2432,2432,121
118,10,42,8179
76530,125,492,14
23766,34999,34999,39
22854,4097,9999,145
60838,2500,2500,785
45862,29893,29894,8
23946,206,206,31
5342,1,1,50
76086,500,1400,188
136570,10065,10065,3
112290,494,494,12
56502,145,8439,93
130182,316,349,118
205690,981,981,142
204826,2660,2799,269
56158,899902,899902,37
71858,16552,16652,20
76698,100,199,47
189146,1000,9950,1381
198290,1493,1493,27
128730,55010,55010,7
193926,3352,369924,3665
25416,100,669,1025
20860,30,202,480
3164,159997,159999,18
173032,22,2500,24717
192956,15000,15000,30
203412,19900,26200,127
35128,200000,250000,205
179992,100,100,228
32228,150,15028,3349
52328,1500,3900,93926
200768,940,940,55
62328,127,127,29
18288,1399,1399,14
24508,12,12,513
38852,85,85,416
118472,1600,2500,11535
10560,928,928,171
98116,44,44,48
200816,2450,2450,29
3728,100,100,65
193256,30184,30799,3929
12204,150,9900,2138
45056,13526,13530,119
76608,332863,332863,2
161344,289999,289999,265
29292,494,2117,121
160400,95,95,16843
36808,50000,421708,9
188792,1460,4800060,16
76132,3886,350086,1812
33576,951,951,17
7228,68,68,79
192904,543,4456,70
49084,11204,11799,441
153628,1267,1267,34
43116,2489,17700,161
200000,501,501,60
7964,2,2,87
19236,7500,7500,8
191504,385,385,2434
63024,757,757,11
38940,22949,23080,38
20384,6500,6500,465
14256,4500,10000,36713
181388,3600,3600,24
172904,1235,1235,102
56516,3128,3950,7085
39908,230,230,24
45628,541,541,113
204708,550000,550000,5
16168,4999,5000,24
153608,699,699,4
76096,340,340,649
192916,214,214,897
201312,500,515,133
194808,9898,9899,207
192632,75,75,27
132524,40453,40454,20
76536,100,200,36
40072,990,2475,302
158844,75000,75000,4
97624,499,17700,396
39524,499,4800099,15
197780,185,499,11894
30812,14,18,41
204464,719992,749800,1288
89868,3599,10000,158
166804,20099,24400,1673
151720,400,404,6029
153612,9900,9900,78
198256,100,17700,671
5504,521,699,6643
160484,95,95,7
173084,20000,23000,48
204308,130,130,43
141908,25035,25035,74
111668,24,17700,1188
151444,7499,7499,3
151256,400,1412,334
108328,90,450,3506
173104,19900,500000,57
173076,52500,60000,26
15872,4925,4925,70
154884,89,99,246
19284,150008,349008,3
187712,6,6,86
129028,84058,84558,246
40212,50,50,61
136708,19999,25605,438
6888,2,2,192
63304,299,299,21
52749,130,130,173
41457,900013,900013,2
9233,124,124,423
15993,928,928,128
152897,500,500,66
76677,199,541,15
42997,499,607,2070
130181,43895,44000,4682
180309,2365,4800065,24
144305,5751,5978,51
31673,50,50,158
199053,4599,17700,115
56053,119,119,6
154889,88,88,857
62661,85,1289,129
117473,2015,2015,5
74845,988,990,2613
198301,34361,36169,7
2665,1,1,2440
41805,1799,9999,2058
34537,975,1500,18
81917,17,17,68
77101,13531,15000,364
44329,1290,18525,117
38813,5929,5937,41
46361,15000,15089,35
203413,22200,33000,316
180881,50000033,50000033,7
200569,1200,1200,41
41397,3600,3600,22
127761,693000,725000,30
192929,5099,5512,21
34125,30,30,83
203417,180080,180090,277
23097,321,333,5
18237,99,99,2
44165,600,900,37
21217,5,14,368
18285,100,100,10
76617,1010,477500,7
172413,77,77,416
85569,6522,6695,67
62673,45,45,112
537,200,200,1
38885,67109,67110,81
200037,12000,22200,3804
71881,388200,388396,64
209033,500,500,29
36809,20,20,3
198417,1100,1456,5118
71841,69299,69399,9
62649,4012,4012,275
58489,4000,4250,1144
191381,2899,2999,7967
74701,92,92,147
128561,981,981,38
20677,999,99999,423
3669,2,3,34
58145,395,395,189
63317,1000,1000,9
132509,5000,5000,27
199189,202,202,21
198213,4934,4935,28
192957,14549,477500,96
86073,1241,1241,77
191861,425,425,47
34749,47,75,179
38989,594,594,1724
44265,21368,21368,4
109217,155,155,354
40025,20412,20412,6
44285,240237,240237,3
4389,1419,1565,456
176811,25,25,172
76595,5000,5000,4
40079,799,1200,394
117415,2500,2500,10
54619,6900,6900,20
56047,30,30,45
169139,100,100,8
112115,1908,2009,22
168499,715,715,265
80587,12096,12500,477
112183,9013,9013,16
128559,1191,1191,169
17119,1,1,1173
39991,349,350,21
38883,6967,8740,26
13459,523,523,47
36811,120,120,63
159867,40,49,169
13443,97,98,201
76139,2524,3800,334
74711,1080,35575,81
197779,300,488,6686
35759,139,600,109
200571,1517,1517,8
197767,292,297,30651
76543,481,481,20
34759,73,266,51
17307,803,803,1074
42743,2,2,2
52123,2021,2021,8
76567,120,200,56
3531,80,202,2610
158867,214,215,11
62771,148501,148501,8
24059,500,3453,19
3239,7,15,228
62271,22,22,8
171195,750,750,58
29799,145,145,8
22871,1470,9900,63
4607,1,1,19
39907,160,160,18
41375,4523,4523,15
3663,8,10,408
39527,95,17700,149
176087,97,97,46
203407,34500,36000,130
5263,25,390,163
53067,400,662,2071
29571,4500,6500,35
43571,19,4000,1786
38975,225,225,128
132531,9999897,9999898,10
53051,19,114,1932
17771,445025,899999,176
139339,75000,99284,178
128543,22453,22459,44
110647,2494,2495,18
128983,5000,5000,6
112295,2449,3515,13
6451,10,504,1171
129287,19800,19800,29
30511,520,520,1
33575,60,60,55
44315,250,250,55
40211,168,168,24
159467,425,425,61
178175,229,229,5
76131,1456,1500,2511
188835,1505,1505,182
158819,815779,815779,3
38951,64,64,153
108351,48852,48852,3
52751,763,763,92
5095,47,47,198
105711,82,82,16
112283,1501,1502,23
153567,98765,99351,6
100738,969,969,8
2798,3,9903,265
106870,30,30,79
11394,9,5000031,86
191322,498,906,679
154126,355,355,113
76558,175,99990,32
143634,999985,5879611,12
5118,99,99,11
38886,39981,39981,4
194826,4200,4245,3778
22794,1000,17700,491
52298,17500,17500,12
32218,289,289,622
12214,385,385,177
151122,686,686,48
132526,37121,37121,10
52118,2000,2000,25
62530,97,5000,16
34762,68,68,199
40078,200,200,89
163914,15533,15533,11
43658,500001,500001,4
109122,3500,5766,20
74654,400,1000,300
76694,1445,1445,224
200818,4805,4805,24
25466,1058141,1058141,25
45194,1,1,59
21558,1980,50000,150
133942,350,350,588
62778,200,305,1332
205014,850000,850000,4
43010,118,5000,1223
112274,1699,1699,17
58146,200,298,386
76546,184,184,15
62274,98,98,1
163902,19033,19033,6
7074,200,213,57
38778,272,851,16
190450,46000,80000,10881
108302,268,523,1467
200810,100099,100099,24
46766,895,1000,51
117474,218,218,26
120274,9001,9001,3
158806,200,200,14
139358,91403,100000,179
3170,1,1000000,39
200778,99929,99929,5
200038,12000,21374,3767
111662,94,4000,1620
136546,100,100,54
24282,98,98,5
60858,13324,19999,52
38810,41,41,233
18222,31,4800047,160
76562,1076,1076,45
179370,258,258,8
76502,195,195,168
74706,79,80,228
143750,84000,125000,160
38874,5332,8598,46
136574,47500,49963,12
198294,1035,1096,112
11414,972,972,6
162026,2544,3644,8
34750,108,108,91
136826,85500,125000,143
13462,29,33,57
185482,1200000,1500000,23
76526,117,150,84
43146,59901,59901,20
54634,136600,136600,3
32850,150000,150000,6
153646,9530,50000,61
24054,2355,3332,19
200826,1460,1460,16
147870,1507,50001,391
52142,150,175,4
113262,11,300,14890
183950,1493,1499,1675
188790,45072,45072,11
3010,15,453,6
179286,113,113,2
4586,8,8,41
201162,299500,9999988,4
71854,68299,68799,76
205242,299,299,3
134050,431976,431976,1
111450,41,41,33
108978,1446,1446,88
38954,1158,1158,74
205870,190,190,37
29450,6,6,20
31882,260,260,18
193230,6790,7490,11965
4390,79,79,258
158750,174,174,2
38926,5500,8469,7
128742,104450,104950,3
142262,8524,8524,5
191514,17319,17320,7
122346,500,500,43
113530,505,505,17
76642,1779,1779,12
32194,355,455,1391
4370,45,80,113
76614,5066,5066,3
46390,9900,10000,18
162110,9999914,9999914,2
104138,4123,10000,235
184202,19,19,42
23334,63,2031,6
128994,1541,99941,404
159850,2500,5000,23
39358,134,134,5
33874,599,750,363
74710,25,25,463
200834,8199,8199,4
155598,34,5000,80
39210,38,38,8
178546,809,809,4
111434,421,421,101
139436,88822,100000,141
130192,3,3,81
21072,27,27,17
201428,11085,19490,273
39992,250,250,8
44780,30,1500038,388
21592,1337,1337,56
73260,10,10,564
111656,30,17700,580
201192,99005,100005,8
184624,5400,5400,4
74832,335,389,1198
56036,1980,2000,10
62656,15,16,129
4600,44,44,41
200580,335,335,134
4608,1,2,330
127760,500000,500000,11
198304,1500,1581,318
7072,39098,39099,38
20876,66,4890,36
38928,40,40,560
71856,32157,33333,19
168788,970,970,12
199940,501,501,131
200568,4500,4500,23
112284,1220,2499,15
198496,15051,15051,233
129020,73903,100000,145
194760,4399,4416,1169
38936,39947,40055,40
46000,6662,6662,21
2740,19778,99978,18
52188,125,125,1619
158740,300,500,46
200052,399790,666923,55
68780,32445,32549,31
35952,12,12,23
201180,19996,19996,11
52124,453,453,19
193552,24900,24900,371
9336,81,81,4
38972,11503,180292,86
40360,8815,22907,6
176868,63,63,22
10308,1200,10000,204
193952,88,99,3975
115352,999,999,25
168592,38794,38794,72
86592,900000,9999900,505
25652,39859,39864,45
76656,299,1637,12
76700,1120,1120,71
81400,29,29,98
11940,69,69,7
18224,18,4800024,319
23944,1335,1348,36
168232,30091,30091,11
177040,19,19,480
34752,189,195,585
172936,200,441,1219
163700,50,77,33
172048,70,70,413
116812,1975150,1975150,2
55056,25087,25087,31
153708,1424,2000,167
77540,1100,1100,7
23436,38848,41448,45
79292,38000,38599,8
24276,59996,59996,4
76513,431,431,20
198217,400,1704,2054
59029,10090,13390,14
62677,5138280,5138280,18
62657,588,639,27
38913,10790,10792,17
76649,119,1199,14
185477,4967,4967,3
176861,150,150,20
168797,400,400,7
37705,800,900,6141
23785,14245,14245,81
90057,909,440000,58
54833,15,22,17
9197,9800,9800,112
33825,7427,7427,3
11941,92,1400,9
13453,4967,5999,834
71877,34300,34400,28
40105,6275,6275,18
40045,18564,18565,36
108357,15000,15000,581
40173,3998,3998,100
136857,184645,187313,14
60389,59,59,2
110617,400,3919,60
31677,505,5273730,22
180409,2401,2401,19
61997,74899,74899,3
179309,95,95,39
82445,2500,2500,36
79101,950,1100,6051
41485,280,280,5
34769,564,564,81
55053,200,454,1145
141213,2519,2519,9
32833,245,317,6
75037,180,190,107
151393,45000,45000,7
199965,22582,22583,19
168593,36380,36390,115
43233,444430,444430,7
42701,3500,3500,50
52301,19900,19900,14
52209,1999,1999,17
115805,800,800,107
81205,3,3,57
153133,9900,15000,11
130265,2899,3799,39
38797,168,170,1205
158869,350,400,11
108337,693,6000,5634
85585,9784,9785,547
141209,188,188,62
176865,80,80,159
194809,180091,200070,220
186677,2252,2252,2
25445,24,24,54
41461,542,542,10
62525,9968,10068,13
194569,3599,3700,3684
128837,219,219,11
24521,325,325,23
115353,680,680,735
194725,4099,4699,452
44497,5622,5624,56
112093,76,80,494
63305,540,540,146
8343,58,58,15981
200619,49973,49974,22
173035,8,507,11733
160483,150,150,54
71839,25000,25000,17
188827,450000,450000,19
52095,195,346,25
183955,865,865,699
108359,6724,17700,391
15871,200,205,28
37159,1200,1200,5
39927,223,223,35
21023,2767,2767,442
2515,100,200000042,1588
162559,125,200,16
172055,7,1307,47732
112271,800,800,28
109131,97,2040,28629
183951,265,338,2519
13851,42,43,360
168959,30075,30075,32
185479,53,53,6
56151,750,750,9
21227,113,113,7
39979,795,795,92
45087,45,54,3678
163075,693,693,15
192859,6345,16900,215
4419,20,25000,467
22851,700,800,82
172419,63,166,147
7071,300,399,1238
162027,55000,100000,126
28123,7777,394100,78
39947,120,120,68
59595,1500,1500,22
35951,25,925,84
74919,100,404,250
194015,33131,49500,212
106875,221,221,25
38887,78012,78012,32
80595,50,203,104
76631,2500,2574,14
4231,528,2528,3976
60491,2400,2400,2
19975,54931,54931,16
40119,1501,1501,90
23115,1131,1131,13
191495,29567,29567,3316
113911,9915,9915,1
118415,7500,7500,159
8831,2000,15500,2483
38903,287923,288026,30
110635,499,499,69
191327,1521,1521,8952
192659,200,200,7
38827,396,2503,7
137191,89042,100000,139
191379,449,7550,3864
40059,3711,3711,10
52147,35089,35090,8
32215,250,288,301
20763,5,5,15
57191,1100,1200,496
68055,27499,27499,13
85583,610,619,1648
133571,19,136,211
132239,293,293,5
18227,30000,30000,2
198295,195768,195768,3
41435,79,79,11
40171,1500,1500,49
158871,50057,99957,8
39983,125,150,121
182459,4227,42069,2005
38771,14,16,2180
200787,1391,1391,20
76659,695,696,33
38939,25124,25124,42
194035,1550,1550,33
200807,7636,7636,4
9179,1269,2933,338
159471,267,267,482
204839,209,209,4
77543,2572,2573,15
16023,10571,10571,41
136566,300,300,9
60406,50,50,12
188794,188,188,14
19282,8500,17000,6
75038,1000,2157,149
193030,1017,1049,55
172010,7419,50000,287
76134,422,423,704
200014,115024,116325,391
153666,1000,1530,68
79306,688900,688900,9
76138,2350,4900,317
71870,24919,24919,13
129286,6009,6009,37
27442,6500,6500,1
30814,9800,9800,38
42942,185,485,348
162554,125,125,67
44330,295,295,609
110638,4128,4128,93
127730,999999999,999999999,4
192938,61283,65592,2308
193438,2500,2500,3
28362,18900,394100,65
112090,650,650,112
10290,124,125,2555
29750,43452,51296,46
194790,14598,16600,53
68778,9000,9000,22
115502,7800,7900,805
11406,1500,7301,65
180410,39995,39995,1
52746,1494,3410,13
201206,400000,400000,6
108298,143,236,416
1630,45501,45501,1
76678,125,541,17
1702,100,4800000,33
39998,7795,7795,14
38882,2778,6787,8
43854,364,364,70
21562,389,389,34
180622,2575,2575,1
60394,90,90,6
108306,1900,17700,540
6038,23014,23015,74
17198,1439,1439,3
76130,298,299,1302
194570,3519,17700,595
25430,18,18,8
38766,50,50,3045
62770,17500,17500,6
76510,389,389,11
74646,390,396,326
71822,49998,49998,25
52082,1014,2014,13
770,930,4800080,3
133590,15,17700,669
188834,245,245,12
199058,60000,79800,35
184690,7500,7500,21
191318,698,700,139
11186,249,250,47
178106,268,268,6
155810,20000,20000,14
162674,600,600,1
58090,54,201,145
130218,175,263,11
76566,180,200,53
4278,3900,450098,265
56234,159970,159970,9
9334,7,44,37
5134,900,480025,4
182710,2376,2376,2
108330,158,3600,1027
188762,6500,7500,14
74662,14800,14846,269
172362,99,123,65
52090,540,540,13
42702,27800,28107,29
76894,19600,27000,10
10546,8514,8514,12
118898,6,7,27
38842,83,150,50
25414,500,552,54
142334,200,225,79
37702,780,900,7587
151386,40218,59018,5
88158,199951,199951,1
44774,995,995,13
40094,5018,5018,2
20770,7,10,6
5530,100002,100002,2
127714,1300150,2530967,5
52778,14147,75620,8
19698,831,9914,5585
23114,1131,1131,4
97546,1845,17700,586
133566,200,200,352
38698,13,15,99
35954,75,84,54
76682,1989,1989,34
21546,18457,18458,102
198174,1500,17700,122
34850,300,297000,45
108342,198,3600,808
172146,421,421,4
40098,1398,1398,10
58866,11000,11000,2
23110,377,377,9
115354,47155,47155,9
197750,70,89,11335
197758,120,120,261
133586,1776,1776,90
60378,18,18,22
158754,60002,66202,17
129002,10000,10000,11
954,46,10000,400
58266,50,50,35
41446,150,153,6
128990,45916,45916,4
194870,12376,12376,6
201182,89994,89994,5
76686,115,556,14
128542,16293,17930,61
43646,24,25,451
86070,1300,1300,59
61998,39168,39168,3
192914,375,385,302
191386,950,1798,49506
42998,232,232,9
108356,799,17700,418
44328,200,43525,94
173168,30,30,2365
140296,2519,2519,10
44616,782,782,25
128980,9000,35568,21
118632,600,600,170
27668,20,2500,3345
180348,2965,2965,1
155600,4900,5000,13
74652,2099,2099,151
4776,1,2,2
76568,100,200,42
147776,1200,1200,119
28452,9,25,23
20424,129,9900,1568
32720,99965,99965,178
76548,275,300,55
25868,150000,150000,43
130220,15000,15000,59
9264,4499,4700,323
22836,170,170,129
200036,4400,5200,732
39912,254,454,30
191520,2503,2503,22
163844,500,600,13
189148,400,9950,1230
76520,200,490,64
52976,562,1073,61398
2452,361,1600,69144
43000,1800,1800,5
109132,120,2500,3582
118008,3000,36000,14
23104,79,80,32
123956,3512,2830874,85
38796,180,180,87
115808,154,154,31
39360,448,448,17
34860,15000,18717,3
32224,99,111,323
198536,3230,4626,693
140276,25,25,93
6316,400,500,27
76136,599,802,3091
158188,1065,5570,8400
159792,3225,3225,23
30820,20,20,7
11416,285,297,18
64392,23766,23766,40
13512,41996,41996,171
27636,58,58,24
20544,346,346,13
173092,40000,45500,39
106824,300,300,77
2772,785,920,1282
127716,2499904,2499904,6
198240,2900,3740,150
83092,2275049,2275050,39
59596,266,300,94
3176,20035,352145,9
197852,457,457,291
192704,39000,150000,38
60396,73,73,125
163904,60033,60033,9
58144,6876,18525,140
159756,182,183,22
52784,2700,10589,36
198492,500,599,2022
31912,500,1234,29
40125,698,698,129
40133,2567,2567,40
30813,170,170,42
23573,11900,12500,1045
173761,700,700,528
110633,361,376,56
200049,120087,120088,629
66945,107916914,107916914,4
17197,1400,1498,284
3013,83,10000,347
194693,416,416,449
114017,65,107,74
5237,23096,23096,28
200565,5390,5390,12
33549,24,24,47
205173,500000,500000,191
180457,11400,11500,1290
6373,170,3600,112
38429,6511,6511,25
52217,3234,3235,29
198441,1088,1088,827
49397,190,190,12
108345,300,17700,279
178177,2588,2588,3
192701,2590,2990,8
40165,1000,1000,25
18641,310,310,56
200105,64,64,18
110649,2096,2100,13
23353,601,601,47
71809,33387,33387,449
162113,999999998,999999998,1
127737,3499800,3499800,3
128737,420022,649999,4
24281,170937,170937,5
201813,1900,14226,77
74721,285,286,27
179293,15057,15057,5
193021,19588,19588,92
60853,256,257,261
3177,6890,493329,36
92525,599999999,653021847,5
62269,62,62,4
5329,50,99,6
41381,1255,1255,15
29581,850,850,10
44573,108,1135,78
173161,22786,22786,550
199937,1625,1750,8
52085,394,3309,13
192709,8800,8800,11
56517,149,42074,34
153633,591,591,11
163157,901,901,58
71857,56600,56810,22
18045,63,63,100
201313,76328,76328,167
144285,999999999,999999999,1
153609,4972,4973,11
192841,390,1000,34975
38917,3863,3863,41
961,1,1,44
3389,950,9900,440
193213,59,599,68879
184049,25000019,49483719,4
76547,176,176,47
153603,2488,3900,15
76611,922,4245,2
71851,156900,157199,30
13363,184,184,5
8839,1500,7500,2931
38867,19,19,414
133579,7812,22500,250
41483,194,225,18
4875,981,991,3
158863,119,119,34
76895,9773,9773,16
203411,12400,124400,31
89679,1393,1393,71
76083,400,500,200
44571,88,88,250
108299,3800,5997,565
205459,230,230,17
107663,10000,10000,4
159919,85,85,13
17303,300,300,1333
201163,996,996,5
6299,4,4,14
62523,111,111,2
71843,119000,120200,18
128995,8500,8500,60
80431,499,17700,758
52767,80,80,100
140567,49000,49000,37
153435,50,50,304
129003,35074,35074,19
76515,241,543,15
22847,2177,2177,590
25895,179911,179911,12
12607,12064,13064,267
191331,1019,2897,558
192727,2284,2284,18
22375,600001,600001,2
71835,23821,23821,17
76655,985,985,3
197787,4762,4762,4785
200023,19900,20500,2546
52247,29362,29362,5
44331,500,16525,78
76531,100,216,12
169115,257,257,5
41443,189,189,11
2931,3489025,3489025,1
42994,450,450,7
132530,400000,499999,7
39950,17693,17693,6
52214,11735,11735,10
43386,12023,12500,243
200798,90006,90006,25
19974,4500,4500,34
168310,85,91,2428
192714,100000000,100000000,1
38466,900,900,38
79290,57500,60000,6
112282,35000,50000,19
76542,230,244,14
40154,2845,2845,41
132982,93586,93587,9
49110,89900,89900,29
13466,1800,1899,6136
61986,75,85,137
169446,2578047,2578047,1
38430,88,2588,84
52206,24997,421800,31
52114,155,4329,7
2734,16345,99945,22
177062,1050,1980,3541
128314,59000,69500,241
76690,154,155,14
71882,456391,456391,48
105702,1998,1998,43
13934,970,970,29
40026,4914,12601,9
192906,274,288,24
153634,476,838,27
10918,5,5,47
62786,397,17598,1435
52110,1301,1301,36
192690,8999,8999,3
163158,1212,1212,16
139438,46848,100000,137
62522,177,177,11
107462,2989,2999,14
44722,75,100,46
30466,5000,5000,15
79302,35022,35555,9
111458,400,800,870
52302,2275,2275,43
52186,3498,4300,70338
41486,3485,3485,13
41106,76,76,1
151394,10000,39950,12
1686,136600,136600,6
177026,120031,120031,8
198306,49899,49900,98
158830,72500,72500,1
82450,15,16,39
10514,392,392,340
56150,5685,5742,45
21226,300,300,13
29570,23045,23045,6
158850,2048,2049,3
44206,9930,9930,3
193450,49900,49900,3
40182,6500,6500,72
29562,1400000,1400000,9
71834,24980,24980,12
138986,2594,2594,20
33546,20,20,5
115470,6799,6800,13
40142,6415,344800,59
112294,500,500,8
79314,13512,13513,4
77542,2000,2250,6
40106,3017,3031,17
5122,499389,499389,17
111650,98,17700,534
182714,235,235,7
39334,603,603,5282
19278,20753,349089,3
23786,147800,148000,67
126934,100,500,143
4558,81,81,9
10586,19999,19999,84
52210,250,250,5
52094,90,90,2
203414,18500,35429,630
41094,9000002,9000002,1
19026,589,589,11
39774,6654,17700,318
4594,1132,1132,397
4814,118175,126599,16
81410,13,13,11
37094,160,160,34
56204,9,9,10
128016,46000000,50000000,5
179004,1108,1108,7
22376,215905,215905,2
133576,100,100,3586
52752,150,200,55
41812,165,300,2634
191336,769,799,90
25724,1070921,1070921,1
52212,27500,421800,19
200832,530,540,86
4340,22,50,3473
42964,199999999,199999999,1
44456,94,1332,131
158760,249,250,24
11284,8989,9089,15869
79312,154664,157037,4
144408,46640,46640,11
37140,3492,3635,24
39340,3350,17700,465
113992,187,190,51
169220,2424,50000,181
198208,596,727,84
152544,132,1999,15268
153480,9999,9999,95
178216,1500,1500,8
12800,2499,2499,2123
111652,179,500,462
108300,591,600,1418
192848,258,396,60879
106888,305,305,75
67444,500004,500004,18
127836,36,40,221
23116,95,100,85
28420,18,48215,293
177256,8000,42249,11
1180,151,151,778
10940,64,88,189878
2604,2,50,276592
38780,37,49,206
111664,100,159,45487
117452,300,300,93
27500,10,10,58
2836,5,16,83576
199476,75,75,18
173040,12,13,24
9332,3028,3028,69
44752,40,40,12
4428,90,90,3
152296,9900,9900,13
38372,11250,15000,44
128720,150001,150001,2
87392,11356,12500,236
52744,39,200,110
90556,40000,40000,10
193556,69897,69897,114
82328,3,3,112
38908,888,888,17
43480,7999,8386,478
17032,7570,7570,52
191508,6200,6200,9
4236,12999,25000,685
117472,7819,7819,4
40032,5049,5049,3
76624,2027,2027,3
113576,280,280,30
31672,100,100,75
74860,1300,1745,2324
191516,6500,6500,610
38932,399,1296,6
82960,241,241,136
3168,853379,853379,26
20404,369,371,21972
74716,81,81,143
8544,20,75,224
163912,242946,242946,1
172412,183,183,128
153636,900,2049,8350
33460,15,599,1231
15412,491,850,721
108332,145,3600,3605
153036,94800,145000,196
68140,358,358,237
32464,350,8635,1913
21224,114,114,76
127720,6783115,6783115,2
76888,6210,6210,21
104316,9000,25000,6353
197856,592,592,1047
188948,2067,2067,28
38944,21994,21996,71
130904,1340,99900,2780
9317,20424,90099,50
41401,48574,48574,5
153621,2500,2500,12
40085,20078,1024778,3
161373,121,123,145
1529,300,422,5095
182761,1776039,1776039,2
41497,222,222,6
38785,15,162,1307
39957,395,399,13
40001,1008,1008,108
30457,25,25,6
187933,97528,145000,252
193945,3095,3095,124
6049,100,100,50
201165,102,102,4
79285,49004,49004,7
76665,540,541,20
38981,1596,4571,22
200681,36900022,36900022,2
52293,40048,40048,11
163117,75,250,84
153445,31543,31643,19
43381,199999999,199999999,1
40041,800,900,96
172357,237,416,19
44273,67572,67572,3
46765,234,243,17
24065,300,5037,11
4361,30,25000,200
128985,3000,3000,3
37101,60,60,47
128717,50051,50051,5
182733,1300,1300,42
120329,1501,1501,2
201193,1500,1500,16
15417,362,410,1155
107461,89,89,14
159849,400,400,40
39209,20,20,78
118565,9702,9900,77
115809,5500,5500,15
38993,169,169,61
5569,10,198,11
54837,1400,136600,10
55973,200,5000,36
58265,7597,7597,17
74921,682,682,5
76657,1149,1150,13
10305,900002,900002,1
55057,4613,4613,20
60493,1598,1598,4
76591,177352,327426,2
3775,3161,3161,17
194871,4553,4553,12
52227,562,562,13
45987,2500,2500,8
178539,649,649,88
38871,53999,61626,165
76607,5000,6706,3
140339,2504,2504,20
38371,35000,240365,68
136551,498,500,12
191363,2211,100090,1941
116407,80985,80985,9
178131,10000,10000,3
6051,70,75,443
56159,1339957,1339957,2
200623,422219,422219,7
31899,300000,300038,7
11387,1700,3516,5
105707,20000,20000,6
153219,9999901,9999901,1
173171,4899,4900,5171
115355,74,74,19
29111,6390183,6390183,1
40091,3548,3548,13
194695,1075,1075,239
158831,145,145,153
39967,347,347,12
168419,6500,25000,359
34755,1510,1510,40
124119,800,1064,12074
76523,28005991,28005991,1
185483,60000,321018,11
194863,11900,11999,1697
128839,19,19,4
25447,400,400,18
187823,12500,13000,140
9399,500001,500001,379
4655,29700,30000,179
187827,17500,17500,16
194723,800,1008,83
39223,370,370,1
139315,90998,100000,258
112095,3500,3500,1
166583,14992,100000,122
163147,1027,1027,127
43231,444424,444424,6
140355,50000,50000,1
108979,186,186,29
38863,47500,142133,24
3107,100000000,100000000,233
10507,1999,1999,84
3727,133,977,21
40055,971,972,26
118899,142,143,2
76667,999,999,24
12207,74,215,1902
188811,2000,2000,6
130247,90000,90000,32
2751,45000,999999,18
29534,55016,694099,23
13930,199,199,117
36810,16,106,14
52074,5050,5050,8
33042,347,347,203
176854,4800,5000,9
201046,2832,2890,2126
169138,43,43,55
3030,4495,5000,4938
44782,600,600,4
130202,10034,10034,40
194850,2322,4920,1902
119022,349,349,1
44274,343050,346515,9
20498,250000,250000,1
128714,126262,126263,9
44466,3042,4451,23
34754,500,500,31
2730,55600,99999,45
38822,39,2220,66
163098,2500,5000,16
2930,1941938,1941938,4
79310,50000,50000,4
162574,1700,1701,42
44762,2000,2000,8
6042,2700,38936,196
111438,100,300,460
44574,451,451,40
27662,124,125,134
32222,321,321,459
132230,1100,1100,6
168506,1500,1500,253
40086,3129,3129,21
52246,9884,294800,25
36814,27,27,10
158770,2000,2000,5
45200,79,95,70
38924,173721,173721,31
38816,69,69,21
198260,4750,4750,2001
6452,32,2500,402
46376,844,4499,704
8932,7,9,59
39996,34400,43499,23
204840,399,399,10
89680,1157,1157,25
179372,500066,500066,1
28468,4065,99999,20
177660,225,250,4802
204996,279000,279000,412
35720,800,1999,3933
198504,1000,1250,245
136636,425,433,80
40044,19817,19818,16
1080,25,17700,608
62784,8,11,3073
127368,16650,16650,7
36816,2073,2373,11
195456,441,441,205
52244,18855,19994,55
36860,5890,50000,15486
2460,3000,3000,1191
18236,150,150,12
62276,297,297,6
52232,8067,8067,9
168448,31075,31080,167
168312,2815,10000,116
169120,7204,7204,6
111436,65,5498,1137
163152,990,2090,129
171436,29,40,553
201424,79,79,792
81196,5000,5000,49
194788,18800,57450,162
200032,23559,24033,5821
57192,77,77,205
63348,600,700,3
4380,550,550,87
87228,1500,1500,10
161128,248,248,2295
41100,3733,12495,382
38912,113,113,260
130216,190,230,267
192712,2000,2000,26
128988,20099,26337,9
38896,13939,149766,67
27660,40,40,98
104120,1325,1340,349
25456,9,9,46
40076,1000,1000,129
173048,14715,14816,69
22824,1400,1999,425
76644,1105,1106,11
4580,273,4800092,9
19272,11088,11109,2
87580,387,10000,234
109628,345,17700,102
192920,9904,17870,60
172368,250,361,334
133680,191,201,4696
17304,1195,1207,1482
192664,180,180,15
9312,75,93,324
33824,5700,17700,620
76512,410,410,24
21024,2400,2400,4430
192620,61,61,166
5740,425,425,240
81924,17,17,43
142264,1937,10016,55
201408,826,1000,1589
23984,1,14,1497
52292,25547,25554,15
2732,50000,330885,24
71720,73600,73650,46
168828,17100,49800,16678
158848,58,58,22
39552,5347,5347,6
58092,347,400,576
3665,2,2,363
52161,5000,477500,17
68785,23575,46855,44
172437,2500,2500,1654
52205,3396,3396,10
52089,100,2108,11
40157,2000,2000,36
193941,4950,17700,230
86069,87,87,183
201729,30038,30038,1
112281,4433,4500,7
94645,53846,53846,9
1477,5,87,2115
200029,48000,60066,2193
32209,831,831,245
119097,4924,4924,11
52021,25001,25001,16474
44757,38,46,23
168313,371,391,565
198505,8400,15050,196
153673,6391,6391,65
179017,5508,55018,2
44157,1000,1494,24
159785,20412,2045036,132
39549,140,140,34
43501,100,17700,479
200825,149906,30000096,5
44289,10000,10000,7
4481,1900,1999,9
2453,368,756,35858
6457,199,100531,6
127849,2100,5549,96
205869,2500,2500,3
41369,20000,20000,2
117441,1162,1162,2
158817,100000,100000,5
38769,157,165,114
38829,33,40,488
200845,9915,9915,8
177841,59982,59982,1
39317,20,20,10
86597,29999,30000,15
138285,122,122,19
107469,24,36,118
108305,803,17700,777
22525,26,283,88
23737,49,49,146
45189,275,275,4
143853,9900,9900,2
18633,81,81,34
19273,15855,15878,5
52785,5997,23353,51
5137,44,5000,88
3825,1210,5999,653
813,148510,225242,14
183953,235,235,572
184393,1950,3025,14
192921,19195,20225,173
23113,155668,155668,4
38809,195,2379,35
151585,5900,5900,77
35501,250055,250055,21
52225,1096,1096,22
5829,9,9,9
44501,120922,124922,61
44465,996,23058,63
179993,2821,2821,41
40113,3300,394800,38
19705,1799,33264,3880
200061,2900,4259,29987
21559,124,50000,165
62239,90,95,794
39567,585,655,15
182775,88709745,88709745,1
23099,161,1325,25
204623,1085599,1092799,32
39343,689,689,2376
46391,990000,990000,6
110627,97500,97500,34
19227,3200088,3544488,4
83095,68,69,58
52103,5016,5020,31
158783,350007,350007,2
193935,50099,72299,6
25443,1001,4800001,11
130215,200,210,61
128159,72499,72499,2
158823,428,428,13
115811,9900,10000,17
56051,1188,1188,11
111447,125,1000,124
178127,62,62,34
62251,1220,1220,41
25435,12,12,63
205699,200,200,9
40035,315,315,255
58143,3589,11057,122
40023,1837,16317,10
120959,1999,1999,88
52687,150,1709,14
139175,3256,3322,141
39939,3364,3364,2
37143,1164,1201,27
192907,118,189,35
159899,90,90,22
198315,220000,220000,231
198502,15051,15051,442
52086,450,498,13
3726,183,183,6
41166,1154,1282,72
21030,10000,10001,25
108346,481,17700,118
18286,1000,1000,8
41470,1810,1810,3
25650,224,225,353
170554,1250,1536,28671
18254,512,512,60
40162,2056,2056,30
38998,70984,71084,26
184050,11711571,11711571,1
166270,28,28,11
24510,5015,5015,7
200766,21800,21800,8
163698,75,75,11
23978,4990,4990,8
204838,100,100,10
128718,799995,799995,2
3402,75,75,5
172902,495,495,12
19230,3000,3000,16
76142,2461,4895,538
44082,12999,12999,1
184682,1580,1580,37
74726,3890,3891,45
128842,2352,2352,37
191330,3887,467200,611
63318,199901,199901,3
71826,59900,59900,3
201194,30088,30088,10
184394,50000,50000,1
18234,806,806,5
13442,3036,3036,48
192842,596,713,25730
180732,3,6,45435
12216,99938,99938,7
40088,748,748,21
22456,5490,5699,1846
52760,9000,119284,70
188760,13000,4800062,18
87232,1199,1199,31
44500,129055,133955,32
71852,38855,49984,34
153440,100,5895,137
2888,125,150,98
41400,5132,25301,31
20864,30,360,503
194856,1249,4653,1234
175960,200,5000,29
188836,700000,700000,4
67388,7999,7999,4
4604,7,8,121
41456,869,869,6
2680,40,45,296
173908,498,700,12
139348,66000,100000,113
200808,588,588,94
171428,2625,2625,10655
44272,44550,45000,5
112184,1601680,1601680,2
158756,1700,1700,2
108352,2500,2500,450
89676,37448,37449,3
38904,13619,15900,24
6052,900,900,206
20004,10069,11969,499
22644,25,14888,11377
52236,12112,12113,12
193368,350,742,32840
176852,130,130,16
41492,1735,1735,15
5432,9073,9076,8
41480,249685,249685,11
76092,50,50,103
5376,6800,6900,8
111444,22,100,1869
41436,277,277,13
193936,50364,50365,2075
173192,35,35,96
6304,9999999,9999999,1
61992,60072,75072,4
205872,1021,1021,8
191944,35,49,5873
178132,322,322,17
162516,3074,15074,126
9088,10000,10000,128
172408,147,175,1294
21752,125,225,1322
192912,1465,1465,2997
44332,600,1000,255
200800,599,599,88
74712,83,85,86
6456,1100,1100,9
13932,99,100,181
193928,469,599,235175
205244,8021,8021,3
139288,79983,100000,179
40124,3090,3090,28
23120,968,968,8
41584,1000000,1888301,5
39212,25,38,26
114836,212,4899,1395
168636,9499,9800,302
9060,9500,9500,103
167548,941,2041,117
184392,279,2000080,9
23100,83,84,146
38376,16875,86916,32
39980,196,196,11
174284,28,28,56
76528,155,200,35
205172,443300,443300,52
9260,99,107,189
52296,4581,4581,19
200020,68429,68439,2441
140668,593,593,49
200305,850,1000,33
163913,200033,200033,4
6293,499,499,17
159789,4400,4450,94
67397,23,24,6
192849,740,12568,392
192937,17324,477500,50
118901,16,18,9
18645,2400,2400,32
82449,26,2526,25
173049,155,200,59
39965,168,168,12
188789,2000099,2000099,4
13457,147,147,719
179985,79,79,9
128845,200,274,34
174209,24000,24000,5
74725,1890,55016,6270
162557,100,100,9
32413,500,500,163
168449,33340,33340,69
63313,40001,40001,5
136597,35000,37299,25
37201,105017,105017,17
76605,5530,5530,1
35761,377,388,63
2745,20727,99986,22
32201,300,392,262
134053,500,500,5
25409,18,18,36
141909,27600,31082,94
204613,38800,42500,28
76537,200,223,25
76509,100,150,48
38805,51,51,78
23841,1039,1039,88
5833,8760,15001,71
2289,5,87,2938
154129,357,357,146
127845,549,18835,313
23449,100776,101000,610
21557,273,50000,194
29577,4995097,4995097,98
38777,30,30,514
198437,17553,18453,44
62653,137,137,36
44469,1435,17032,64
108361,7641,7641,67
43653,49500,49500,4
180057,1498,1999,13
8953,7,7,7
7965,20,20,79
71829,51395,51395,11
172361,36,36,100
122345,100,100,44
147777,485,485,11
170165,10096,100000,153
40153,11422,11422,10
39969,203759,271729,6
162677,3029,3029,5
76661,595,595,6
38965,15548,267332,70
86057,86,86,120
128761,132,132,15
111445,14,2950364,469
195457,425,425,13
22841,7190,7190,68
12809,4000,99933,609
168529,1500,9999,498
45881,15000,15000,12
178537,5000,5019,7
113261,54,200,7127
12645,14991,14992,8
42429,100,177,88
90457,4500,4500,3
139345,4000,4000,58
39961,100013,100013,1
1081,250000000,250000000,9
15997,1200001,1200001,10
173053,25098,50000,169
133913,9700,9800,80
203865,4599,4599,916
5369,125,125,9
127681,4949,4949,2768
185481,3000,3000,31
22837,815,1406,11
34825,39700,39700,3
27657,128,132,259
158873,1899,1899,118
76693,899,900,33
20535,45,45,6
105719,16486,16486,9
52763,341,345,32
127731,6742800,6742800,1
43015,587,587,117
170491,319502,319502,4
45979,2500,2500,5
38775,50,50,219
128735,20000,23449,4
71847,59895,59995,11
192703,3105,3105,8
194811,5100,5300,84
34767,1563,1563,161
194751,7500,11800,2125
201203,19999,19999,11
39559,2472914,2472914,16
67335,4154,50093,1666
58275,577,577,38
34411,50,50,94
163399,6968,6968,3
4395,4993,4993,14
44759,30,30,7
40011,1498,1498,132
100739,1,50000,417
76623,91970,477500,3
41455,225,225,10
40087,150,569,119
32079,200099,200099,7
41395,6572,6572,10
108355,360,17700,334
32211,286,288,258
41479,495,495,24
52215,3957,3957,30
136571,350000,395900,6
89739,300,300,7
41447,665,665,13
128015,220869904,220869904,1
38919,8099,8099,50
103795,5017,5017,8
6947,261,261,29
168755,2978232,2978232,13
197847,220,220,127
67407,78,79,8
108343,100,3600,2384
79311,79900,94450,14
8151,590,590,43
38263,49915,49915,1
184391,273,48000073,15
40115,3020,3020,16
39003,1110,16348,84
16747,1500,1500,3
40215,2500,2500,11
39551,1960,1960,14
132211,927,927,2
193387,299,299,1
200771,4000,4000,8
69863,2200,8798,7
23383,601,601,108
128739,14999,15000,5
76095,40,40,534
42431,1000,1449,57
13366,2532,2532,2
32226,104,105,299
86574,550000,550000,8
76578,3000,3000,19
1222,195060,195060,29
15870,44,54,94
13926,38076,38088,3108
204234,2500,2500,21
158822,2033,2033,1
54834,999,1000,20
28486,4292,4293,60
76622,477500,477500,2
3702,17800,17804,6
22866,1875,9999,290
103786,1921,99922,29
52226,1654,1654,3
41338,470,470,61
191502,58,58,58
4426,22,38,729
81402,340,344,128
198318,239000,247666,529
10310,9,180,61
43422,2,2,5
163898,15050,15050,8
76618,1000,1400,8
120330,1501,1501,1
36758,52,52,26
76518,361,361,28
62278,500056,500056,1
5082,300000,300000,88
2894,5,5,1466
140286,15000,15000,19
153134,89500,90000,6
151390,99096,99096,45
18594,5000,5000,110
40058,77560,77560,3
187850,12575,16899,55
44770,5075,31061,17
54626,1000000,1000000,1
42428,2064,2064,35
133592,160,161,955
44084,12999,12999,1
128312,3484003,3484003,7
114016,291,292,73
41380,6603,6603,20
205692,698,698,335
132184,20,20,98
33872,169,373,189
151124,223,223,121
62680,994,994,199
38948,19281,19282,85
22324,624,624,45
18588,950,950,29
173128,1081,2000,1190
62000,20097,25097,3
13456,1108,1108,1016
29536,134169,1274279,12
56200,25000,25000,8
112156,8888,8978,259
191940,6400,6500,1360
128304,234,554,35389
128844,1461,1461,40
173080,14999,29900,58
52204,13031,13031,27
3180,514,514,52
45932,1600,1600,107
168652,12500,39999,719
24036,2000,62989,23
71876,82397,82498,20
137644,500001,500001,1
113276,490248,490248,3
6296,756,756,45
23756,5,10,92
38832,1215,1215,42
170164,57491,57491,35
172008,900,50000,408
38800,2867,4890,15
52108,377,4329,5
199060,5429,477500,180
76892,5840,5840,10
34768,135,135,48
115812,6598,6598,11
52148,34662,34663,5
163140,2066,2066,364
71872,59988,59988,27
136544,998,999,12
39684,14590,17500,1841
185476,1200,1200,5
158936,900,900,1
13928,1990,27090,464
76684,550,556,12
38768,32,32,1208
192644,163,163,953
176876,189,199,11
168412,22495,24000,381
47556,549,40046,4239
108980,292,292,35
8172,1025,1025,1132
173124,2000,2000,1211
129000,40000,40000,66
52772,199,199,68
43400,10995,12500,196
41376,15067,15067,7
153620,6500,6500,20
163132,495,500,35
4852,25092,25092,2
44156,1500,1500,7
194724,399,399,21
112180,6399,17700,212
116172,4091,385000,107
59229,30000,30000,38
184201,330,330,39
198293,250,427,219
6453,8,45,193
11417,10041,10041,2
68357,15881,294800,44
12205,30,36,3077
39933,100,213,4
21593,387,387,5
76621,44997,44998,6
39353,20000,20000,5
11385,689,699,4
140337,2508,2508,19
132185,949,950,3
191365,6769,6900,69928
162561,100019,100019,2
159845,495,495,7
40361,19999,19999,5
38845,47,48,235
62017,54472,55577,22
168641,380,390,250
185737,140000,250000,10
163921,4511033,4511033,1
155605,37,37,25
38821,3019,5629,23
193893,122,199,17235
192961,55995,59900,1564
44953,850,850,3
60397,99,99,37
22797,199999,199999,7
2749,15022,999922,13
119101,1184,1184,67
89329,194,194,62
136565,7620,7620,2
152561,355,355,176
32221,400,497,156
103789,1000,1000,26
39349,4666501,4666501,9
63025,2968,2968,1
140321,2500001,2500001,1
40109,740,840,146
32727,3368,3368,4
54631,130002,130002,11
109223,55,502,189
52295,32846,32846,18
20007,6000,6000,405
32063,611,2070,232
105703,7920,7920,35
71863,50925,50925,13
33547,90,90,6
90047,499,500,5
185739,190,190,2
63307,1300,1300,170
136547,125,125,43
172019,4000,67174,39
1175,6000,6000,6
163919,30033,30033,5
41499,460555,460555,9
119095,3464,3464,29
197851,290,290,539
62003,120000,120000,3
21927,999999999,999999999,1
37603,2082,2082,24
128847,383,383,38
74659,1500,17700,453
20543,2755,2755,10
5567,141,141,4
162567,2569,2569,4
187711,10012,10012,2
155635,34,38,54
205171,1499998,1499998,2
25719,998,1900,5730
19263,45056,45056,3
117439,181,181,65
52338,9999999,10000000,3
40150,4599,4599,50
88530,150013,150013,1
200050,450019,479921,173
62002,109999,109999,4
16006,78900,78900,77
20418,99918,99918,4
60578,132,132,11
201466,50,90,31621
192926,39997,47860,7
8846,1500,2437,8225
37602,19488,19488,21
44266,1471,1471,8
76078,360,360,418
5478,170,170,8
176810,2213,2213,1
40118,2856,2856,50
16166,1998,1998,20
151774,1997,1997,20
21590,1364,1364,24
21574,3085,3085,104
39958,436,436,10
168786,955,955,8
200830,13156,13156,42
193924,380,639,349550
62268,68,68,21
55984,491,4800095,19
76600,5024,15025,9
191864,1601,1601,5
200796,23900,23900,14
83764,19500,19503,242
36824,10000,10000,1
52088,440,2101,6
20868,63,64,38
191872,6070,6071,377
2596,5,200,379
16040,95552,95552,34
142336,50,700,19748
5128,50,60,5
180060,9000,9000,174
1696,22,26,41
194692,300,300,350
32468,32,35,666
38804,188,500,84
3824,2998,2998,247
109120,400,400,6
71828,52732,52732,13
112276,1485,1485,9
41396,3117,3117,14
8836,109900,250000,1174
198312,119488,120088,502
43696,169,169,20
38876,6584,9786,23
106868,170,190,20
128984,2580,2580,10
163784,50,50,250
82344,495,495,38
169116,16,16,24
76560,600,1076,24
41432,4973,4973,4
41460,1070,1370,8
110652,4241,9244,103
4536,1,1,83
81204,50,60,18
52220,294800,294800,30
29448,50,50,7
200028,28000,111160,1673
173172,999,1000,2147
190380,23600,100000,147
2456,122,122,663
12224,100,118,81
52104,400,1570,8
27664,94,98,163
24476,237,237,316
4480,5,8,22
36812,39,39,308
192945,56198,59998,1315
151121,950,950,42
6037,600,9975,1831
41441,200,200,7
40049,37890,37890,7
40057,3080,3080,27
41437,1000,4681,7
163153,1145,2045,154
201697,3700,3700,403
127765,805750,813889,6
112181,17699,17699,406
39977,468,468,9
132213,666,666,3
153625,7672,7672,3
4421,3208,3208,37
76641,232,232,22
52145,2498380,2498380,2
197721,2135,2296,441
95481,5015,5015,284
77529,57598,529649,8
27857,14,14,17
167861,960,1045,1092
112289,1431,1452,25
52241,7500,7500,9
42777,9,9,42
35625,4400,7500,5854
103797,500,500,20
41285,15000,15000,8
134049,306164,306164,4
192973,9500,10000,29
21881,200,500,22643
76517,240,543,16
52229,6587,6587,54
52117,300,8066,7
49625,198,198,4
68741,2496,2497,22
182757,485200,1764200,2
23773,555501,555501,13
5205,95,95,20
133589,192,17700,261
32725,1525,1525,4
38869,1317,1322,39
128727,9000,9000,3
4367,458,458,83
114931,489,490,43016
163843,300,300,4
52231,6020,6021,13
32947,50035,50035,72
54835,4052,4052,2
153647,41,41,8
60391,10000,10000,1
190235,999900,1000000,176
178107,203,203,3
76619,250,250,13
54831,10,10,80
182715,479,479,1
44619,70000,70000,141
6291,4,333,5766
82343,84,84,29
6371,1275,1324,2642
76627,1006,1006,6
76571,5979,477500,16
19283,29485,29485,7
64395,36969,36969,29
179023,1396,5812,9
163639,200000,200000,9
200059,63183,80936,228
38799,40,40,83
42411,76,76,8
38999,8900,8900,31
40147,8400,8400,27
132235,15000,15000,1
1711,50,75,2581
180475,192,192,1
29567,132,132,4
42415,2,2,5
29535,486581,551760,8
4479,49,555649,2
67507,25,25,14
39550,155997,155997,1
24030,47350,173575,20
36802,1020,1020,1
186662,59900,59900,280
39570,500000,500000,2
176858,7955,7976,4
4422,25,33,102
163054,4004,4004,18
101630,2500,3000,7
4554,500000,500000,3
200574,2791,2791,8
199938,90000,100000,101
42410,2,2,5
38266,4000000,4000000,3
40090,2793,2793,17
71874,64700,64900,25
23094,208,208,5
28458,20862,20862,141
43330,2000000,2250000,4
93970,1550,300000,21
138982,2519,2519,17
163558,40051,40051,3
127762,899801,899801,2
32410,50088,50088,15
28058,2027,2027,22
128498,185833,185833,24
41502,1447,1447,1
23386,50,50,3
187190,300000,300000,1
192708,11500,11500,21
74644,449,453,151
166728,2000,2000,7
198196,36379,37512,6449
187648,18020,18020,41
71836,51549,51549,7
173360,350,400,44
4596,186119,186119,9
133564,396,400,733
34220,327109,327109,5
204092,1699900,1781900,246
62512,5990,5990,30
20448,500001,500001,1
69840,250000,1250000,8
130248,95000,95000,13
85584,290,298,1636
138728,22,54,5692
5136,2,60,49
200304,75,75,72
52128,2021,2021,32
151540,91260,145000,206
169152,150,150,513
10920,999999999,999999999,1
163920,90033,90033,8
187888,138073,150000,142
168500,10566,19999,313
4392,6914,6915,22
162560,1000,2900,23
71848,63800,63900,21
76080,239,16525,99
180404,5500,11200,4
76620,6000,6201,6
158872,500,800,9
199976,7988,8098,120
76544,290,290,13
82444,15092,84915,66
38848,755,755,135
12208,19,88,30342
45980,2200,3300,6
180624,55,55,1
19280,8008,8208,7
2684,85,85,122
39000,7357,23097,36
27676,21,4800021,73
158752,300,480000,29
24516,150,5000,55
161348,1000,1000,2
3388,198,3600,999
136856,49700,50000,99
187812,42500,50000,32
76640,200,200,24
90044,765,765,5
187836,40000,40000,11
163692,160,414990,11
203416,38899,45000,207
129284,8025,8025,12
38824,250,1528,28
31868,435,435,35
5124,4,5000,105
4400,146,146,1299
28104,1988,1999,1368
201184,69991,69991,3
36924,2500,4924,1526
52133,943,14869,9
163137,1000,1000,125
128017,7737449,7737449,4
153613,3545,3545,3
16169,1431,2501,27
168789,65,65,5
120333,700001,700001,2
128545,11857,133841,27
40013,750,750,14
97161,10000,300000,43
3745,6000000,100000000,105
20545,5000,5000,1
44769,42,42,4
108353,640,640,1093
92057,50001,50001,1
44617,1860,1861,29
52213,2795,2795,12
44293,189000,200000,14
205457,3184,3184,6
200837,12499,12499,36
117457,52519,52519,2
117437,395,395,13
193929,1661,467200,3186
25437,18,18,15
193933,38329,38330,572
175965,223,223,1
22529,4179,4422,37
76633,1500,1500,8
111449,13,13,285
22833,23039,45079,2017
163701,20,20,10
187829,33200,33255,110
184281,283,283,5
113135,328040,328040,3
161127,50044,50044,2
200531,68,68,33
200039,10000,19900,5604
18283,459450,459450,19
90555,226,226,18
168651,15415,39999,581
128835,8443,8443,27
178223,8574,8574,42
128991,41076,41076,1
104343,20,20,15
204823,3500,3500,32
76519,200,200,32
155615,36,36,99
41603,894,1415,10
76599,5819,5907,128
174383,7500,10000,8
179287,1500,1500,2
136575,40000,40000,6
200783,29800,29800,13
32839,250012,250012,5
195359,18,18,7
71819,98900,108400,11
184343,132499,132499,4
108363,14474,14474,9
30355,174068,174068,3
40155,5533,5533,43
39935,121,121,8
44779,524,524,19
76075,803,16525,1558
20679,333,333,2
9314,7600,25000,227
71830,30044,30044,20
76670,850,850,7
41382,24442,24442,12
151610,55000,58000,294
132182,2607,2607,3
44278,12000,12000,7
162562,831331,831331,5
38518,1052,1052,83
163138,812,812,109
41490,203,203,5
9206,517,3249,214
100734,5792,5793,3
76658,5300,5300,30
130222,4200,4299,68
40146,4099,4099,99
88154,70038,70038,15
52238,8695,294800,17
86074,1862,1900,59
172018,27500,27500,131
63310,39973,39973,13
110654,1586,16017,53
76662,485,485,25
62010,45535,45535,7
192962,32598,169899,3
90660,10001,10001,80
4552,10073,10073,8
56156,220,227,10
173160,20000,39900,658
153604,3500,3724,37
166240,35000,39799,73
63316,2501,2501,3
43488,116,1016,101
44284,186640,198040,9
128732,99949,99949,7
76572,3940,4000,13
6444,4,4,32
169296,272964,272964,9
108336,440,3600,1742
105724,11729,12091,9
192840,600,17700,2764
192656,23500,23500,5
178228,50019,50019,3
151388,25000,27500,6
128764,8924,8924,51
132528,22132,23425,17
38788,443,445,47
124640,492,493,6379
175056,2500,2500,11
109160,150,4499,129
128560,1198,1983,49
197756,83,99,361744
22828,3893,4491,289
52164,300,1373,20
191364,2899,3000,33702
90548,16800,16800,1
128544,19764,19765,86
24056,1474,1474,10
163896,20046,25946,5
179016,300,301,8
40036,10000,100004,27
117568,125,125,39
192884,1299,1299,2409
76696,1555,1555,223
168792,500,500,4
40068,1000,1000,38
187796,2654,2680,347
17020,2504,2504,164
171292,1161,2500,1635
19440,194,194,298
173036,340,1718,19376
49300,12000,12000,2
27856,5,42,204
158828,25,25,12
205468,70015,70015,31
163901,90033,90033,4
198253,27999,27999,1
200853,20063,20063,3
140297,2519,2519,37
90557,1696967,1696967,3
201177,79996,79996,2
44269,100530,100530,6
10309,1200,1200,93
41337,94,94,49
199193,1000,1000,43
4581,9913,9913,1
55981,4752099,4752099,7
191397,293,477500,1550
58865,75,75,3
22373,771711,771711,3
198257,234,17700,576
169449,19,19,11
71837,53882,53882,11
5113,249,250,68
41333,10000,10000,16
169149,74,74,3
36817,1300,1300,7
32597,100035,100035,4
179005,5000,5000,1
5479,99950,99950,11
176883,2836,2836,3
140299,2519,2519,20
122343,66,66,71
20419,464,999964,33
204567,60096,60097,53
55983,43,5000,17
23055,15000001,15000001,2
4399,4,4,16112
76879,10091,12151,71
82451,99,100,66
32851,86523,86523,3
22839,8359,8359,13
205871,2530,2530,3
39151,1200,1650,4388
40391,150009,150009,4
81175,12,12,4
191519,199,631,1404
112275,1187,1187,22
178123,475003,475003,1
28459,1154,1154,10
139375,12500,12500,127
40130,1000,1000,27
193238,48699,48761,2298
116406,6103,6103,15
168314,999700,999700,20
39502,1338527,1338527,1
30478,4000,4000,6
52170,477500,477500,1
76590,3000,3000,6
33866,349800,349800,5
17406,47,5000,396
200814,29900,29900,7
203862,9678,9678,422
29574,9001,9001,92
33254,4,5,14
31918,140076,140076,2
10286,4,9,1616
38872,40005,83989,112
60388,22,22,31
89328,1050,1050,101
169952,19305,19306,26
38964,249,249,58
128436,45000,90000,14
153192,519,519,151
60392,21,32,14
141208,2000,2000,25
168624,9739,99990,86
77532,2200,2349,676
204992,54400,55000,222
42408,7566602,7566602,1
9356,8490,8500,9
192900,191,191,9
187700,3000,3074,16201
40028,20022,20022,6
136548,1010,1010,7
6712,333,1002,43
110632,534,534,8
38980,100,100,97
201820,469,469,286
40180,2000,2000,44
112160,1478,2053,16
154168,4036,4036,1324
16748,50001,50001,2
34824,100051,100051,3
41604,34771,34771,5
724,28,28,22
79868,49999,120000,272
144304,2095,5903,48
198440,7575,7575,20
183204,425,425,5
32212,286,288,316
128552,31215,31215,68
187180,58,58,18
194868,3400,17700,110
76552,100,200,44
40168,209,209,73
138980,2594,2594,22
25412,100,124,175
194852,1537,1541,22058
41440,560,560,12
58280,17500,17500,57
191348,5187,9900,347
56201,980,980,7
24033,300,300,60
52137,2795,3032,2
52129,900,1724,21
27729,1911,1911,5
33561,500,500,8
13445,3698,3698,66
179289,24161088,24161088,2
2593,3,3,26
5057,1,1,5
192705,4800000,4800000,5
23105,1836,477500,11
71861,60288,60289,19
52173,6639,6639,8
132229,2800,2800,3
12213,24,24,117
56237,136600,136600,1
182713,490,490,3
32849,90012,140012,6
38801,2564,2568,17
194733,2169,2170,68
77273,1,1,1
85501,45,45,58
71871,157622,157623,13
21031,10003,10003,19
62451,240,240,2
154707,5498,5498,48
200799,2429,2429,22
25723,310,310,10
141319,1400,1400,21
27443,1000,1000,7
60579,24413,24413,5
153031,82736,145000,203
176867,3600,3600,5
79287,29559,29559,4
201207,10000,10000,4
163915,9033,9033,10
13423,112,3600,1138
178115,2448,2448,1
141207,2519,2519,20
140679,1000,1000,5
40027,8725900,8725900,1
183963,92,92,7
2595,100,100,718
116392,35000,60000,66
3012,600,611,542
76672,1425,1425,14
45912,26969,44000,12
187884,144251,150000,161
60336,812,812,15
192940,224998,224998,25
40164,995,995,26
198416,1580,1596,24347
62016,15000,15000,8
192944,30028,40228,23
163104,92407207,92407207,8
4404,1078,4000,760
191524,1975,2000,11474
41532,199999992,199999992,1
200532,629,629,4
32220,423,2156415,37
110640,3729,3729,32
43464,36,36,211
151580,3750,4500,32
105720,52520,52520,2
111452,33,44,557
52156,2500,2500,10
88164,300051,300051,2
52240,2974,2975,53
38984,597,597,22
200848,2200,2200,6
175052,257,257,15
5428,2500000,2500000,1
23576,24899,24899,1
166288,285000,285000,19
158820,1978,1978,1
52116,4329,4329,4
163688,62116641,62116641,2
153444,17995,17995,75
42912,20753512,20753512,1
193956,72,96,1355
8928,349999,349999,1
112272,2866,2866,65
153664,1500,2300,62
155620,12400,12500,11
11384,702,702,16
186704,55,55,23
3828,4100,4100,156
40120,309,309,105
192728,2399,2399,9
71820,159766,159766,10
32948,3534,15035,115
200860,450,797,16383
192928,59894,59932,739
197768,4300,4300,1243
162556,759,759,3
199188,410,500,21
136596,32500,32500,99
39905,211,211,9
21561,149,149,14
61985,1000,1000,45
192993,21599,50000,3695
36921,1500,150000,3630
79309,29900,34048,6
33185,94992,445011,3
12209,522,652,47
159897,21,21,1
76893,3550,3750,32
71833,65400,65400,6
43369,12500,15000,207
13461,283,1319,7
79249,60,80,66
13929,25,45,82
193957,110,110,1202
192953,51167,105471,33
191933,63,73,258
97621,249,17700,445
188791,2200,2200,2
13455,484,484,311
35287,397542,397542,3
52167,55099,55099,9
27663,200,200,17
163387,5059,5059,85
38935,74997,74997,23
62651,60,60,12
42735,76,76,4
128763,71,71,5
65512,155590000,155590000,7
68660,1215592,1215592,5
191340,7683,7683,718
162112,493539357,493539357,1
50816,11299,11300,52
175924,16272,50000,149
40008,6300,6500,18
31904,350099,500089,3
118280,135,140,45
159920,54,54,697
20452,2000,5121,243
58148,2200,7106,162
186684,199999,199999,3
122348,100,100,195
128540,990,3407,45
63388,500,500,44
201416,504,504,120
25896,132594,132594,17
52228,9306,9306,7
52096,428,428,9
128716,149994,149994,6
61984,400,400,10
40100,750,750,31
20528,35,35,21
76884,6966,6966,58
38888,463,800,27
63272,171450,171450,42
38428,65,1265,98
58084,1200,13525,111
76076,100,100,23
59228,14,14,80
22840,999,5999,686
109148,852,4499,814
168640,1374,1375,428
76896,3400,3400,20
76592,198,200,15
41464,4429,5137,5
178552,25,29,30
38264,200015,200015,1
158212,2300,2382,52
128648,240000,240000,35
2744,50000,50000,5
54620,64241,64241,6
38884,12028,12121,12
32852,142500,142500,5
41444,493,493,10
23332,40814,40814,4
166420,1492,1492,104
126936,1251,1251,216
2728,24887,99987,27
52084,1000,1000,35
180992,40066,47716,2
127712,2946990,2946990,3
29572,150000,150000,3
57064,44773783,44773783,2
127764,495031,1041065,18
17196,1882,2525,336
39516,75,75,1
38968,29,69,130
71860,24991,24991,12
127732,999999999,999999999,2
74636,106,107,39
52172,477500,477500,5
28056,2002904,2002904,194
20812,1550,1550,11
76576,700,700,9
52208,1279,1279,42
39984,913,913,2
192616,24800,25000,78
40016,590,590,26
132192,275,277,64
105708,15,15,4
68356,2698,2698,19
30476,2500,2500,61
104344,626,4800026,18
44288,26573,26841,10
182776,652488,654204,2
60488,121,121,4
141320,376,376,22
112292,1149,175000,34
5476,239,239,10
200264,500025,500025,1
39968,122,122,20
200764,11552,11552,5
200616,45578,45578,95
179308,107,107,3
71832,37500,37500,11
34760,9,9,8
201216,69981,69981,7
80588,9900,10000,113
116148,999,999,726
198188,2000,2000,12020
108920,4,4,55
21576,3561,3561,62
62272,200,200,11
163908,10000,10000,1
7100,1,1,20
38808,149,441,1505
7428,1000038,1000038,1
45060,1399,2149,32
44716,18049978,18049978,15
105704,72,72,88
76692,1455,1455,283
31944,3300,3385,13
25432,165,165,5
37704,699,800,5491
20416,16899,16899,1
163136,301,324,33
56968,5000,5000,5
201188,900000,900000,1
71840,46699,46799,28
133980,2001,2001,70
87236,500,500,27
124444,5000,15000,4187
17012,559,2598,1255
163208,150,150,4
55976,68727,68727,1
2892,1094,1094,16
191948,20000,20000,53
24268,70,70,36
44764,4800024,4800024,1
105700,192,192,4
8392,811,811,1
138884,16572,39900,21
38988,1609,23243,36
7296,1589,1599,11
54836,761,761,3
76596,5000,5000,4
169456,2900,5000,191
193944,17918,17918,97
177028,8962,9957,3
163900,49933,49933,7
23948,179,179,6
59232,1220,1220,17
176864,150,150,3
52764,5504,7179,9
122344,74,75,97
24048,2500,3772,24
17036,24124962,24124962,6
23988,1001,1001,22
118592,2277,2277,13
117440,2670,2670,5
119100,4969,4969,15
63396,3200,3200,11
76532,149,149,8
205472,10000,10000,4
107472,120,120,14
71824,69991,69991,10
57060,105849,106918,11
44772,100,100,123
179284,75000,75000,1
128548,110096,112499,44
39956,149,149,14
62012,98581,100082,6
17708,3000,3000,139
63296,50001,50001,7
44776,1800,1800,5
35836,75098,94998,41
39932,317,317,18
13364,455,455,1
5140,428745,428745,1
178172,65,65,9
23784,5000,17700,176
198228,5000,5000,22
21552,197,197,194
156624,1403761,1403761,2
201204,30089,30089,1
193468,2260009,2260009,3
153632,2098,3499,3
38868,12400,15584,50
132232,688,689,8
82300,300000,390000,108
3448,196,196,3
41164,532292,532292,4297
173760,22,22,17
116408,500,500,356
143636,98904,98904,5
119096,2098,2098,11
200856,47493,47494,11
182708,439,439,1
178536,5577,5577,34
163388,522,522,13
6048,141,141,1923
52168,101,150,5
11584,164,165,20
19704,7500,35065,5194
15408,16200,16500,1602
199972,45022,45022,59
40040,16725,16726,54
163156,1800,1800,141
42432,200,212,4
58260,388,388,1
200849,2332,2332,13
61991,50000,50000,8
62009,165790,165790,1
19268,20625,20625,61
76609,1000,1000,2
9358,16136,34417,4
30477,200,200,13
36797,362,362,1
191512,2000,2000,28
179300,888130,888130,1
136572,35455071,35455071,2
52152,171,171,5
34822,400000,400000,2
40404,1000027,1000027,2
201415,269,269,14
194680,950,950,245
10648,3006,3006,3
194768,7000,7500,3772
114013,9999,54999,6
193895,1770,1770,96
193896,2339,2339,1462
62535,20063,20063,11
158838,1500,1500,3
195463,156,159,249
32596,59999,59999,2
144398,209797,209797,2
4394,9236,9236,34
151431,450000,450000,5
197794,31800,35100,52996
178220,122,122,1
201310,59699,59699,65
200791,12536,12536,40
210456,1488898,3499000,582
108364,3500,17700,40
28470,2076,2076,7
41586,124915219,124915219,9603
90046,69996,69997,8
115511,4,4,3
76648,156,156,3
76646,1199,3000,10
76616,1700,1700,6
87244,240,245,21
41511,1115,1140,19866
192925,58471,64897,1862
11325,100,100,4021
40216,477,477,27
59480,49800,49800,23
34763,77,164,61
69865,22200,136100,2
24404,798670,798670,7
113273,1950,1950,1
132207,12007,12007,4
113140,250064,995264,7
34841,12638,12638,3
179013,200,200,5
132227,10000,14750,2
80593,199,910,35
179025,218,218,5
44773,338,338,136
179275,4225,4225,5
115012,2499,390000,16
201584,777,1310,1511
178548,330,330,15
168596,39500,39500,131
112155,35069,35069,8
178541,2775,2775,5
178538,290,295,4
58264,50,50,34
6150,147900,399999,20
163549,7500,7500,3
60393,5900,5900,2
198314,20000,20000,901
37098,58,58,148
178543,98,98,5
43478,14048,14048,386
108348,340,17700,815
179026,5605,6631,6
109626,445,3600,1406
13888,800,9900,1490
200018,70000,72000,2286
56238,15209,15209,2
192954,41461,41461,14
19700,1793,35067,3846
62662,666,666,1
194122,3500,3500,2
5125,45037,45037,1
198197,59898,63098,7226
42434,4300,4300,10
137643,167462,167462,2
19699,814,30002,5323
19702,1959,30002,6631
179281,50000,50000,1
25427,263,5000,48
192992,180088,300096,703
19701,945,35051,2857
59478,100000,222200,15
59493,219900,219900,3
19706,828,35051,2892
194752,2200,2200,6246
194761,3100,8229,5204
180088,10,10,6
64670,599,1299,4883
59496,222200,222200,14
182766,275000,275000,4
193930,1200,1800,28698
52294,17500,477500,76
172233,529,25000,1218
177843,49993,50093,5
63306,2500,2500,63
128715,219999,220000,3
116147,999,999,646
163638,50000,50000,3
32717,52504,53704,160
19726,999999900,999999900,3
52289,20026,20026,31
198194,3686,3900,19190
198268,4299,4474,217
198258,247500,250000,410
198200,17244,19089,3714
140269,5025,5025,14
169661,2591,2591,66
82448,212,2512,30
159875,118,118,5
192721,3100,3100,2
20813,2000,2000,41
155618,273,273,283
20845,17500,17500,160
79303,54323,56723,4
20846,14689,14689,95
79284,9999,10845,6
79304,264624,264624,1
61979,4566,4766,1655
192964,48095,57000,2133
129099,300,300,3
128014,390000004,390000004,1
11942,5682856,5682856,5
4364,9,14,7518
41439,399,399,2
160942,9901,9901,1
192932,56806,64934,2671
192948,58497,69919,3681
162115,16324948,16324948,1
192919,59994,63893,2221
194855,2200,2200,6661
194767,5000,7594,11317
200282,175000,175000,33
198501,2150,2537,15
71817,69964,69964,14
204311,1500,1500,9
193249,35232,37059,2479
1178,99999901,100000000,88
200031,19098,19999,3404
41427,1002,1002,3
192933,14296,14296,3
207041,24888,24888,17478
198255,299999,299999,276
159868,100,100,150
197790,482,1406,11138
207040,19900,19900,10484
196540,786,786,192
204994,300000,399700,369
71825,101498,101798,8
63293,1004,1004,5
196440,957,957,7
159879,1110,1110,4
163058,1499,1499,5
39997,6500,6500,15
8152,18,18,4
205044,1250099,1250099,1
1712,80,10000,114
71844,93900,94190,26
200782,3058,3058,20
168638,9000,65500,77
199986,8898,14999,645
191350,10058,19999,3227
5117,10000,20000,12
33093,2820,2820,5
25893,467968,938920,13
77264,9801,9801,5
198176,32999,33000,159
23827,29444,29444,4
45907,777,777,3
2457,1010,2695,95
108344,487,17700,644
179272,2519,2519,1
205012,386865,386865,42
128158,880731755,880731755,1
9261,2165,2165,2
187198,10000049,10000049,1
76606,1320,1320,1
49602,2500,2500,77
13468,54400,65570,5297
198261,450000,499996,242
33856,32018,32018,1
61978,3863,5390,6242
71818,477500,477500,13
197737,50068,50068,5
6445,26,26,19
107640,44200,51999,19
35315,10099,10099,20
138383,714,717,2
76634,350000,350000,2
76632,350000,350000,1
40141,12500,12500,23
35314,7182,7182,7
108360,3378,17700,40
5474,470,470,70
21830,45337450,45337450,4
21714,7028,7028,20
70139,217853,217853,6
204370,11899,17999,2343
21718,6074,6074,20
58278,6666,6666,2
12433,19999900,19999950,2
119157,87630182,87630182,10
63251,200,200,33
153566,99999,99999,2
153568,99999,99999,2
153570,99999,99999,3
76584,14914,14914,4
183945,56629,56629,1
76628,25000,25000,13
198163,600,80000,133
204310,13098,13098,4
118631,500,500,81
76588,44999,45000,4
40129,12500,12500,22
41489,2455,2455,5
76585,88821,88821,7
198487,90,119,3427
92050,799900,2999984,13
19279,2500,2501,2
44267,114971,114971,5
76650,678,679,12
105706,20000,20000,9
105701,39380,39380,4
180346,41913,41913,1
39671,880,880,276
8923,2189920,2189920,19
76589,242099833,242099833,3
44958,4262,4501,435
158765,2069,2069,1
176863,2716,2716,1
191320,19200,30000,5090
163192,1519,1519,205
177840,70351,70351,1
34843,226,226,1
163395,1319,1319,189
163155,512,512,229
140754,1066,17199,2
211400,17500,17500,806
9357,19583,19583,3
3530,23,24,176
127718,200000,200000,2
105717,3089,3089,4
163411,2019,2019,26
163407,2019,2019,87
167043,2000,2000,292
194754,1356,2968,1425
163691,172,450,14
44314,11,75,142
159466,50,50,26
169660,2004,2004,222
20877,162,710,27
24273,100040,100040,9
207022,1199,1840,51818
61989,75134,125088,38
20435,8766601,8766601,3
16005,12189,12191,26
207023,3498,3592,105150
59489,30000,30000,3
160330,3750000,10000000,37
174104,777732,777742,132
40144,2500,2500,12
62237,1000026,10000069,859
158856,165,165,1
158757,20889,20889,2
67348,12549,12549,10
76688,149,150,11
196584,200,200,651
168583,990,1868,10177
76660,1580,1580,4
42545,551,551,18
206968,1500,2400,305
193243,4586,7086,11110
35503,499900,499900,8
196585,319,319,234
20436,350000,350000,1
195455,400,400,335
194688,200,200,251
197848,729,729,240
20879,75,90,44
194689,529,529,214
20881,85,85,24
3776,100000000,100000000,62
158811,194,194,4
193567,8855,8855,306
200855,27575,27575,45
112321,349,430,1858
71842,98900,920567,14
28059,300,300,8
210249,48000,48800,9171
198044,583,583,56
25434,551,551,34
198619,7965,7965,41
169333,15,15,72
54832,267,267,33
158743,15000,15000,1
38834,11488,11488,12
1181,3235,10000,157
40163,477500,477500,9
2686,5,5,1288
205115,662472,663233,8
18300,200000,200000,4
174207,400,700,8
4425,3264,50000,323
4424,2954,10000,208
41466,1261,1261,10
76579,14983,14983,8
159848,1513,1513,1
163548,1597,3227,2
163094,2513,2513,19
40097,1600,1600,16
163643,1599,1599,2
163651,3597,3597,1
132189,40034,40034,1
210248,8500,9998,16252
159847,1472,1472,4
67506,9179,9179,2
194859,7045,7045,462
200099,1131,1131,195
730,11945866,11945866,1
119094,1301,1301,2
76890,9915,12565,4
190536,62090,63103,246
191494,28982,28982,10848
52162,30099,44999,13
200008,10400,12048,647
38900,8999,8999,20
37156,970,1100,70
11022,1128,1128,32
52216,477500,477500,8
128219,19,19,1
200046,70000,100000,391
43572,244,5000,1995
25901,4118,4118,6
200045,70099,99999,452
68358,2654,2654,9
200047,50000,70000,674
111431,416,416,38
20847,17500,17500,12
20842,17500,17500,11
20848,17150,17150,4
20843,6001,6001,5
23333,2200,2200,3
132238,7678,7678,4
159869,2049,2049,38
62004,49998,49998,1
207054,892,1000,9592
62008,52499,52500,7
110634,200000,200000,3
56196,195,5000,12
158777,2200,2200,1
38794,300,2516,42
40034,650000,650000,1
174983,50000,50000,1
2516,5000,5000,73
207021,4410,4915,4060
112277,30000,30000,20
128740,501051,501051,1
128733,75098,75098,5
19269,6421,6421,2
32714,25,51,2
19774,434673818,434673818,1
128743,269994,269994,2
113912,250015,250015,1
173100,20000,20026,11
19260,100000,100000,1
178542,125,125,20
200841,50235,500012,42
136376,50000,50000,5
2091,100000000,100000000,25
23426,52300,89890,2211
44087,109,109,1
2458,864,3600,1084
23765,199999,199999,7
3391,4499,9900,980
44286,210072,210072,5
158744,2000,2000,1
45188,119900,119900,3
5996,6250,12500,1380
44264,24755,24755,8
192663,211,211,17
113290,1683,1735,38
32598,440,440,302
205469,9909,9909,7
52155,2622,2622,3
12434,245000,245000,5
52176,1998,2098,8
32199,5049,12550,491
21177,100000,100000,117
131729,300,300,221
152550,318,318,255
92056,11101,11101,17
193246,11297,12599,7473
190537,46077,46077,845
80313,188,188,2
43122,2757,17700,443
44066,420000,420000,4
43236,499,499,20
104196,2015555,2015555,1
132216,920,920,3
90043,39000,39000,1
137556,14050,14050,6
191349,6698,16599,1049
140300,1092,1092,17
67277,505,505,15
41478,14094,14095,7
3478,2000,2500,2882
206967,1050,1050,76
108329,319,3600,2091
133568,125,125,13
54746,149108,149108,1
140265,14993,14993,4
24275,45125,47500,17
4872,133,133,1
38893,14197,14197,7
200633,40085,40085,14
128738,250000,250000,3
192700,10066,10066,12
191476,999,1200,97065
204972,900,999,9578
76673,532,99900,7
179285,29,29,9
39916,477500,477500,1
52163,100,100,1
179294,192286,192286,3
163785,19,19,5
38706,558,558,4
192695,99900,99977,7
52160,10000,10000,3
43333,90000,90000,1
29112,10000,10000,13
28464,8611,8611,7
198614,24899,26800,224
191352,474,518,155
52762,15,15,260
11285,80046,80046,1861
62005,99988,99988,4
128724,50020,50020,4
79298,31632,31632,6
160518,19,19,4
44277,98952,99951,29
205873,3241,288296,2
16766,22,22,40
76583,88822,88822,3
76613,12870,12870,2
151133,77000,77000,29
210247,5000,10000,106
179276,19,19,1
133562,100,148,371
52083,4700,4700,11
36743,200,200,7
192707,2949,2949,2
57068,11150,11150,1
169143,100,100,10
79283,97982,97982,1
198162,3600,3600,1517
22641,599,2217,39
49253,1207211,1207211,20
191525,6576,6576,1753
60267,31100,31100,20
60268,1341,1341,22
128719,500000,500000,3
205016,999999,999999,38
60269,3100,3100,20
108362,4000,4000,71
49254,23347,23347,20
5526,2,2,7
69772,345364,345364,6
62007,18708,18708,5
81921,15,15,20
204827,14901,14901,12
79289,47358,47358,17
4375,1925,2999,559
42930,30,30,20
63291,4376,4376,2
61990,35092,35093,3
44270,88822,88822,1
79293,49258,49259,4
163580,75000,75000,1
147869,30481,30481,1368
198186,2199,2500,692
172043,17198,17777,3342
206969,40051,50051,132
179288,200000,200000,1
179291,100000,100000,1
192691,2875,2875,1
107393,429,429,6
184346,149929,149930,12
29412,90361,90361,20
198300,50074,50074,16
28461,6427,6427,34
185968,2955276,2955276,1
22642,3326,3326,25
79246,31111201,31111201,5
192970,7790,8200,250
193963,285,700,1595
28463,11347,11347,8
92049,28888401,28888401,8
191333,1245,477500,427
108354,1012,17700,238
179296,3065,3065,1
74649,1500,1500,230
43120,20500,20500,263
115464,31111801,31111801,1
61988,592369,592369,1
19264,10038,10038,10
10306,425,425,30
92054,30599601,30599601,10
92051,28777101,28777101,12
11040,2001,2001,69
92055,25000001,25000001,11
101750,1249999,1249999,2
76577,29997,29997,2
201398,1100,1100,103
93707,12499,12499,2
128728,60000,60000,1
52169,6300,6300,1
116428,100,100,3
52134,477499,477499,2
52154,8000069,8000069,3
21716,316,317,2
76582,52500,52500,1
160328,90000,90000,8
52130,4500,4500,2
101747,60000,60000,21
41451,130000,303750,2
90553,5670,5692,32
122347,63,63,10
44260,125013,125013,11
25425,43,5000,68
44281,61265,61574,6
44290,499890,499890,7
44291,99040,99040,3
62527,1151,1151,5
128011,500041,500041,1
199966,33390,597646,27
92052,29100201,29100201,10
33092,8336,8336,190
92053,29666101,29666101,9
178518,11107,11107,14
210246,3500050,3500050,518
44263,26970,26970,1
44268,148500,148500,1
787,49,50,23
62520,1323,1323,5
62524,40942,40942,4
169669,1124,42002,45
17408,42069,42069,120
79257,8500,8500,20
54628,127979,127979,5
62521,1194,1194,5
200824,4500,4500,21
210244,3750000,3750000,2
44570,117,117,139
27501,500,500,548
62668,347,347,16
88492,43581,43581,1
111433,300,300,24
7096,290,136600,5
27666,495,495,60
111441,63,63,294
140204,10348,10348,8
191505,42741,42741,18
74651,410,4160,101
43466,20,20,2
141318,6750,6750,5
76085,999,5999,404
191474,450,450,137117
34758,500,500,19
194829,1575,1575,588
200579,3698,17700,112
155910,25,25,43
173041,12500,250000,157
198313,3999993,3999993,2
155909,5,5,80
65892,480000,480000,4
40111,477500,477500,1
139312,2400075,2400075,3
183110,8115,8115,1
22861,9999,9999,155
168392,7244,7244,28
19235,800000,1000000,5
156872,5008,9125,2
2679,75,75,746
204995,572478,572478,2
194011,44447,44447,245
179018,711,150000,21
3662,25,25,93
180991,500001,914401,5
162666,24550000,24550000,1
79301,49900,49900,1
169946,17844,17844,5
180614,42624,42624,1
200770,80025,80025,6
163052,150,150,5
198291,120000,120000,22
40152,12500,12500,8
67337,30,30,8
40135,12500,12500,20
40179,1500,1500,30
40177,3398,3398,29
40167,6500,6500,14
204971,21865,21865,14
6811,1147,1147,19
163134,8475459,8475459,8
24051,3362,8241,104
4377,95,95,5017
210245,1299958,1299999,1205
45198,19816,19816,11
76580,477499,477499,2
136555,25000,25000,1
41385,30000,30000,4
43396,999999999,999999999,1
41335,15500,15500,12
40102,5500,45500,30
40143,3040,3040,30
40128,3632,3632,9
40127,9336,9336,33
40169,6500,6500,55
192686,64980,64980,2
40051,4573,4573,5
201413,229,229,103
40003,6500,6500,5
108309,1994,17700,37
108308,2337,17700,97
158857,1850,1850,1
201221,144000,144000,1
204909,1134491,1134491,10
54442,376,376,1
162681,577,577,1
92550,100002,100002,1
97512,726,17700,410
128836,519,519,5
43124,17699,17699,1646
205693,1128,1129,31
195360,16,16,4
201317,751,751,8
200790,1090,1090,139
58089,6851,6851,20
58093,12333,34010,78
4374,8597,8597,17
69864,999927,999927,1
184345,176499982,176499982,6
69841,599895,599895,7
124436,1239,1332,2987
128833,319,319,5
118576,1525,1525,63
63341,999999999,999999999,2
204709,880000,880000,152
20676,20008,20008,2
191370,24933,29046,206
13460,60000,60000,2
183793,8500,8500,52
41468,17000,17000,1
41450,500000,500000,1
52139,477499,477499,2
52138,250000,250000,1
144397,4000000,4000000,1
43118,4413,4413,93
76601,32500,32500,4
61993,175000,175000,2
37092,95,95,3
76602,9500,9500,3
76603,22499,22499,2
79291,375000,375000,12
194690,380,380,24
13927,306,306,158
184342,434307,434307,1
184344,86935410,86935410,1
183597,246250,246250,9
87264,260000,260000,2
152503,249,255,56
136560,500000,500000,6
113275,1742,1742,1
113139,10000000,10000000,5
65505,3999119,3999119,2
65506,4599193,4599193,3
65509,4987571,4987571,2
65511,999898,999898,1
65502,499999,499999,1
65501,499999,499999,1
198500,135000,135000,3
74643,180,180,3
128840,10800,10800,164
191324,827,460000,631
27658,119,160,22
118704,370,370,31
9172,13898,20000008,11
65503,591919,591919,3
24232,35062,35062,3
92663,2001,2001,1
8483,2739,2739,3
47831,10001,10001,6
76671,969,969,10
10592,9182,2226896,35
190236,48000019,48000019,4
195459,4800004,4800004,227
2940,60,60,1
39525,4800038,4800038,1
8948,4,4,28
132194,99914,99914,1
44145,600,600,1
178174,10003,10003,2
112179,20099,20099,7
27665,47,47,1
76077,360,400,75
38812,1747,13079,91
180412,122,122,1
19261,20088,20088,1
136558,490,490,54
17403,492182,492182,5
61983,898,898,5
17402,9917,9917,133
178225,949,949,17
52144,5000,5000,1
52140,5000,5000,1
198212,6038,6038,24
31888,100076,100076,2
200812,72351,72351,5
199968,45032,50051,55
172017,32538,32538,98
156873,9827,9827,1
163154,813,813,5
169663,1374,1374,6
169119,11799,11799,3
169662,59065,59065,5
181247,50676,50676,3
38350,100,100,5
128834,14,14,5
180377,325897,325897,1
20420,999901,999901,4
112299,451,451,1
38898,4503,4503,22
37145,1200,1200,3
22848,9313,9313,71
33553,24,24,3
49100,12001,12001,18
44783,584798,584798,1
191369,15000,15000,235
44778,696975,696975,5
23385,1,1,10
92431,4492,4492,16
39974,546788912,546788912,1
31862,999999999,999999999,1
28290,999999999,999999999,1
16583,999999999,999999999,1
180341,26512380,26512380,1
39941,999999999,999999999,5
187594,999999999,999999999,1
66948,999999999,999999999,5
182765,1161411,1161411,1
5565,999999999,999999999,5
45202,13373,74986,2
67310,2500,5000,27
144283,287952808,287952808,1
43321,9587725,9587725,1
172502,571050,571050,2
45602,79326178,79326178,5
36805,67229194,67229194,2
6298,7726117,7726117,1
23330,507147,507147,5
179292,682622,682622,2
45196,500,5000,14
6455,520968,520968,5
179015,383145928,383145928,3
25436,5000,5000,17
180329,506583,506583,1
67257,3963399,3963399,1
180331,135094264,135094264,1
62340,5000,5000,18
44464,12444867,12444867,1
49624,136600,136600,1
128850,97760582,97760582,5
158797,19486,19486,5
201417,816,816,200
32668,341949,341949,80
32685,356730,356730,78
32758,40302,40302,42
4096,6433103,6433103,1
120293,17,17,20
193894,2306,2306,100
160053,1692,1692,64
182760,30353695,30353695,1
54633,5000,136600,5
11444,50,50,548
182758,63323,63323,2
24405,5000,136600,4
198833,95029,95029,2
7099,104,104,4
38269,1809989,1809989,1
183109,1474,1474,3
23965,5000,5000,40
162010,9500000,9500000,1
179273,555,555,1
29579,5000,136600,5
23355,136600,136600,1
29551,5000,70800,6
24231,136600,136600,5
52249,9753,9754,48
41498,8591,8591,1
52234,6332,8210,52
200840,1241689,1241689,5
45901,1794069,1794069,1
71880,432956,432956,3
52299,44067,44067,5
52203,1114,2015,27
28467,1999,1999,12
76598,9244,9244,1
62514,5000,5000,20
204701,21588,21588,11
58276,39800,39800,3
4291,2050,2050,489
81919,7517,7517,34
191522,4176,4176,49
43850,43204,43204,38
163110,5000,5000,103
4877,5000,5000,20
41488,649,649,7
198412,17599,17599,120
76597,11400,11400,1
11408,136600,136600,2
52291,45153,45153,2
41495,1375,1375,2
193564,287666,287666,66
56052,5095,5095,1
30513,1208,1208,1
32062,3023,4164,11
32068,1936,1936,695
172503,20000,20000,1
172500,20000,20000,1
39204,500069,500069,1
7101,1,1,11
192706,26737,26737,3
19265,18268,18268,1
115813,20005,20005,2
117470,18470,18470,10
38260,5542,136600,5
38261,136600,136600,4
159846,16,16,1
117469,60951,60951,10
200618,100076,100076,11
32217,333,333,359
108347,17194,24513,8
52135,36071,36071,2
29454,93,93,4
18631,8055,8055,39
112300,99951,99951,6
192869,15000,15000,135
32686,15242,15242,1
76610,13505,13505,2
39222,234,234,5
11386,82,82,2
71375,18755,18755,3
140275,415,415,2
85697,500076,500076,1
42414,500076,500076,1
133557,19,19,20
109156,3666,3666,85
92527,3200022,3200022,1
198534,6500,6500,100
49600,83872,83872,10
10548,9211,9211,1
31676,5446,5446,5
4623,8765,8765,5
205170,750000,750000,15
87872,606,606,5
62664,175,175,31
33630,209,209,2
201724,538063,538063,1
200821,282660,282660,1
76586,4135,4135,2
163637,5116,5116,1
127733,100000000,100000000,1
41398,13500,13500,2
44468,501418,501418,2
4093,801372,801372,1
17030,777460,777460,4
42433,2576,2576,2
194577,5023,5023,14
32722,126024,126024,1
43145,41770,41770,2
54623,513925,513925,1
173762,215,215,5
50438,34767,34767,3
200833,70620,70620,1
159874,150,150,2
128744,122777,122777,1
67289,29774,29774,2
29576,99036,99036,1
132191,156171,156171,2
133545,89342,89342,3
79297,62131,62131,2
138978,14670,14670,5
23979,181162,181162,5
192689,24204,24204,3
138981,3647,3647,2
5506,2030,2030,1
38427,204,204,9
101749,20000,20000,2
151391,12494,12494,2
192660,5267,5267,2
178224,128,128,4
41602,37727,37727,2
10840,88202,88202,1
172040,98,98,18
41095,1500002,1500002,4
29110,1000000,1000000,1
199934,2000000,2000000,2
5435,9997,9997,10
169947,100,100,12
158382,4,4,17
3466,652,652,591
20514,999999999,999999999,1
192924,47942000,47942000,1
76728,5299156,5299156,3
88487,1,1,5
