item_id,min_price,median,quantity
197764,371,372,9638
194683,78,82,5682
197789,117,135,17557
197767,390,398,16941
12205,6,94,7694
14227,3524,4000,3596
2996,25,30,40886
2319,300,1290,76793
2934,33,1710,57850
201469,19,19,17173
191519,1249,1397,7535
9308,1,1,329
191335,14495,15248,353
38558,1799,7500,20039
191358,2996,3510,7868
168487,907,931,34595
154125,359,400,396
160053,500,2070,1173
36908,185,5028,2879
43572,3,9999,1047
163701,35,65,50
194572,5747,5747,4396
2924,6,1051,5327
62505,4,4,13
128315,395911,459648,1310
20878,60,60,146
199219,1969,1984,344
33452,5,150005,1236
33454,5,5,300
159827,14,14,382
194809,155599,161500,212
193236,17400,18750,576
194969,120,232,101267
111665,18,500,5229
13754,500,9998,3020
136852,100,500,164
8165,1379,7500,7470
194123,160,160,288861
8172,398,599,1088
15416,676,700,4390
4233,699,4500,2844
8171,161,162,4676
190532,28099,29677,1762
3356,605,2500,11565
5468,22678,22678,122
38913,7498,7498,23
4231,749,4500,2771
190330,1165,1603,102390
72094,1600,1900,3954
9313,6,16,377
44466,1997,1998,19
52774,6851,9357,28
44463,3591,5708,19
44601,8,8,283
89683,64,64,38
38990,2499,2499,28
193923,475,505,233548
190321,5100,5676,103518
138488,650,1788,64489
191318,773,995,667
38934,10,779,36
154120,374,375,147
87226,291,3685,378
12364,440,470,8130
72120,37,100,274782
74656,71,272,1249
74653,99,149,820
109217,25,25,485
74648,1800,1900,1032
192646,159,159,1031
43987,1616,1823,16
75026,100,122,359
23439,369,420,215
191500,5999,5999,3555
86026,160,507,61
192662,185,193,831
189156,82560,85000,73
163224,80,200,1962
200037,4323,6128,5889
127835,65,65,351
14256,4500,9995,9692
44128,6200,9098,2254
81414,13,1013,979
202070,44,44,15788
4234,725,1250,122428
152495,72,72,577
201424,68,68,614
8839,1274,2495,48938
192635,99,160,351
199980,501,750,426
3673,738,738,34
193231,7499,7943,4506
5785,39,9999,2904
191397,435,19800,980
52178,1075,7549,5985
71806,29889,29889,148
60576,21,10321,279
71808,22497,89900,894
2455,1,1,413
7075,10,22,9546
6293,97,97,3
201468,1272,1272,86
60392,21,521,64
187702,10,10,4711
198621,99900,99900,192
192608,64,70,1084
118391,14,14,731
205692,9529,9529,10
192613,59,59,49
124461,1495,1799,12176
68197,18,27,84
192717,2024,2024,139
40111,3555,9975,58
40112,4749,9949,67
192663,189,199,27
40113,9900,123525,43
40118,4500,9900,91
201466,51,51,5209
16204,39,100,532561
3355,588,2500,8470
201467,348,348,964
193224,7395,9999,88709
60406,99,99,74
60577,44,44,47
52128,89,89,49
191494,17000,17809,1736
6889,500,3030,11724
197793,2574,3000,1880
191359,10000,15598,16305
191495,19100,19100,3550
197795,34323,45000,464
58257,7,7,272
3730,49,9000,4780
74822,7,7,136
5504,424,3000,15258
193379,8494,9850,2340
200791,5036,5036,18
197766,187,198,82395
200509,10,48,95354
21227,995,1100,12
204842,10090,10090,4
4337,18,22,3970
12804,19,118,22807
201325,59898,64999,5698
44332,1295,1350,343
46376,300,4499,721
204460,1000,1019,2806786
32388,4478,4575,7847
43102,4196,4463,2726
192912,619,690,648
191377,2500,3598,1023
10939,104,999,153944
191370,3025,4025,14098
109226,95,100,293
7971,390,497,661
25456,50,100,1956
9206,4495,4496,978
21153,205,7979,4131
199954,518,519,125
58144,3400,3529,1136
22825,142,1999,829
71998,25,120,1083
191332,11579,12279,1847
200053,40024,40024,334
3858,300,446,7092
19440,10,10,7
191334,969,1200,1803
58148,1000,1002,142
192611,59,59,192
194793,169999,175005,190
2318,103,1500,57631
192625,65,70,867
173042,100,449300,122
130216,185,185,24
8948,2,3,204
2836,9,99,93080
190322,1667,1730,281915
8932,2,1989,117
162011,1490001,1500001,13
13458,575,999,21
8766,2,10,1952
76694,989,2601,255
34053,355,19900,27904
2592,9,11,58114
2589,6,9,81453
191514,9000,9473,7
153015,3340,3340,21
123918,891,3000,338200
200054,209000,210594,1547
198289,250,250,69
193214,30,36,97974
43501,116,17200,674
5470,49,4500,8719
191501,10245,15030,3948
24449,3900,4999,5004
154165,1,90,187786
191518,125,145,3579
118225,1,17200,814
42751,3570,12500,121
124444,1804,1804,7720
12365,3,3,75001
166583,11091,19991,220
109134,94,900,12327
44280,9852,9852,9
193951,25,35,4465
44284,20773,20983,24
44286,24257,24257,22
44291,9900,10000,23
61988,37921,47516,8
154722,1,100,382459
61991,115088,115088,16
81198,714,1515,135
199963,10000,10000,16
61994,275145,275145,3
61998,9900,11900,6
10620,32,34,29417
62007,18075,18075,7
62009,219908,219908,3
62016,157351,201303,6
4338,9,20,321699
81408,55,58,93
81413,13,13,698
1179,1,7,8014
198191,1239,1251,13387
34721,49,49,574
197785,1398,1498,9201
192924,9998,10000,63
124121,18,22,159720
42428,100,100,108
52175,999,999,3
132233,22,33,389
210841,161,162,1153
191525,5089,6889,7605
132234,273,274,136
132231,22,22,186
5833,509,509,73
132199,295,295,126
132204,49,79,1921
52983,499,544,22095
124669,600,1500,152351
7079,22,35,3848
188669,1051,1351,159
40213,1000,1000,76
185737,967,967,15
128545,5000,1000000,38
168192,380,400,260
31677,2000,2020,44
190316,1850,2600,193619
190324,16700,19000,166660
22577,600,750,5634
192658,183,183,9210
6149,9,10,193
19183,1,1,5203
17010,80,2500,13662
191380,492,547,46595
198491,79,383,412
172438,496,17200,660
190530,7500,9700,1086
183953,253,338,4098
199051,900,1102,30
194738,499,622,174
171275,100,600,2065
34861,13,15,256
10309,600,698,78
178787,11000,11100,1080
9318,8,47,328
194827,128600,128790,376
192978,125,2200,13805
192902,1699,2000,730
43115,1429,15030,5902
76077,100,149,374
158745,115,115,75
173361,128,129,31
109992,14,18,882
158210,35,36,119
192623,60,60,111
23573,6080,6237,2134
1708,1,100000,1750
12735,76,76,28
158859,110,110,207
1205,2,200000,5420
158862,149,190,285
155615,37,39,438
183597,24992,50092,6
180429,999999999,999999999,4
32428,51,9999,8482
12655,345,374,4669
192945,37307,37429,1637
183109,142500,142500,8
23425,183,262,97709
192908,1399,2780,1262
191386,524,525,35401
27676,2029,3099,2725
201406,8500,8689,36827
199956,516,517,285
199982,504,504,33
199952,648,750,91
199984,501,501,59
199936,500,750,37
192922,21998,24485,1070
192615,63,63,46138
128540,304,463,378
199950,501,501,188
199978,500,750,37
38887,9998,33753,46
201318,596,598,549
109991,36,17200,629
199990,502,750,171
199948,500,700,88
199951,500,504,129
199953,501,501,190
168822,1610,3500,60919
199983,504,514,194
199955,509,670,243
158201,4800,17636,1343
168825,5901,39001,27865
199942,502,504,101
168828,13001,44998,25641
67385,9900,500000000,113
23448,33800,34000,998
43478,30800,30899,230
9154,10,10,188
56850,3800,3850,23666
132183,287,287,90
178136,40,40,159
94288,112,200,381659
11393,362,1493,65
158874,108,108,44
21224,45,45,58
172055,7,1300,46531
173173,307,500,1694
176852,130,130,12
179314,7,7,34474
24511,14,14,122
11394,6,6,22
192614,63,63,808
152548,550,695,3620
11391,3,3,36
116170,90,1999900,1993
60398,29,49,257
23572,160,194,4229
38839,284,2259,24
76519,1095,1096,66
76505,219,240,62
38924,70326,159554,32
12359,83,245,134861
109120,499,534,32
171263,29,2695,290
85559,22,22,63
30813,378,378,10
178544,999999999,999999999,4
192932,36046,41166,1617
22445,125,569,146230
114056,50,999900,2156
23077,90,195,440
23793,2989,3000,3183
192634,69,69,54
173034,42,44,11181
114836,20,500000,3566
111669,10,74,1535
200057,78394,78395,289
111670,60,86,4378
21885,15500,17983,3900
193215,33,36,407783
200019,33910,39893,398
111674,55,96,3088
194541,69300,69700,151
111667,100,110,2313
200035,506,645,918
191401,2000,2000,17924
109132,159,2025,16861
167862,1000,1050,1294
45087,24,100,7286
193213,17,100,36548
23386,2,2,13
6362,10,25,3430
172045,13,6043,5358
118007,13,99520,1002
38845,116,198,146
194824,248,10000,1439
117,1,1,3901
172051,14,48040,1444
1468,1,75,4835
193211,25,85,1760760
194050,90,200000,8364
192907,788,449300,171
197760,90,143,7788
191515,1302,5000,1553
160398,34,188,6144
22832,50,1000050,983
198201,1188,1188,62
43107,1900,2500,3583
36922,1000,7400,12464
191523,4966,4966,53
198202,2599,3100,241
169456,1485,2900,966
39683,10000,30095,445
90146,132,148,4405
3771,10,25000,329
152512,798,1060,126659
69863,1500,2200,11
3927,25,216,7216
39945,96,113,5
198290,2895,2898,49
62778,185,4000,31460
199189,905,997,24
197756,71,72,173304
193252,84,99,398678
173056,4900,5549,5782
173937,1600,1600,41
23571,77500,159800,2597
158808,1394,887100,900
203410,3099,3099,108
36926,40,62,282
191384,292,50022,8935
198222,500,1355,1227
108325,99,2500,3544
181468,1301,1303,2335
169220,1500,300000,261
198311,4999,5029,686
191461,15,21,1512960
67510,90,95,99
205470,69,104,201
210452,300,465,35
202065,59,4800059,143
24057,10045,10045,8
109693,115,144,368806
192627,65,65,211
193249,13284,13284,2379
152496,25,999,474
106825,143,143,84
106867,37,37,490
167539,4499,12500,667
191376,325,429,1742
33461,3,3,47
36794,150,180,10
40919,1999,2002,878
76567,187,187,32
76697,139,1239,50
76701,1312,1912,20
193922,70,75,194544
20381,29400,30592,2727
76569,100,17999,27
195462,1255,1255,26
76568,162,180,72
198493,23761,41274,102
179291,127948,128448,6
76593,599,599,5
192935,37998,47772,1390
124440,489,999,29520
76533,127,127,18
157798,33333,33333,12
76592,900,1000,36
17203,24875,24886,2062
11382,110099,289899,1083
43571,6,9999,1373
199993,500,525,352
193936,28000,29896,3330
76526,140,149,198
190953,27,30,988
29448,135,140,10
45190,3,9900,147
76538,350,350,28
27425,24,4500,5475
76540,150,159,306
76561,212,212,16
27441,190,190,25
81412,13,13,427
45191,3000,4500,57
6299,5,5,39
35953,8,8,193
45189,199,199,32
199204,25,32,541
76563,321,321,31
76560,344,350,130
6457,6,6,52
34760,12,12,68
39527,588,250000,116
34759,69,1989,106
56477,25,32,153
31671,60,1200,14852
171833,600,700,4071
186017,3130,3133,1988
192948,26036,37094,1051
205868,191,191,133
38902,873,892,65
194755,16188,21563,22041
200006,1199,7042,423
19306,7,10,190
71810,29954,89999,625
201428,15877,15899,148
197721,1235,1926,246
207702,15897,33600,10032
44501,149899,149899,176
4340,188,2089,28650
44470,331,332,28
192919,40113,43932,1979
110632,360,416,32
172407,65,5299,755
110656,3090,6401,68
172412,49,449300,129
38979,200,200,11
139358,28899,72500,326
44465,398,400,18
38989,172,172,66
191365,2499,2700,8218
38832,1000,1000,8
110682,6696,16120,16
110645,2393,5046,40
110638,1000,5046,29
74707,13,19,238
38884,6555,6768,20
137293,28968,101571,241
19221,20,20,517
28452,29,94,13
190388,1550,4900,1402
193369,280,287,68013
20874,60,60,126
189153,1900,5000,957
193259,55,88,98250
168789,499,499,9
200003,2472,2498,116
180404,2310,2610,9
179286,200,200,4
133573,13,13,142
42434,232,469,26
5342,17,17,31
176867,115,150,11
51950,3575,3796,4829
11444,186,186,11
39933,95,95,18
19702,1900,19986,10496
81194,4,136600,1302
118472,1611,1690,546
39956,93,93,9
192958,26023,27050,1027
194767,4798,4798,5156
39947,100,113,8
36910,7500,17599,20080
52120,815,815,7
38830,10,11,193
38833,10,100,57
4544,2,500000,257
6662,1000,2499,9416
76580,780,781,21
39967,113,113,5
76509,100,100,97
76506,936,942,56
6530,1,2,1666
192631,64,64,1064
76502,100,100,92
192672,160,168,166
192675,190,190,118
197765,110,156,6613
192727,2284,2284,62
76504,216,221,17
22203,14509,15649,136
153669,35,48,10451
158189,47,119,3802
191933,97,134,1122
9262,22,92,1900
173037,10,44,4589
25699,256,256,4861
192967,20009,20012,1847
114008,25,25,8
31670,399,2000,9593
19299,7,11,185
108327,114,7200,2772
168446,12935,12947,177
33445,6,6,213
36758,54,54,85
194733,475,650,101
34747,900,900,101
74834,292,1500,13433
1707,1,1,398
192961,38123,38125,1524
194732,1233,1233,105
166270,507,507,91
7078,11,90,17843
198223,900,1400,1138
198224,1236,1237,2233
198211,523,524,223
191328,12797,12797,4309
198299,200,200,200
198214,4096,4997,237
194012,77200,77450,1603
192937,13000,35594,122
2289,1,3,758
132510,90,95,1262
191502,245,300,26
199979,509,750,553
102543,75,75,1698
102541,75,75,1344
199986,1305,2720,200
200004,1872,1900,64
38264,900,1000,3
31915,259,259,27
182765,650047,650047,2
182775,340000,340000,2
198208,84,92,288
31912,288,395,26
5469,8,4500,10818
193565,48900,48900,2964
190320,501,544,180681
21881,90,17200,11433
198216,25,25,598
124106,10890,15000,7528
4419,50,99,240
21024,294,9999,2512
52982,500,5000,26647
76136,252,260,2436
62784,300,2449,16147
193256,5699,20099,23285
58089,1495,3650,241
192720,2162,2162,20
4596,29545,31100,6
169674,296,400,609
200507,278,278,37256
194580,700,1000,99
200944,297,787,58
41801,86,4500,7078
52177,1075,9099,9299
38375,80,80,81
142263,87,1049,3408
104314,69,1670,2217
44457,250,300,16
168314,109,129,784
198503,1406,1875,93
168790,2000,2000,24
191396,375,415,4509
25454,35,35,390
52193,7221,35079,3607
25435,15,15,1102
116268,150,160,1976
191393,253,791,6076
205700,68,68,706
198487,170,170,5927
23440,800,1000,83
25437,44,45,395
193556,85000,85000,65
191363,442,498,11593
43268,74,110,121
172232,99,7900,1239617
38919,2485,8505,30
38837,3481,3488,244
34764,100,150,106
153441,298,299,93
34749,75,75,19
97546,220,17200,372
97512,220,325,820
194124,465,469,128761
194725,4199,4267,1390
25463,406,9000,1603
72238,591,3600,16602
192845,134,137,15621
79011,39,64,7986
192925,34998,44876,746
79010,40,70,16733
200010,2400,2500,294
72235,34,100,12696
5477,35,67,102
72237,70,70,36569
72092,410,415,235471
76598,29086,29088,71
166664,15097,15097,139
76083,600,2348,816
177962,101,10599,1196
31886,250,295,22
139438,59879,63589,355
137188,30508,100000,188
199056,7990,7997,26
198203,722,873,1271
33444,5,5,366
139338,31524,81255,180
4554,2084,2084,48
190327,11448,21589,87033
151538,70096,145000,259
4552,10095,26595,83
109152,350,350,821
190331,11400,11548,91595
190451,1499,1741,37155
81055,7,8,2652
193246,12920,13200,7686
191348,1140,1500,597
86592,650000,750099,59
12810,3636,4393,6288
210658,90000,24562690,9
29581,108915,108915,25
30815,6399,6400,15
210688,3,3,65
6372,1000,1975,3573
197782,1350,1500,12881
168796,335,335,10
153712,251,251,146
127834,88,2990,2396
198294,900,932,174
190450,15413,19800,14050
61978,4199,5900,8020
11371,17000,39988,3352
165016,116,116,625
120150,189,240,295
153667,1800,50000,132
2290,5,17,349
192870,1340,1400,11680
205684,8700,449300,307
168649,891,922,332621
153663,3449,15091,172
153661,900,50000,97
104104,12398,12500,322
110621,200,374,109
45768,3988,12500,396
52192,4300,35045,1708
74715,80,99,22
87888,1746,12500,171
108342,248,588,4901
58145,100,144,548
177660,14,35,622
153710,252,254,362
104108,375,375,1550
193210,24,51,686124
39004,50,55,30
180405,200,200,32
46849,79098,79098,226
104099,1200,65000,954
77531,399,399,151
173161,13001,50000,408
36931,965,1089,3120
104126,2095,10000,247
42225,30487,30858,54
15412,354,354,12429
42459,1708,2299,917
67348,185,500,32
43551,3300,7992,273
36928,270,4500,2813
52181,2575,10039,3962
104122,2072,12500,515
104127,1100,1100,707
113289,73,73,2118
43386,3909,12495,371
43366,1595,1841,302
87885,2798,12500,454
36783,1795,19999,490
87277,291,375,1912
43373,2576,12500,365
87881,5335,12500,388
104105,182,460,365
197746,8,18,156276
189154,1999894,1999997,76
87883,4809,4900,250
29580,120,124,59
149755,2096,3025,618
60379,1999900,1999900,3
43535,4999,12500,491
60376,20000,20000,5
60375,20000,20000,5
2459,425,1975,3370
194846,385,387,43413
169673,700,750,656
172096,1000,5000,10365
27439,13,2140,6554
168586,653,669,17763
108328,109,2500,1945
110640,2895,5200,41
43852,50,50,325
21558,1,9901,340
7080,5900,15499,41202
21557,2,29951,270
21589,5,7,90
21595,20,33,62
139786,11900,14503,1293
21593,1,1,62
21561,1,1,145
21562,1,1,440
192926,26671,26672,4
21590,5,8,95
206969,10588,10689,18
21592,3,35,178
21559,4,9906,293
192977,40,1500,6078
192971,44,50,531
192968,40,43,752
192975,40,65,1506
199977,1000,1584,221
8845,5000,5699,18740
139503,269,387,124
199957,500,501,72
83092,2120096,2389900,23
76137,198,280,3687
172089,100,999,55844
15408,6969,10000,2889
12184,28,4500,15654
74722,80,97,118
171840,1,100,125854
197722,1497,1697,9103
158379,2,2,670
213361,289,289,3
204308,589,938,49
192668,204,204,7
82328,7,11,324
81202,3,3,165
97620,144,156,376
108326,115,2500,2911
176811,40,45,260
4359,119,245,6935
7191,496,748,6610
37097,5,6,64
34832,144,145,6245
43851,10,480010,356
35788,676921,676921,2
35790,1424,1424,3
213040,2740,2740,16
111651,8,14,618
162664,50000,186969,5
24508,15,16,1138
108336,103,239,3424
127991,100,230,1760
113262,10,250,12254
2672,8,2500,28485
204702,277000,277600,299
169675,180,380,155
3667,3,2498,9474
38857,395,647,52
111650,20,17200,773
2604,1,1,23474
2320,1,1,193340
39354,1,1,107106
20544,800,800,16
193261,7,75,82840
40135,1500,1500,69
20528,125,125,115
152511,200,320,62501
193217,117,2790,131256
35287,19979,19979,2
6038,40569,40569,54
2685,250,250,59
168624,12093,12093,57
2447,431,750,103623
21576,18,27,766
4852,6694,6694,21
190312,2999,3600,5876
40147,5474,5474,165
186684,6596,6800,96
31895,88898,88898,7
10841,960,960,50
132513,18000,18195,26
168489,10576,19999,1155
74700,12,12,70
101747,4500,4500,1
13455,633,633,479
192972,330,345,886
12209,407,407,126
184340,420025,420025,11
192969,165,690,220
184202,100,146,162
199940,531,538,121
52115,367,367,43
199994,602,710,147
193216,395,5000,8261
194009,495,99501,896
57191,100,320,1621
44781,50038,480038,26
44780,410,480030,148
52089,83,83,14
52081,800,800,11
25428,14,14,99
4236,9399,22450,2922
55975,100,4800000,88
171272,90,289,213
54831,13,13,80
198162,2122,2122,8349
194008,275,449300,376
147669,5200,6500,16
132184,20,1999900,392
142335,2,35,43379
194048,203,290,3962
52746,1476,1477,32
190315,177,200,399236
200040,5800,5999,3361
205460,61,62,202
200024,550,558,438
168663,325,370,6281
192647,182,182,202
157844,35,35,1110
3369,960,4500,8830
76642,599,599,24
56046,1,5,170
197754,10,21,611634
194829,1030,1230,3547
25421,14,14,88
107462,265,266,12
192869,4000,7100,884
81403,19,25,119
4603,1700,9973,4460
200652,4049500,4421500,436
25440,4600,480090,31
178222,19,19,425
177040,19,19,472
40093,359,359,1258
39512,7,79,47
38992,570,587,162
22839,1100,5999,585
771,12,19,78
2775,2595,2968,5310
39220,300,390000,93
192620,61,61,506
188760,5023,4800051,21
19938,100,10050,26
192670,189,189,48
176862,100,300,70
74850,240,349,7089
4306,5,10,413599
190533,29700,29700,4003
113264,45,569,24863
205793,9998,9998,248
116654,99,99,1175
32228,20,10000,2833
67229,418,9999,1065
172058,55,55,4510
193050,15,30,974336
192669,162,162,32
34068,40,250,16467
192097,72,79,62985
108343,76,2500,2719
192860,396,415,3819
190394,77,87,1732544
192652,165,165,192
192844,131,141,10289
20862,33,45,300
199206,73,126,920
192626,66,1233340,538
142103,29900,29900,24
192621,66,66,224
204237,348,873,118
188681,300,300,42
142101,3370,3941,43
132232,682,682,9
128999,1900,2500,46
128997,499,1899,53
110609,145,151,268863
124671,7500,15000,10384
192636,59,69,23620
112282,400,449,8
33458,3,3,55
112271,485,485,19
112283,400,400,14
15410,2270,4833,7668
173079,12900,13087,52
192863,393,688,9835
22578,1296,1550,1901
111557,104,300,1081777
8952,2,202,213
178178,39,1000000,1224
36921,448,30047,1150
3180,2,2,57
199999,504,504,79
192654,175,175,44
178551,899,900,7
171370,45,54,1245
39524,300,4800000,12
31898,300,12000098,121
199981,539,540,942
191366,400,19800,223
130268,1050,440050,86
4361,7,9900,162
38993,729,729,48
205237,500001,4800001,4
210246,18097,20000,241
172092,30,300,109297
2449,367,807,45194
46379,962,4499,1207
158858,20000,40095,6
33632,25,25,21
1645,1,500,259
18283,1327903,1327905,10
43467,3,3,48
76552,100,100,158
76097,100,115,191
76618,165,165,26
115811,64599,64599,16
76682,110,110,56
24401,90,900,13995
173160,39009,39999,714
87559,399,515,131
33451,5,5,38
199958,505,507,90
199941,503,509,76
130903,3730,41599,1973
109625,64,100,503
200002,501,502,65
22450,183,599,189367
80594,168,169,35
200000,508,508,93
27498,100,198,104
199960,745,750,29
200819,17000,17000,71
199188,375,375,78
154167,190,200,254
4404,922,9999,2027
172233,398,400,313
128546,5000,9723,47
22202,135,152,2030
12404,4,806,1398
109218,231,249,534
109221,70,72,248
151566,15,600,185664
17057,6,7,285
14529,15,15,531
4470,1,2001,100958
17030,50066,50066,11
191394,902,1264,2703
62779,8,6000,1660
39936,33343,40187843,3
191464,83,184,55725
205172,180000,200000,56
20540,18500,18500,15
199194,500,500,144
20435,162500,162500,7
191385,422,980,1734
32902,3,10,9648
12190,65,65,99
142266,10,18,27042
191378,411,420,5736
107528,89,400000,583
192747,60,160,2983
116172,555,385000,97
205466,5800,6000,83
155601,36,40,429
38841,600,700,45
190395,54,76,60369
38792,120,120,19
39203,763,793,5
32229,24,525,3019
208212,13500,25000,7973
192707,58900,100070,5
191940,3300,3900,16082
200838,2692,2692,71
41976,350,370,38
155635,34,34,109
128219,25,25,6
188762,2200,2343,15
193927,89,100,370139
153714,251,251,448
193222,1400,5511,5558
153713,285,1000,347
8173,50,50,450
153711,257,257,136
188658,138,158,395065
172413,24,5299,995
62519,225,300,87
1529,475,525,1964
2304,5,8,352
194016,87498,89997,2412
4601,5,480035,108
175054,274,275,11
39357,197,197,3
21877,8,46,110270
193384,182,182,96
110624,429,429,103
33547,284,884,11
76661,374,289100,31
30821,19,19,66
107469,25,525,81
1701,360,361,19
192728,2100,4800000,31
128159,299800,299800,1
5136,5,7,80
199193,2696,2696,71
4265,10,10,471
29739,194,50047,58422
191467,86,103,44190
73260,12,14,207
192895,39,2500,1854
35948,8,8,131
44599,8,108,1621
176853,38,38,81
136564,66,66,10
23111,200,245,57
174041,2200,2200,88
17031,19900,39783,16
27855,3,4800003,1926
17032,29900,50077,25
76609,2500,2500,13
34599,93,998,1377
58268,9,9,177
8953,3,3,46
200842,1550,1550,23
27651,70,70,257
200871,900,900,44
193410,1037,1337,6
201192,3497,3497,4
173874,130,130,72
192704,1800000,1800000,5
171288,198,198,5633
8154,340,1500,8649
20875,60,66,98
11406,5639,5999,303
194970,4854,4999,62917
6532,1,500,1504
25418,12,15,511
168191,400,800,673
22850,200,693,63
29449,6,4800004,2648
62529,302,302,11
5115,100,100,117
74844,100,117,24796
197741,40,75,410522
42500,194,195,31
5124,55,60,93
56158,8500,8500,24
173360,200,323,509
77529,35485,35500,106
194967,129,247,109707
114015,28,40,64
204463,270095,399999,3636
23786,132900,132997,222
41146,10977,10977,24
42641,75,80,836
118006,13,15,934
184308,5,5,209
128768,89,999,7560
4097,92,92,37
5137,9,10,111
197747,7,20,440103
120257,850,855,724
181388,1777,1778,9
5476,19213,19213,2
85568,980,1000,103
147776,3183,3183,54
38371,10000,12000,10
4536,14,100000,468
34054,44,98,1909083
72163,3799,4000,423
14344,13,91,852259
28461,465,500,62
28464,1125,1136,104
52555,528,800,27947
52719,316,585,110546
194049,170,480091,5075
173170,270,375,770
109136,130,1420,26437
28458,495,1195,77
28468,990,990,64
109131,89,559,34957
68049,553,582,289
71867,13975,13976,29
192648,175,175,849
32470,1195,1200,406
109135,124,2499,16106
156930,55,99,334242
109133,90,104,4937
191324,800,449300,680
1702,5,4800005,22
168189,499,10000,2379
5525,1,40,501
188683,47320,4800021,18
33447,189,3400,975
172358,19,91,581
172359,24,45,1081
71836,39985,39986,54
176086,314,1214,159
158838,4499,4599,10
169149,150,150,23
38425,2647,2648,13353
29560,4998,4998,69
104348,300,400,76
198506,4000,4000,29
193387,240,240,3
52249,680,681,52
21536,1270,3900,4152
76061,11499,19800,58196
29568,200,200,8
23782,11006,14555,623
41814,595,1999,4923
169146,1430,1430,3
188835,296,296,325
200841,2475,2500,108
31894,200,274,27
154898,10,75,9129
191511,475,601,188
36927,1750,2038,53
192622,65,65,355
36918,364,380,86
36924,300,30000,1261
192715,212,214,72
36933,398,715,168
192629,59,59,236
194816,2600,3693,338
200793,1515,1515,41
192630,68,68,102
192664,188,188,19
27860,4,104,399
22682,8500,8600,1213
52139,49997,49999,9
23107,125,9550,3621
192871,21826,22282,2282
52988,670,700,32119
192610,63,63,147
22794,895,17200,278
211810,400,490,79
201314,501,501,73
44618,207,207,31
76692,2989,2989,89
192992,28097,30098,396
71817,30938,30939,45
52234,2941,2945,11
30183,200,2400,1328
43658,900,1800,9
3372,9999901,9999901,45
44468,74900,76250,4
45999,60,65,6
44464,900,5250,4
7966,100,17200,19173
37252,38,39,10
193238,14878,15404,6572
90554,12596,12597,3
28284,198,246,11
58276,274,14475,115
44288,10000,24377,22
127764,343525,343525,19
190235,4299905,4299905,78
188811,3000,3000,11
53051,57,60,1671
52179,3575,8918,10642
188794,1595,1595,58
128992,2523,6468,26
76089,109,999,2284
200786,1989,1989,37
192730,176,176,89
5428,800,900,45
192624,70,70,584
42253,100,104,20997
70139,40099,40099,9
141446,1099,2199,47
118902,55,55,23
116981,1,2,1320
168755,1900000,1900000,14
67407,7,9,19
118901,8,8,13
4960,9999901,9999901,37
168791,200,250,62
2928,9999901,9999901,37
206968,2495,2907,53
170165,9045,19945,243
13365,450,450,3
13364,94,94,3
200795,753,753,48
192872,7,39,236167
45201,275,275,5
190535,46100,47528,2936
191949,60,60,2282
192885,294,393,47502
194819,170,170,38023
200828,2400,2400,8
3860,426,458,13227
192719,4500,4500,22
74723,200,223,33
74708,1037,1037,284
74709,55,64,13
74717,218,219,63
192605,175,180,199
192931,17500,20000,57
2677,210,7500,19755
76660,255,289100,27
136636,900,1400,125
180624,700,700,3
61995,99928,99928,19
76554,275,345,66
44082,200051,200051,1
44088,250003,250003,1
56035,240,240,5
25426,12,12,707
5429,1000,1000,2
52762,24,3069,58
46002,900,5200,2
52756,8,15,79
136598,900,900,2
7068,4,500,12393
6358,175,2500,38520
144408,500,500,1
194578,6093,6500,6570
191379,650,200000,2376
177028,300,300,9
173204,39,141,1812261
41338,60,60,65
193253,799,897,544400
57059,500,500,1
57064,4600,4600,6
123919,90,735,1760097
15417,394,99900,1689
65512,9000,9000,22
173090,14300,14500,50
23436,4669,5452,132
173088,15000,15000,17
173089,19978,30078,134
19264,5000,8000,6
173073,4950,12000,161
173163,13400,50000,610
173102,22400,22500,66
173085,30099,30099,27
28399,3,5,432
113263,50,250,10492
3371,1,1,103790
173093,20000,20000,42
192721,20598,20598,6
62518,23,4999999,131
173099,7425,28333,59
154899,7,7,25764
173065,331,20000,583
177843,95821,95821,9
74645,900,2500,435
177840,51089,51091,11
200506,2,3,117534
159467,2333,200010,193
200777,738,738,65
52087,335,335,48
52121,194,199,14
192674,170,20070,91
111522,6,3500,67
52164,520,521,25
191512,1044,1289,260
173912,83550,83550,2
81200,56,90,584
194567,644,1450,855
169299,5081,5087,716
152547,350,690,5351
30809,140,294,27461
176865,63,63,94
153487,12,1999,1670
124113,120,500,56106
7076,34,36,20231
43010,70,9999,1389
204972,133,133,4881
200022,5000,7000,2839
193946,72206,199999,161
42997,149,399,8266
172052,7,7,58741
191331,893,893,2664
179315,7,7,26282
191522,1431,1431,22887
124437,23,41,1210727
133574,118,119,288
124438,1,45,122802
38855,568,569,38
5567,375,375,3
141910,18850,18850,141
163152,500,590,29
163395,800,800,39
200039,4880,6080,2804
193254,4200,4200,13310
63337,9000,9000,1
31883,250,276,38
34825,152500,152500,1
193230,6000,6278,1373
197850,12919,13180,36
63343,30000,30000,1
38968,79,80,37
11939,474,474,20
5430,500,500,1
46361,6000,6000,1
62238,500,500,2
43011,50,9999,4676
5113,20,38,76
123956,7399,7400,60
74861,325,330,1448
201405,12935,17927,10934
41808,75,400,4716
27435,25,9999,2276
128793,24,30,45
172059,30,42,5093
22457,8000,10096,5449
133607,11,13,2909
38269,475,475,1
52722,134,500,397705
180885,30000,30000,1
74854,255,255,974
85584,199,628,427
163897,10000,15000,2
10286,78,82,124215
109184,11,13,249
42998,308,308,7
201991,20800,23394,5887
7909,144,260,15754
42994,2908,2908,1
114013,219,219,20
34756,155,155,34
12811,22000,33680,1776
39002,189,597,52
34757,400,400,5
41802,50,104,6479
42999,498,498,43
43004,100,119,2221
194823,2921,3000,41500
33052,180,190,36
4304,725,900,4560
43001,743,744,400
2674,1400,9999,7795
43015,310,310,237
200058,229909,229999,305
43005,300,300,54
42993,100,100,123
74250,27,95,1364396
34768,150,150,66
31911,1967,1967,27
43480,7000,7000,364
172056,13,13,3829
34766,6925,7525,118
172057,24,28,13878
42995,100,195,2
190236,4800017,4800018,6
34767,500,500,58
34755,407,407,2
7973,760,7777,543
124116,9520,29948,10165
27667,25,25,75
27666,14,14,236
193925,1177,1177,5900
27660,19,23,72
74857,869,900,2996
27665,500,500,21
76643,1805,1805,13
76656,115,115,5
33872,200,200,48
173109,251,273,972
15564,10,12,130
20871,131,200,57
42780,55,100,16291
27663,99,99,11
33867,300,300,2
174327,90,93,1297
30155,24,24,1
168311,49,98,1521
109127,143,340,237640
192868,397,405,5041
20864,33,33,939
38875,4385,4666,99
27662,75,75,40
192683,180,180,28
109128,110,354,243459
171271,48,449300,183
109124,132,320,212496
114004,7500,20000,18
213213,4003,4003,3
5122,9999,1980099,22
33459,3,4,89
200224,29023,34743,3753
176874,119,179,67
30814,495,495,11
109126,132,342,269564
24519,74,74,35
23939,350,350,15
39218,224,224,24
24521,497,497,5
23938,18000,18000,62
58265,75,98,9
108978,111,118,18
193931,950,970,8658
54837,1450,1450,20
197858,653,653,359
19706,400,25099,1912
43465,21,23,86
30466,695,700,17
19701,399,25050,1883
198185,106,106,23578
210842,190,190,70
19703,748,25000,3576
109076,318,399,13228
191943,61,70,1030
171264,50,56,338
52082,490,650,6
197780,197,306,20578
198261,79900,94373,366
133575,13,13,985
197777,20,20,1717
13760,375,16300,4945
191398,510,1133,1231
60486,44,1044,227
8544,40,80,298
197758,20,20,1669
200582,3762,4663,2238
25708,4700,7600,27117
111455,13,13,1529
147868,2187,3483,29
197759,27,30,656
161053,22,22,655
172068,13,13,613
173128,1500,2000,494
200012,135749,135935,306
39682,249,285,530
154164,29,499,114410
172069,18,20,1318
210245,700,1000,85
770,333,333,10
197743,93,136,57842
185480,2094,2094,8
185481,4830,4830,2
53039,22000,39900,1833
128632,11,50,4897
172094,5,169,183357
198218,299,397,214
199935,501,501,53
39568,743,743,6
130192,39,40,106
198192,1401,3599,1925
207022,400,1499,34316
204621,300000,300000,16
200036,2494,2900,1670
13444,36,73,492
199934,580,1500,345
193250,21391,26814,5728
7097,1,10,91
2678,1,100,35051
158752,199,4800000,33
39569,4599,5700,23
194723,400,400,23
206967,500,522,118
193561,9983,10000,341
27854,3,3,277
44764,100,100,7
128847,2000,2000,38
74863,369,400,2567
152576,12,19,7348745
5466,2,2500,18202
197761,20,20,2681
142264,400,500,589
172408,714,10599,1396
163782,805,17200,548
199975,14209,14999,78
109137,75,134,18285
172361,140,449300,385
198221,7000,7000,563
200011,17082,17089,42
152541,89,1500,72685
160711,126,130,3192
152506,215,315,89385
199967,7099,7500,292
152505,251,388,57617
106824,29,30,64
13457,699,699,46
192918,19000,20000,33
71809,15434,15985,177
192705,2198,2198,10
200046,59997,59997,117
71807,26794,26795,112
79102,78,300,38
191362,1420,2185,923
3685,5,17200,19361
158823,299,299,13
75037,100,125,75
22793,1075,1396,1138
32230,143,10089,1978
191950,2080,2087,1763
27677,3,500,6658
36934,610,15000,4341
191333,782,900,374
198298,100,134,69
198310,175,185,42
44755,19983,39988,141
192552,5487,6885,4995
202071,41,41,2208
163901,17500,17500,1
23781,899,1999,1699
5431,700,700,13
23783,2422,4522,2076
46378,800,1370,519
154897,21,100,35455
172504,3500,3500,1
192927,3300,3300,18
44331,2072,2072,119
198305,100,109,23
172501,80000,80000,1
63310,10000,10000,3
63272,350,350,21
62341,100,100,1
147210,77500,77500,3
40211,300,300,341
37093,22,48,59
18512,4500,4500,39
33460,3,7,77
44329,2050,2999,297
38867,10,13,57
200018,34900,35000,1223
44922,3205,12495,535
204836,3500,3500,4
38806,54,54,13
110642,1723,3472,48
25650,75,75,212
65511,1800,1800,1
38829,92,92,65
38866,25,30,71
56055,300,300,2
5467,42,9999,2163
201883,89800,90000,345
191395,1876,1876,11183
22456,7369,7700,7245
74662,17218,17218,128
143853,450,450,3
76636,818,1118,87
76638,400,792,89
27729,8000,8000,1
158186,3,2903,53673
204839,4000001,4000001,3
198549,501,1401,1009
29564,150,150,58
63274,1780,1800,145
52977,520,1000,865
62391,450,450,7
54817,2200,2200,1
45197,300,300,10
198499,4300,4300,400
159471,125,218,195
153438,55,5599,828
25895,325563,325563,12
30476,90749,97500,69
154889,14,14,561
12800,150,180,1156
192954,14717,14717,27
108339,55,60,3515
152510,1100,3900,39495
86432,800,800,68
118565,34147,199999,30
38766,10,10,1055
173122,899,999,76
192865,408,410,17721
173123,275,475,84
113111,224,9900,2320
114931,349,350,149096
199964,670,670,43
199962,546,546,29
21177,30043,30043,81
38768,35,37,94
199961,525,550,48
198318,87800,87800,604
131746,7900,7999,38
199959,500,501,90
197790,200,1011,26841
198308,166,166,91
13468,48998,99900,2481
163019,91,91,48
175886,5,5,3509
153479,940,990,496
198317,2000,2199,222
159785,4049,4096,182
76542,150,275,215
192867,349,398,19957
76608,84993,84995,31
201315,499,500,314
110610,24,689,53111
198164,115,120,1134
198422,58,63,127710
194785,366666,379863,82
204790,20,34,318
22790,214,244,1547
194801,309900,333033,293
154122,373,924,319
194966,114,190,147922
176877,198,198,26
172053,7,2005,24448
192913,82,82,363
168427,31900,33094,473
72095,6990,12041,2378
17011,44,100,4564
39151,849,860,6060
23768,192,197,944
39334,300,322,29789
112180,9900,9900,14
39339,1840,1999,701
77542,2000,6449,24
77544,2300,2400,78
39340,3300,3395,4518
7910,64,300,2177
77546,1200,549800,25
39341,543,544,4240
52195,6575,25000,2645
39774,649,799,1664
21882,25,28,3669
43103,2397,2597,872
43104,498,6019,12195
43105,1099,2100,6724
80593,46,50,55
43116,1974,1975,1483
80592,49,1572,588
14047,13,25,148713
140587,940,940,961
61979,1400,1498,8426
31904,19500,19500,4
61980,93,95,7249
74845,255,17200,487
33568,430,485,2484
194822,92,93,12675
133557,14,15,343
199988,2100,2100,59
37921,125,246,5478
133564,1080,1080,1059
79251,88,2969,13631
79255,400,10090,40212
12607,699,2497,705
8170,154,331,17077
193555,179800,250000,679
136545,35,35,33
194571,2660,2660,83
38965,10715,21269,18
40771,1100,1255,375
200581,499,3161,758
200575,497,497,250
109122,3300,3473,17
198291,120096,129996,46
118008,3020,3499,26
77540,1300,2580,17
198257,560,565,218
133565,35,40,313
128553,30575,30590,271
74712,50,88,42
41800,9845,50000,5476
15415,51597,51597,3694
115803,200,200,81
15414,4152,9700,12302
197770,17,17,766
194685,249,4000,3194
200113,21000,49999,28299
28362,9900,9900,143
28118,6000,394100,45
192942,36097,40000,1076
28119,1000,394100,47
28363,9989,9989,62
80591,70,277,208
74838,285,400,2066
28123,9900,9900,137
23766,599888,599889,8
1477,1,5,440
37145,100,201,66
12644,75,75,158807
204971,41000,42000,404
194868,1200,1200,3
43117,392,30092,1414
39469,1059,1800,7805
74704,1587,1588,40
53070,46,66,7017
53071,4,17200,2383
110628,449,450,16
3486,199,299,3285
62781,79,6000,2251
38879,492,497,22
38949,13,14,82
39317,1000,9262,6
38973,1292,1292,153
38974,95,96,28
52340,133,333,291
52767,164,164,52
74721,232,233,35
29460,1400,49999,11006
83765,16799,16800,86
109160,870,941,1351
11291,42,300,17503
199987,1555,2287,38
193952,95,100,5052
118,65,999,8497
177715,22,10599,628
2594,87,87,194
34052,211,9900,683714
2723,2,2,53
113278,15306,15306,5
3770,2,25000,521
4093,321,321,3
44157,2015,2025,31
955,80,119,66
4600,4,5,114
2770,200,400,397136
191374,833,834,2274
2835,5,99,99783
191321,900,1500,427
3576,200,225,2987
68780,5000,5000,35
74847,300,2500,5190
53010,125,147,32049
39970,760,885,970
8167,545,587,10670
76523,10029596,10029596,6
192911,376,399,37
192904,146,558,412
201409,170000,180064,384
56033,5,5,41
200779,3700,4000,44
56047,22,22,20
200030,3407,3410,6424
172904,593,593,102
11407,66,66,24
19704,1400,12757,7377
193938,40000,55006,2106
19705,2128,15064,5253
63128,26960,31199,152
152560,280,5999,329
122742,5,11,92
7392,1569,1681,6944
52078,650,1000,10531
138383,101,181,30
192923,3000,3600,133
192959,23131,23132,30
108329,320,2520,1884
192950,13499,13499,14
192946,19884,19984,53
783,400,2139,6503
82442,1500,2400,148
152638,5068,14999,354
1015,3,17200,1039
58267,10,15,45
198238,19963,23863,553
192929,7700,7700,56
192920,2631,449300,77
160710,7,75,8932
153704,250,657,480
19441,14,19,2702
53065,3700,4519,11189
128833,40,375,22
82343,80,80,39
187802,224,275,1345
199996,500,750,194
193930,489,500,28349
193237,13998,14000,2546
190531,6296,6297,502
128648,6400,654198,179
128158,710007727,710007727,1
13462,8,8,136
168392,1154,1154,5
152557,29,99522,66
40081,300,400,203
89328,500,1500,43
168185,400,1500,35859
40212,760,760,1030
19259,5000,5077,20
74853,26500,26800,400
76098,60,60,364
154883,20,55,818
169954,2565679,2565679,5
95481,15,5015,443
40059,4692,4696,4
37091,10,47,58
83095,84,84,11
195543,161,178,51
192979,11098,11100,237
52770,70,99,61
38785,11,120,44
45628,150,150,46
76139,890,1100,467
34056,26,90,80635
211270,10800,10900,73
201584,925,929,3283
41810,10,23,23724
177062,988,988,9478
87806,1799,3205,108
193389,2090,2090,25
52772,223,349,62
158760,123,123,50
38777,60,99,196
200860,430,438,65049
202712,25,100,257
158861,132,132,29
197853,832,19950,2632
58488,19498,19502,3131
155603,38,250000,301
38782,100,100,173
158865,127,127,99
38822,40,40,37
22446,101,200,126229
111676,35,100,3445
158771,43,94,311
158872,40,40,9
197857,293,294,126
81406,12,12,185
197775,92,93,558
60224,1575,4499,20787
1177,1,480004,218
90551,6000,775512,45
93351,1503,1505,147
17304,97,99,272
17307,600,700,105
31901,250,490050,111
201407,47499,47499,17
44287,32582,32582,16
44262,19443,19639,10
139314,87300,95000,959
44285,19656,19854,7
194730,199,207,139095
2453,195,756,38478
13928,6500,8438,1939
139311,70091,84231,447
10546,9626,9626,49
13755,3800,8000,997
139783,20000,40098,19
200304,275,375,59
191468,90,500,440429
200305,499,499,69
198232,100,100,285
197744,186,395,66419
175788,38,2038,35009
108297,245,17200,643
124120,7,15,149315
198303,245000,250000,22
108300,399,17200,509
19698,900,12377,8352
19699,1609,17725,8472
19700,1372,25099,2989
132212,21,21,179
132192,310,326,28
4608,2,2,207
81405,12,12,139
136654,50,17200,265
192903,244,449300,136
154129,351,351,241
158327,300,310,53
39342,1093,1095,10724
132237,25,25,127
173202,2,8,5431505
132193,40,390000,127
44936,77515,81594,7
79304,44997,44997,2
79300,15090,15090,2
115808,135,137,15
153702,251,251,840
79254,936,3049,2902
52752,199,200,43
16000,38,39,521
4784,4,4,201
4787,9,9,147
6260,1,1,27291
193385,161,161,659
190326,1247,1250,94695
108330,75,3600,3334
52758,10,727,63
198397,425,433,2989
154128,355,355,161
154127,375,375,261
154126,355,355,221
194792,4996,4996,113
188684,2877,2877,9
192850,120,154,16746
142102,1500,2097,44
43464,300,300,43
188761,4271,19999,572
79283,25017,25017,7
171203,4099,7499,38
180309,1900,1950,4
62006,10000,10000,14
62014,64088,64089,3
79295,4900,4900,7
79301,40000,40000,1
10310,400,426,46
10308,200,211,78
62012,74642,99129,2
62008,142499,142499,1
79284,20000,20000,9
79314,4091,4091,4
62019,29241,29241,8
194799,4500,4999,136
190396,55,75,1152050
72988,20,209,65571
111431,55,100,307
172061,15,3915,930
76090,455,517,628
192628,64,99,342
76076,100,158,966
192617,64,64,545
197781,320,499,7556
7912,4,20,110250
152877,2300,9900,4125
27682,55,5000,3716
154166,600,8000,504
37147,100,100,72
203652,5300,5300,154
52327,587,866,14180
89512,305,20903,36
163225,30,30,1851
61992,20000,20000,6
201312,500,500,192
193924,467,517,329234
17056,19,100,46711
77543,2399,286199,14
178545,40,41,283
173033,7,7,13941
108341,50,73,4169
213184,950,2090500,2
81407,56,56,30
153709,1677,1677,288
205221,200,200,4
13889,855,1019,3164
212767,250051,4500051,5
159867,16,16,45
159874,89,89,21
62780,93,500,1478
1288,1,99,2642
139270,63999,64645,498
197786,1034,1525,9812
203762,1072,1278,3305
132216,50098,149999,54
107461,299,300,81
107517,34,35,324
108980,133,133,79
116923,793,793,50
108439,49499,777778,399
108979,124,124,19
199969,2100,2957,380
197849,80,88,185
133563,59,64,219
133571,15,20,205
171195,62348,62349,55
76684,600,246609,27
58256,7,7,144
199937,890,999,145
143681,5,5,967
193955,790,790,8740
13447,155,169,371
23441,450,666,188
193960,60,233,551
7307,1,5,85
76130,95,7500,5248
22788,500,17200,203
201311,768,769,135
23438,300,518,174
33081,485,485,20
132525,20599,20599,10
32227,285,3500,7237
44573,6,7,38
32249,24,10000,3533
32231,70,9969,3929
16169,1118,1118,142
204235,19,35,484
32897,7,299,84668
74849,110,152,17214
39927,1308,1313,23
68357,5496,5497,50
31903,264,264,18
139435,68690,145000,329
180058,1900,1900,360
152542,1,209,277153
116148,800,901,1142
194010,900,5090,7639
107640,20099,99937,1814
20873,66,190,71
4384,100,100,94
136606,290,299,90
191507,1488,1488,587
194569,5000,5287,6679
10562,75,100,893
4365,2,2,506
208189,340000,415962,201
204829,11489,11489,2431
153490,4,12,1001
199057,99,254,18
124108,19,100,24676
1017,2,2,326
128650,30,100,59249
76686,104,104,31
74852,655,17200,781
74659,100,167,444
62001,221949,221949,1
43119,300,3800,868
43122,999,999,3099
200015,41745,42599,35
200013,65700,84177,169
128736,667472,667503,2
43126,610,617,4988
128988,22543,22543,23
38811,92,92,36
4461,1354,12099,1249
68134,1815,2166,80
43109,1357,6061,35228
141908,25999,26095,77
38798,99,1110,2
74727,676,676,44
191460,12,220,84606
67749,1075,1075,80
52205,3044,3044,50
44330,255,255,651
40215,1998,1998,5
61984,34,252,75
41266,9900,10500,299
40016,418,542,4
190534,17499,17945,4456
191462,18,20,750878
4556,145744,145744,17
76647,750,891,23
191944,122,144,2825
168501,923,923,115
153701,250,657,747
104344,5500,480000,80
19222,2,3,36
168638,9879,391601,80
5633,1497,1497,668
112093,85,190,142
10592,500,519779,780
182653,99,140,200
168640,699,999,231
52208,5004,149902,12
52210,4499,4500,32
52237,11050,11050,9
52242,3480,3480,60
44963,800,3600,108
76679,200,200,27
59594,23444,23657,31
38783,222,222,24
74622,36123201,36123201,1
52212,9875,9875,114
183951,248,17200,1157
172419,93,10599,1830
76665,195,195,13
69955,117228,117228,4
192855,390,398,19768
53038,987,1488,91847
118415,67585,67585,312
31905,300,390,17
124439,1,50,49641
198421,60,64,34328
86073,1000,10900,31
200775,3972,3972,49
29454,241,100000,3
160712,7,7,9928
4540,14,14,251
117453,81,81,125
19282,1000,1000,5
191510,97,256,1605
169130,41,41,168
192841,290,295,23969
21747,70,95,626
10290,7,7,1503
153442,4750,18091,90
168447,13595,14333,207
198315,91055,199000,25
192857,618,796,3266
4594,12,12,364
4457,5000,5000,60
158775,43,44,152
21570,14899,14899,130
41479,250,250,5
169446,511513,511513,9
41595,9025,20000,2215
198183,105,111,2491
21569,24990,28187,44
41470,126,126,5
41485,602,602,5
39968,292,292,9
39908,300,300,2
41495,590,700,5
41434,450,490,2
39976,199,199,6
39965,156,156,5
41453,150,157,3
39916,57998,57998,5
39948,500,500,38
4358,2,4,748
129100,23,100,9215
39934,300,300,19
31906,259,270,8
35128,217280,217500,154
191387,3900,4851,2348
43398,9602,12495,233
29452,4,1500,342
192644,163,163,98
12799,100,120,4960
154124,360,525,822
29559,99,99,21
115502,2989,29099,9785
52103,3590,3590,24
44749,7,7,29
130250,1793,1793,2071
76695,995,995,50
7964,2,2,228
194684,98,98,2087
194011,40000,40000,91
76652,1100,1100,20
35707,2758,2758,20
17058,1,1,136
29567,18,356,18
29563,111,111,225
168232,19898,19900,24
43853,100,109,1624
199972,37611,47200,88
183950,226,227,936
115805,125,125,76
198535,1100,2000,104
198536,3772,4268,78
158873,3600,3691,75
197792,2200,2300,30434
198184,195,196,12313
205699,194,194,3
23446,538,538,4913
205464,179,179,45
23079,43,234,4167
12360,25277,25800,2194
23445,2375,2425,14478
200576,2444,2444,2041
142406,299,300,53
128314,25000,80000,2046
52843,9400,65101,1251
32067,83,1499,1101
3577,1994,5500,24843
31917,120000,509494,4
198189,1549,3099,1768
12808,8383,19599,18006
33448,60,64,358
198176,23299,23299,329
197757,299,299,111605
22853,1900,2100,183
198254,111,5242,301
6451,35,35,151
76663,100,100,15
4366,2,2,218
60389,100,190,78
192695,1985,1985,84
187648,18899,18999,101
2684,45,50,170
197779,159,277,9843
80431,2015,17200,246
3662,2,3,272
52718,100,999,5613
61981,138,250,902
192973,8995,18560,79
59479,5028,5028,30
27429,11,2500,5876
76896,16268,16268,21
136546,19,19,13
213277,1063,1063,2
40037,8691,129245,2
172363,253,2453,226
153440,35,4599,180
172347,92,93,491
189541,7500,8990,1521
4541,14,15,32
212688,536,536,4
83763,15000,15050,55
193926,2090,3325,1329
213041,200,250,2
34055,63,145,770025
176871,121,121,20
213384,250,250,4
213363,242,242,1
43123,950,1199,1191
212768,1500,1500,5
213360,4900,4900,4
213366,180,180,2
213358,1500,1568,7
212771,200,200,2
58269,10,10,158
213042,400,400,2
79253,390,7000,76062
201421,3890,4930,2354
43108,500,500,1757
72986,299,305,1982
43106,712,712,12803
43121,430,700,910
169445,11300,11300,818
69864,94400,160000,6
172044,109,155,1107
60858,3507,19999,260
4371,573,9900,810
4375,825,25000,992
76666,2822,2822,46
35720,196,196,145
168500,9899,9971,848
172040,325,337,2139
40070,200,1999,1322
44325,950,2999,197
133593,19,17200,783
133592,89,89,1487
133590,95,100,1237
133588,22,100,1090
193932,19888,20000,580
44165,156,200,36
167861,1304,1304,1554
1712,20,324,18
151720,459,5000,1831
113355,431,449,101421
37140,421,440,90
32413,20000,37500,135
37143,10,700,72
180060,9061,9561,39
140187,22,22,64
19258,644,644,21
32464,20,50,7360
9187,5000,5999,899
19231,2999,3000,10
44143,700,740,34
44156,788,825,49
44154,800,880,32
194731,600,631,68
40076,599,4499,377
189145,200098,1999999,118
23736,25,25,403
7286,245,269,8380
153635,21,23,39375
3826,2549,2549,2037
151567,89,970,837318
207086,49985,49985,56
159468,195,195,62
58263,12,58,117
163841,19,19,64
40360,26863,26863,1
158856,814,864,2
22871,350,355,55
155608,32,32,135
6049,200,200,176
158773,129,130,71
158212,525,525,47
191465,90,148,595848
197745,548,565,139685
45621,474,2999,503
31882,285,490085,154
133553,80,99,27
33443,5,5,50
158806,133,133,44
23826,12500,12500,125
22795,9,9,661
200794,2398,2398,26
34850,1550,1950,83
52108,4943,4943,5
155610,45,60,322
68779,2222,2222,63
200789,3590,3590,39
200788,1346,1346,59
80590,169,169,38
128995,999,999,34
29740,2725,49999,6425
158870,36,38,101
200787,18500,18500,74
192993,14500,15099,2607
200790,985,985,179
158849,1699,1699,8
151256,1268,1268,669
205173,234088,234088,41
4389,1663,2059,199
194737,659,664,339
71824,39881,39881,20
25700,1669,1716,18217
52222,1993,1996,25
160484,190,190,12
71843,34999,34999,39
213182,4000,4000,5
212770,469,469,4
154885,21,99,1217
4405,2,5,63
213203,900,970,6
141318,2500,15000,8
213368,599,699,4
176872,253,253,57
10559,442,455,311
200029,49800,49800,1043
163050,3063,3063,6
159850,2292,2292,9
52299,8566,8566,18
52289,5015,12982,21
192851,140,148,63363
192884,522,525,3541
44458,15,15,45
4232,585,4500,4914
38987,240,300,27
38946,143984,200024,34
13466,1000,4500,4144
13467,339,680,13671
54447,230,231,181
12803,3022,3248,2213
8838,1100,1873,86362
8846,1350,1945,24453
2450,273,1500,38712
52250,4784,4785,18
3818,951,1149,6278
2452,190,1200,64679
765,349,640,46315
3821,3400,6146,23991
3819,1300,9999,3807
3820,250,1500,15822
3358,1078,4500,5500
124109,280,3500,6439
4625,1200,3600,25833
8831,1500,1679,9069
3357,500,3600,6953
147119,78098,150000,254
7070,12,12,13252
785,125,269,21662
139890,68506,149906,2962
59230,10,10,110
193935,27000,86599,363
23427,4780,17585,13515
168302,50,1099,14131
192838,119,295,10380
32720,50000,50000,1321
173127,1500,1525,638
13443,85,90,192
25802,3790,11000,35929
38772,99,111,48
38790,249,249,101
200532,500,535,5
38771,11,14,295
192899,541,975,4261
22451,33469,69900,6739
40195,609,609,45623
74848,175,955,13147
190378,12592,16985,1416
198304,463,463,37
197736,82678,94588,81
191373,449,890,1367
183738,19,10599,506
172418,31,10599,868
173038,8,13,536
173043,3,3,326
76668,300,300,79
11370,1585,2900,64794
9355,65,70,5
29425,189,306,10764
40039,3092,3192,49
187703,2188,5900,47722
9358,1000,1000,1
44739,350,350,201
41163,15398,29799,3220
159786,7572,7572,107
9356,5000,23492,24
4235,7450,19749,9552
193962,236,300,54
83064,111,200,596
37567,25,25,105
183823,82,82,1363
33462,14,15,68
76649,2589,2589,36
6887,2991,2991,562
24479,14798,17619,4588
33457,4,7,66
200047,86500,86500,976
76897,7014,7014,6
4539,8,100000,1567
13934,885,885,43
198296,588,1988,33
199949,520,520,91
180411,132,133,3
179279,100,100,5
138875,1,1,367
35557,9950,34000,2724
198833,3200,3266,10
171292,1000,17200,967
128983,800,299999,58
171290,800,15094,1014
128985,600,50000,42
23447,14796,24760,9677
171289,400,520,4117
201420,10299,10299,673
171291,200,1000,1179
2735,7500,7500,10
172414,25,50,361
2748,5000,5000,9
171287,605,707,2098
160705,25,25,3427
2749,12500,12500,4
153431,93,94,41
162561,519,519,22
20520,10082,39882,18182
187636,10900,17568,659
200768,966,966,44
2287,1,10000,192
162556,450,978,178
52984,599,5040,16303
2581,12,12,396
200572,499,2500,85
200578,475,529,43
169451,1190,1190,1158
2313,9,109,48
4537,27,27,271
77272,4099,4099,17
34907,226,226,4
211383,100,188,211
187701,3200,5900,72996
35622,4500,5500,7191
13926,26400,79800,8488
19768,5000,19900,10817
154168,2298,2298,160
193470,180,1499,222613
21114,4,5,39
173057,64,1999,30183
21151,1,1,75
29451,4,4,327
154705,1425,5999,942
154121,351,351,443
186975,129,129,82
201319,17799,17899,251
192858,799,799,19220
109626,276,454,648
172362,90,96,769
191493,17000,18050,491
158377,75,99,53
198420,190,198,19548
198423,60,75,148887
128542,8090,12451,71
20432,1000001,1000001,8
20542,153,153,3
29393,23498,23498,104
154706,1766,5999,2027
20679,225,225,19
29394,284859,284859,123
194570,2020,3510,85
192553,537,2500,1883
194579,926,2499,549
194573,2500,4300,86
154707,3296,5999,734
77589,25,30,397
128839,1780,1780,121
132753,13,13,542
34537,1137,2038,9
192655,177,177,72
168637,9990,391601,150
63122,18,30,757
207021,1200,1641,1152
191375,588,19800,675
198258,131680,133604,213
118061,363,524,1828
158828,200,400,26
172364,90,449300,196
188670,15,48015,566
7081,9098,18997,21841
4407,90,250,98
198550,846,1200,3167
79297,15098,15098,4
35563,35,40,336
79311,15033,15033,9
155631,40,50,393
79298,22987,22987,9
198247,1000,1519,1677
3383,198,198,2765
34748,19,19,31
13442,300,1000,236
171841,13,13,9453
3389,90,5000,1495
198268,4396,4400,287
197748,6,15,1064414
9233,27,40,287
200826,1570,1571,20
151722,313,3113,1697
168419,10000,10896,105
213374,9075,9075,3
159959,84,86,9775
200045,62542,62542,40
62526,105,106,43
132517,14000,14000,9
22785,214,323,7249
168592,18997,18999,55
82443,1098,1098,46
74859,259,400,2134
56241,5131,5131,2
77532,637,637,187
39212,25,25,23
733,2,2,75
6826,50,1050,23
20424,795,974,5660
36810,153,353,26
53068,569,5500,21833
55985,12,4800012,13
27858,3,3,196
62413,34,34,103
112278,300,490000,56
1074,6,10,23
112302,385,490085,32
193943,43200,43200,266
112294,398,490098,59
23381,125,142,16
30512,12,12,1
41339,1000,1500,92
8928,81724,81724,1
168583,703,1200,17967
24055,217,99900,35
31868,190,190,29
25425,44,44,62
191330,790,1099,849
172050,50,585,726
170554,665,823,5861
3300,580,125800,283
132509,5099,5099,34
5140,500091,500091,35
5135,290,990,32
158187,39,530,24928
5530,869912,869912,17
90046,47989,47989,21
1687,1904,1904,9
168589,800,1000,28139
11417,19,19,1
6458,9,354,518
197763,870,875,3630
52755,396,396,28
34751,25,100,86
29426,1837,19900,3327
136569,6799,7099,1686
76637,225,250,68
154886,35,100,1037
22528,50,378400,3601
4581,9500,9999,5
4599,1,10000,200
136561,22,33,41
192619,64,64,122
2457,1950,5000,1155
168312,3500,3999,630
140189,13,13,100
116271,1030,1190,24861
192955,39068,50696,475
191325,963,19800,937
36906,150,279,8526
36907,210,347,13701
192887,8773,12502,708
198505,3000,3917,201
11418,32,32,14
929,9,518,4330
111452,40,40,767
155907,693,693,18
136565,1150,1150,7
23785,7000,7000,107
184281,428,428,29
199190,28900,45196,16
158781,2110,2110,2
178225,29,29,37
31887,500,500,98
179018,24,25,26
136562,45,50,21
131729,72,40069,21
132200,647,647,12
187836,7000,7000,3
191533,700,700,54
6308,25,550,27787
180168,88,90,26
6359,400,2500,19111
187850,15000,15000,19
153480,9000,9760,84
109629,73,100,871
187635,600,5000,828
172360,23,100,352
199997,503,508,480
172368,355,355,30
210456,275100,430097,909
52764,43,43,28
193031,994,1295,26538
204613,39498,39498,15
117457,918,918,34
194736,901,901,60
201320,6695,6695,14
200016,117377,117596,96
74839,350,4500,5526
208747,83900,86100,30
199059,490,700,27
24065,3696,349800,10
71879,267060,267060,51
192921,7574,29899,72
201399,355,599,24002
172411,96,2998,234
58865,156,156,4
43394,10541,20000,907
189148,625,5000,1386
76079,50,50,2592
173039,70,449300,149
151540,71999,145000,285
172048,14,513,1850
182737,78,88,109
192960,19900,20000,52
169138,41,41,37
159140,119,119,19
172357,34,449300,179
171270,844,844,614
172367,40,45,149
193021,13351,13351,183
177659,32,10599,500
177716,15,74,208
172046,13,13,373
13463,249,660,21277
171276,17098,17198,1104
193227,7298,29599,2612
198212,2655,2666,906
172062,199,999,857
111595,100,194,2932
111659,122,150,17442
25409,140,140,140
4425,100,173,304
39211,20,20,51
4426,100,196,236
4424,20,103,99
155609,40,145,288
41100,3846,3851,773
27503,50,75,90
166344,13,999,3032
27501,100,123,103
191341,6899,7970,37319
116276,43,18525,313
4422,200,243,77
111589,50,89,2617
44144,241,310,39
44146,260,324,47
44147,160,200,58
62786,137,139,444
199974,16600,20046,38
141909,21525,27843,106
24067,860,860,14
204994,400090,425090,244
171352,300,1200,643
162554,150,150,10
13888,400,9900,6307
171350,233,332,1432
179310,456,466,11
52747,1000,6292,21
162570,2443,2443,1
109148,190,4499,766
38931,95,104,36
38966,165,165,25
210673,70000,79090,366
38964,51,51,39
52750,82,83,42
171278,9997,9997,1326
52749,99,2011,47
38933,10,2263,65
38928,111,111,388
38897,60,60,43
183952,250,371,1281
158382,590,590,2331
194862,46094,48096,1129
180318,33,2500,1922
160059,1,1,8064
193226,7753,11039,3683
20816,500,500,99
171273,200,495,1055
187633,2421,20000,265
193242,5934,39599,260
111603,104,104,1820
110654,2298,5200,71
28420,59,59,154
124436,2696,2792,3800
137191,55074,100000,127
197768,6370,6370,2587
52191,5575,30035,1424
139310,69999,110000,385
41813,500,4500,3508
31893,260,294,12
17403,990,10000,227
76690,584,584,12
76687,452,452,53
76641,4000,4000,33
76680,310,202150,32
76671,5060,289100,30
76654,855,269700,29
76688,490,99950,34
76645,3799,3799,27
76662,495,600,35
86069,18,18,72
11018,100,100,50
193551,249,75050,1200
193937,29798,31899,4037
163391,93,93,5
189151,445,4395,1070
17405,104,10000,166
38769,13,14,24
191381,1199,1199,19635
76691,1000,1000,32
76689,594,594,39
76674,1094,1094,75
76676,285,285,57
76685,643,643,117
76640,1350,1386,14
89680,500,500,60
115353,19,19,8
111662,70,88,479
201317,669,1465,96
117473,19,19,4
117474,19,19,4
72234,60,67,13617
83094,96,96,10
4378,71,71,19
112185,14500,14500,29
4370,15,15,123
115804,150,150,125
74851,200,217,1075
193954,395,400,1665
193959,90,98,161
193961,311,311,2877
85221,5499,12500,648
38804,200,200,41
191504,97,98,998
152579,1097,1449,17356
117442,98,98,94
117472,165,169,40
198163,297,300,61
210672,1499,1903,358
117439,100,100,66
117452,523,523,26
41167,300,638,39
117454,923,924,94
87872,670,670,394
3530,7,8,463
4791,25,25,63
166804,9794,9798,1177
38847,200,200,86
191503,90,92,289
3859,634,640,4753
38303,50,50,234
200034,799,1000,126
36919,442,3700,1215
141898,66259,93419,362
193567,1500,2455,1809
55053,155,200,323
5206,39,39,42
15869,29,100,180
58275,91,91,334
153251,600000,600000,45
2871,8,8,90
58260,14,30,21
61986,213,217,217
204565,815877,815877,54
193360,2451800,2896500,362
72104,49990,50000,1322
198431,2095,2095,43
108301,255,461,651
113290,100,100,22
74718,345,349,61
38788,466,568,29
74701,52,55,47
177661,102,103,28
109153,1080,1080,252
172416,12,449300,134
116409,1500,800000,5198
193020,941,1000,198
193957,146,488,727
137558,4813,22200,51
175955,37,37,53
173877,188,188,24
159846,237,237,2
175962,2063,2063,6
175957,200,200,16
185476,263,300,6
159847,3559,5559,8
176860,1697,1697,8
4538,2,20000,1377
176391,148,149,36
138292,13,13,396
176392,85,90,73
159849,399,399,91
2070,5,5,73
25429,4550,5050,43
3382,20,1000,1774
25451,25,25,289
19304,1,10,269
159788,9796,9796,171
194852,2873,2873,25510
67357,100056,100056,2
193564,260000,260090,1203
172370,149,699,98
3531,4,5,270
41334,5500,8000,279
155618,59,74,766
41285,6000,6000,22
40180,1500,1500,89
40179,1584,1584,98
196583,150,300,233
40177,3600,3800,47
195463,110,125,162
40171,875,875,76
45775,42000,42000,1
45056,5950,5951,17
31884,283,283,128
40167,1200,1200,53
40164,6500,6500,118
40162,2066,2066,597
179270,345,345,3
40160,5216,5216,71
200014,40096,47500,610
40157,3040,3040,63
40155,819,3179,175
40154,2074,2074,47
40153,3400,3500,310
40152,4988,4989,33
45789,7754,12500,492
158759,2021,2021,3
40146,800,3000,162
195459,95,95,25
40144,3597,3597,29
195456,299,300,28
40142,3089,3589,93
40141,5037,291000,17
184201,28,28,1
40133,1890,1890,69
158836,23478,23478,5
40130,4500,4500,70
161373,93,93,82
40129,2500,2500,53
41400,15584,15584,27
161347,150,150,1
41397,925,940,91
193896,1000,1000,509
172920,249,400,442
41396,10087,10087,30
41395,10090,10090,16
41381,445,539,34
41380,10000,10000,42
41376,14900,14900,16
41375,29900,40000,71
41333,5420,5420,19
44481,78,100,414
41307,3789,3793,15
200852,1448,1448,31
200055,95094,97495,429
33631,5,5,117
33234,6,6,152
185910,34995,34995,28
118576,25,30,223
27442,4900,4900,4
132229,4496,4498,7
178550,23,23,229
14530,50,425,413
58259,14,14,38
199995,522,522,453
179309,121,121,9
168593,12690,12690,270
118632,500,500,254
153051,30,511,148084
192853,386,400,5405
6888,1,2,135
174281,15,15,55
163522,1100,1100,13
152631,12,75,7353
212649,175,175,3
38426,95,360,1899
130247,69367,343525,8
4341,2,2,3410
6261,7,9,2513
8343,9,11,14902
197772,3999,5000,455
39684,248,248,754
2880,2,2,2269
160298,9,9,15062
40533,394,394,1140
104341,899,899,30
4342,11,11,1641
120168,2011,2013,787
14341,38,59,8579
152615,26500,27489,1113
193942,1350,1817,343
127846,1200,1285,282
127843,180,180,177
127845,1000,2700,69
85506,100,2518,3573
76887,15573,15577,5
111456,13,13,1406
172346,35,35,65
111434,499,1000,637
111441,95,98,365
60485,25,29,959
8827,945,7249,598
111437,565,658,880
28501,4,2104,251
22460,2594,2594,6
191945,2190,2190,1709
162557,100,100,17
27502,260,295,22
192970,2489,4305,365
191338,16535,17000,1052
34762,20,24,105
197778,158,187,9578
172041,37,110,319
179370,1557,1557,15
52987,699,735,5812
34765,20,20,17
27661,100,100,67
183203,2500,2500,4
210248,100,100,5244
194015,49964,50064,593
152561,73,74,223
6289,2,1000,98709
171266,32,32,417
2325,7,12,2101
181246,808,903,30
21071,15,9900,7984
76095,50,999,1185
19234,1400,1485,15
198495,4250,4500,17
198498,1510,1721,53
58277,84,84,1
198501,699,700,37
4865,1,1,31
198507,1980,3100,44
58094,1000,2399,343
58093,2295,16000,105
67415,92,93,484
33254,5,7,38
172047,28,33,314
130218,345,363,54
9061,1000,1500,283
33236,16,16,51
74644,2029,9998,92
128990,7536,7536,25
153619,2560,3541,21
128994,2000,2503,54
79291,214344,231562,8
4595,42,243,77
38890,47613,47613,6
38373,2300,2500,68
38374,1800,2000,74
59228,94,94,1
1206,1945,2342,2265
74729,221,221,76
27859,9,10,150
52768,100,100,64
6890,7,7,107
58261,17,17,17
190328,1056,1093,293937
24028,3375,10300,98
199998,504,504,373
4305,41,43,2456
187712,6,6,44
192846,130,152,2311
192702,2000,2000,11
62667,999,999,665
201209,80000,80000,2
205471,200,200,9
205870,200,200,24
213214,1000,1072,7
60399,44,44,27
52293,25000,25000,17
187634,3851,3851,218
30812,23,23,10
76131,1000,1049,2160
28467,1166,1166,53
3928,29,1407,10356
2324,5,5,387230
1080,6,25000,737
76141,369,20005,2610
76140,445,7549,2728
28463,1121,1121,98
32576,6,6,54
28459,546,1146,77
76734,300,328,3978
192835,450,475,11977
191506,59,119,142
723,2,17200,906
152875,800,8900,7619
9172,4000,4090,79
74843,198,2500,19553
132217,271,407,61
132213,680,680,23
39567,20,20,10
39562,400,450,66
39513,25,25,24
168303,2,184,19300
167738,39,45,90325
176869,45,45,64
39209,24,24,63
168645,73,75,37565
178537,3500,3500,9
39210,649,650,23
36913,2250,2599,12096
53062,140,140,5110
203417,52100,55000,94
127759,94,6000,22463
187707,5389,6800,564
124125,1795,17595,25
109118,100,150,176493
109119,149,150,51374
113261,15,300,8677
63303,200,200,68
38889,28030,28031,40
76075,45,95,1169
38900,16030,33812,19
63304,250,250,64
204825,900,900,198
54448,8465,8550,100
54449,1400,17638,135
18232,12549,15050,704
5503,19,2500,24609
36916,1954,2300,14636
199971,39195,39998,118
19767,6611,19911,8840
24368,3924,6625,7309
38923,274998,279428,53
27499,100,167,95
31916,272,274,18
204092,76500,94098,184
1180,9,100,148
194574,2953,5299,40
38886,3800,25000,21
199945,525,549,64
124115,295,600,23744
124118,71,2500,13192
153510,7146,7146,7412
52980,24497,24500,1518
198282,1900,1900,747
41119,3,3,740
81205,3,5,106
109129,141,435,380206
109125,137,450,588498
100739,628,1584295,1594
38935,57506,57507,29
151584,76000,76000,286
39690,800,1000,1161
68785,18549,19716,15
151565,1200,1900,56835
194566,6000,6000,2465
129289,140000,188800,762
193258,99,280,42684
198195,28511,92599,343
190536,39900,40000,519
39671,184,184,128
136637,142,642,6399
38877,75010,76310,26
193244,14885,15500,6508
23787,95089,99995,459
71850,20995,23099,78
46026,66362,66362,22
198300,23600,23900,188
153620,3389,6548,12
38894,25564,25669,60
198196,21000,23001,922
193229,14009,14438,4708
76650,455,455,30
76885,15000,15000,72
76888,12499,12499,39
198194,1312,1439,6373
44328,900,43525,112
40078,225,325,155
192651,188,188,25
74703,1000,1000,23
52782,4273,4284,73
200008,6999,10672,256
52183,1550,2750,17667
28100,80,2900,326
9261,500,1200,22
19284,7594,9994,16
180733,940,942,11842
128537,500,800,153
67405,21111,21111,4
152876,1375,7500,12142
38895,325,5917,26
194815,2227,2348,233
194808,5500,6612,230
198306,72250,76299,67
54629,10,15,47
20861,33,45,409
20867,99,100,46
22576,769,835,55017
68784,34624,39586,32
5051,190,250,125
20881,60,60,76
20859,33,33,737
20877,60,61,105
199055,90,148,19
199060,800,800,16
20865,33,33,710
168650,5,503,46849
20879,66,66,59
133576,200,200,4812
20872,76,90,44
20876,66,66,81
20882,66,66,46
20858,33,45,426
52326,1650,4200,34792
130181,17199,17200,1966
20860,30,40,887
130176,223,498,1624
130174,199,210,573
193053,69,999,257825
130182,1040,1040,1376
20863,33,50,354
173071,14553,14800,43
56517,155,15464,115
56502,950,1718,128
158378,14,999,22294
31896,260,260,28
72093,90,4500,35719
124105,800,814,123375
59595,800,899,15
193552,38808,49994,63
109142,12,40,15197
42701,500,500,6
25432,397,398,18
68047,1070,1272,34
190452,1298,1300,18028
124119,295,450,6134
74866,99,114,3203
38561,1700,2202,8598
172231,35,339,1023201
172230,16,100,708383
1181,89,100,150
25813,102,102,23
118428,24,399,230
189147,20000,45772,122
6291,4,90,68423
194850,3400,4150,1100
173036,290,1088,2667
163700,205,405,146
173035,75,75,61546
152497,33,269,726
173032,8,10,9134
191534,129895,129999,160
196540,4500,4500,18
60405,99,100,429
27674,5,17200,1237
194820,2600,2600,62698
192963,12000,12000,5
12207,10,1000,9932
124107,6,9000,6731
203415,16000,20000,360
124112,90,9000,3366
168654,13996,14792,1264
142336,6,1500,22156
74249,6,13,1948641
113588,998,1075,10929
124441,800,2025,26921
180412,2565,2700,3
124103,649,3500,28159
124102,715,990,172391
6371,1072,2874,6856
108348,190,200,847
22827,8025,8025,70
108346,500,17200,249
39951,209,209,55
10940,80,155,410201
2605,2,4,21277
108344,257,3600,1145
11285,47500,47500,1047
8151,7,7,120
20868,298,300,68
5237,405,425,12
24282,2264,2266,10
2892,130,150,3
24231,95,125,55
191399,575,678,753
193218,587,2214,112391
191873,99900,99900,14
171428,2171,2750,17661
36917,189,265,300
175053,299,375,21
76133,280,314,3037
171351,57,58,307
2862,1,3,1379
152559,195,1999,717
132515,400,400,135
3240,100,107,168
128543,8390,8600,96
38871,44444,44444,63
38872,29799,39875,41
38878,28474,28686,55
192688,2000,2000,5
20870,155,300,71
197854,33,42,134
198356,750,750,128
200938,11599,12999,4733
21991,30,30,319
173762,899,899,289
87580,241,375,474
87579,272,375,510
199646,200001,200001,3
108337,470,2500,3142
4593,4,700,2476
104120,1665,12500,595
191939,60,70,1053
155607,720,720,6
193933,15942,16900,857
204464,1044099,1199900,1423
198278,546,825,2
4592,1,10000,8324
151718,83025,83025,299
44756,1075,1077,446
169333,55,483,845
198197,25000,27930,1731
163842,32,32,34
33470,19,55,70140
200032,4734,4735,1237
52781,7258,7258,60
200056,318900,318900,228
39501,1060,1060,20
76892,2499,2499,27
21215,10,17,277
199052,2700,2700,68
23676,20,9999,2732
9451,1,4,99
153445,11249,18055,58
10648,3600,3600,25
62653,145,145,26
191872,4180,4180,44
163060,318,326,10
64670,30,131,2486
200050,276001,276002,173
12238,5,5,44
35952,8,8,27
8950,26,3300,3023
163051,281,295,50
159900,114,116,10
192856,1677,17199,421
5997,28,999,2022
19283,8514,9899,12
197755,255,342,155382
193945,500,4510,3602
4602,15,3300,1424
198307,500,500,11
8244,37500,72500,1049
76890,3999,3999,24
38927,48992,49193,20
116119,3,3,85
40068,600,700,642
198193,1724,3599,1344
56516,2300,2975,9471
132514,17750,30000,10998
23784,2320,7165,35
193247,15500,20000,6849
22838,2500,2600,349
200836,1244,1244,74
193228,9398,65020,3849
87577,190,190,388
178149,32,33,48
87578,316,350,426
198297,80001,199000,20
192966,10355,12165,300
7100,55,55,46
158839,34,390000,168
158863,119,119,120
27681,90,1999,753
155598,34,34,120
188827,425,425,62
7098,113,113,65
3169,1,10,19
158203,800,800,85
62272,23,23,21
100734,599,599,2
194724,808,809,18
90558,4500,4500,4
62274,187,187,8
140668,400,400,20
83157,1,1,139
188792,500,500,65
188790,829,829,69
163843,6030,7730,17
107603,23,23,26
60853,53,55,165
81196,8,8,53
200005,1650,1650,138
44771,25,25,11
191337,751,1400,1548
200820,1265,1265,69
174283,19,19,681
81201,7,10,104
2251,10,2500,5998
22844,1133,2606,10729
128558,1198,1198,112
22847,507,507,510
52294,34139,341039,97
38962,100,100,85
205115,300000,340000,20
193019,539,540,35
23101,100,199800,30
23114,700,700,7
24027,6502,6502,56
24039,500,500,172
71871,19955,25007,14
25901,387,5714,23
14342,9900,29900,2425
24060,1275,349800,43
44456,695,1100,38
127838,3650,3650,117
200074,2377,2700,22391
20963,1400,1400,161
173168,95,325,5721
72103,1644,3944,27284
81409,13,13,324
52743,91,107,39
76514,100,500,30
21752,100,2200,746
74846,646,2525,8576
76545,500,500,12
76548,150,99800,40
153597,7575,7777,53846
76553,120,120,71
74864,240,375,1451
41441,351,377,8
76565,5000,5000,88
180457,6798,6799,1912
89639,514,514,2359
1178,100000,999900,23
76646,293,17999,17
76651,300,269700,25
52751,2222,2478,26
76700,500,500,91
49110,30000,30000,3
89675,473,475,91
108920,10,10,390
41467,144,144,8
41483,109,109,7
151579,11465,11465,7435
191521,573,835,44906
193929,1498,2417,8652
204859,200,449300,199
46391,9500,9500,11
46390,10000,22001,3
68687,99,99,145
173076,14200,14350,183
173095,20000,20000,9
173094,35000,35100,147
173086,16136,16700,131
173070,27918,28399,120
173104,7400,29800,38
3012,991,991,70
173074,5049,11999,183
173091,14000,14500,67
192554,550,3500,1143
200264,41799,60000,22
63246,10,21,2311
75014,2055,9999,3642
128984,4062,399999,45
79285,19900,19900,5
76550,115,130,149
4402,2850,99800,275
153705,251,3000,996
162515,40,300,29464
74647,400,1269,240
76555,550,551,54
5637,545,9909,12211
76556,134,134,30
168190,351,351,265
76557,159,159,17
109139,12,240,12073
5635,222,4500,3826
74856,1049,1299,1332
76559,176,177,28
127681,200,200,1315
108365,17200,17200,51
769,25,460,33918
23984,1,1,2900
180317,2070,19997,2064
76681,491,495,61
15872,2995,47348,65
128538,1425,1500,70
76699,330,330,96
153700,331,540,934
190311,445,500,1487796
174328,900,1001,2246
13758,98,7500,8130
173062,35093,42549,160
173051,48536,50000,83
143750,41898,100000,243
173101,55551,55551,3
168193,464,5000,1841
173075,4900,14900,284
192096,74,87,23409
17020,60044,60044,19
113139,90000,90000,2
112286,1500,490000,72
194568,665,2599,558
112291,600,600,19
198492,132,360,977
56160,500000,500000,5
118631,990,1000,187
112299,9500,9500,16
112297,900,900,16
112300,4400,4400,22
112273,1200,1300,37
21845,43900,43900,312
24272,36500,37000,258
24271,47000,47100,2471
3827,200,900,691
112295,2000,2000,14
89329,100,1500,1184
179023,397,397,23
112276,1500,1500,14
193958,100,1500,2332
52127,1156,1156,20
112272,4000,4500,19
74842,200,317,13925
154884,999,999,776
112274,2500,2500,21
71862,16898,16898,13
3388,87,1000,911
152503,81,85,271
38865,1212,1212,11
74646,800,1999,1718
40149,344789,344789,147
118015,4299,4300,38
71870,15961,15961,12
112165,8990,8990,47
42433,35,7715,790
190313,3242,3423,126356
199992,673,678,129
52204,2500,2500,17
160400,75,75,9089
52224,13802,13802,130
52225,3742,3742,37
177061,83,5083,9208
171832,265,425,16746
61993,25000,48412,4
112293,2200,2200,9
192933,5821,9900,68
205413,1099089,1550000,2370
37700,359,650,7535
52328,1899,4498,46273
204823,400,400,73
24477,6,95,10233
201401,1500,1999,3777
138727,146,12500,15492
88158,296847,296847,2
31918,182200,190000,5
194562,555000,1435245,1217
21887,532,845,7611
31913,375000,400000,5
210819,181,1591,2863
198082,10800,49750,72
3670,1961,115562,657
31910,250,490050,183
19278,5238,5568,16
18567,999,1032,3037
21842,320,17200,695
21844,369,972,1317
19280,1507,2559,15
89112,1098,4000,20772
19270,111100,250099,10
173072,13400,13699,184
173110,650,900,958
201400,520,529,985
19263,3750,528915,21
19262,17820,20000,12
19236,1485,1500,7
31888,55593,63793,4
38846,10,120,73
76634,390,390,9
38682,14,14,39691
52745,90,1642,25
153636,625,1250,46332
37156,15,700,112
200574,2099,2099,5
182581,743,796,4820
37094,540,540,59
207087,120005,120005,186
43334,6649,12500,647
21574,18,22,245
76532,200,477500,9
76613,12739,12739,4
76612,685997,685998,7
7967,800,800,77
76544,400,400,9
198265,10000,12500,146
163140,1911,1955,95
85583,1000,1000,544
193956,20,20,388
193963,55,55,858
169334,388,588,214
86597,3999,10306,14
36782,20,2520,2621
205015,899900,899900,14
39907,290,295,13
9060,13369,13369,34
186981,500,500,95
198190,1379,4099,1798
1251,2,67,1234
63127,6499,60000,1539
41807,200,9999,1692
152577,147,231,213318
191466,161,165,184742
32226,548,548,107
72096,899,1010,30815
32199,499,499,36
22834,2000,2200,359
22824,1595,1595,319
10285,77,106,3684
110635,917,917,39
22573,48,81,16666
89674,1298,1298,54
37705,400,700,3094
40097,2100,2144,95
136638,224,224,105
25679,1876,2903,64
37701,34,50,17778
22574,9099,10299,1738
37703,489,9900,3328
37702,399,496,2413
35624,4000,4000,4708
36860,4650,5874,1360
35627,3850,3896,346
200567,3725,4347,365
12361,120,2255,12242
174890,1553,1697,15
36930,1292,1300,147
52190,7575,50000,1485
52194,6930,25000,2740
192962,158889,158889,15
23112,100,5000,4418
23117,480,699,184
129028,59398,100000,187
21929,750,2499,573
4776,975,975,17
36920,159,160,185
52182,3575,12598,8268
36929,174,1499,947
52180,2575,4488,13474
43350,375,1410,2045
129029,50015,100000,293
129019,48262,100000,187
136825,55599,58704,417
204992,35091,65000,1042
137267,39247,100000,122
139271,59795,145000,311
139278,39998,125000,106
139288,55059,100000,274
38901,855,884,30
162029,5636,6000,365
90555,250,250,27
40072,121,149,154
6370,892,1656,6713
2771,170,999,14153
128554,1582,1582,23
28595,100,13525,16
6373,100,9999,140
191319,750,1087,4458
163695,697,697,454
87392,7442,12495,485
129022,53395,100000,278
153033,79399,110000,336
137269,47998,100000,218
8150,9,17200,3684
158202,4950,6000,892
152494,133,240,1383
58091,200,13525,407
189152,8839,13741,277
3857,3,102,19278
7067,100,293,3629
7077,120,1999,2291
179003,505,505,22
178114,218,218,154
7972,10,80,10652
22787,371,371,1808
192645,250,250,56
65502,8000,8000,1
178173,122,122,27
36901,250,358,25468
22786,200,299,18151
10918,330,350,22
3775,425,425,1
108340,4500,4500,1508
6947,405,425,13
27678,69,1800,26604
173053,24999,50000,108
175924,9988,50000,137
12037,47,200,49762
29536,80009,80009,32
12203,2,900,28959
49884,406,560,240
197742,72,88,157008
12208,39,114,5688
38778,45,45,47
179271,475,475,34
52185,1100,1278,50749
180430,13,16,369
74248,250,2189,133856
23424,1000,1433,41041
133572,14,14,252
205465,2299,2299,3
184690,15000,15000,91
192974,40,44,667
19230,4575,4575,11
34754,11200,32025,54
192956,6000,449300,157
180883,30000,30000,1
205240,435000,435000,2
38882,1000,3661,16
200835,2500,2500,60
55983,47,47,29
55973,101,101,7
200772,1192,1192,21
56503,1845,1850,46
43369,14545,15000,805
71720,48900,49000,40
25453,24,25,72
67399,10,10,10
153444,17958,17959,64
151393,26989,27261,7
74711,14,14,129
67401,100,100,10
43012,200,2499,52156
97622,95,17200,303
111672,38,500,9491
83007,595,595,114
198233,48477,48477,177
155620,1500,1500,5
173124,400,1100,21
200025,599,680,600
156525,480,480,165
13461,601,601,39
62512,200002,200002,3
204840,45999,45999,10
8365,310,4500,10109
76515,230,232,16
22448,55,66,50247
52157,43202,43203,7
13759,506,9999,2104
52720,1998,39900,11350
22449,223,1483,57736
192936,13082,13082,5
136375,111,211,16
192661,173,173,57
34057,200,938,895418
3470,10,1500,7301
74247,60,225,833678
13933,199,199,36
93706,297,297,17
76518,112,112,7
76512,102,324501,12
115355,25,25,112
163083,22599,22599,114
169132,41,41,193
37159,100,240,65
5498,122,4500,19059
204826,3700,3700,657
158789,3000,6000,7
38776,210,210,35
128551,22840,25180,157
25867,36598,36599,153
60491,400,400,2
133577,15,15,179
31892,254,490054,165
5524,400,954,1571
38796,50,103,40
200568,2939,2939,12
200571,7882,7882,15
200577,2000,2000,7
200580,1200,1200,13
200451,96,425048,4
198502,7695,8041,1306
76564,581,583,24
22829,95,2910,1241
52231,485,485,7
76521,900,900,20
201404,22499,88888,26474
45188,10,100,46
76510,374,382,54
171315,1095,7500,13583
193378,8500,8820,450
127730,999999951,999999951,2
124661,1844,5061,195
3466,17,28,2325
59596,1425,1500,65
109222,270,300,757
21840,43,249,21246
38793,10,10,108
38773,10,100,66
38852,28,28,186
4480,4,5,19
41443,99,99,6
41490,100,100,1
41439,1502,1502,2
39957,300,300,22
39932,89,89,17
192746,179,20079,11
194689,200,715,436
5631,200,377,119
43647,1,5,981
74652,3500,4444,174
192914,175,206,491
163407,567,567,30
178172,350065,350065,1
187887,100000,200000,596
43328,3500,76750,2
77101,14398,15000,682
43850,8996,9545,311
130221,603,903,24
194122,25524,76724,9
20817,480,480,366
41510,139,186,2838
120269,74000,74000,5
37160,1400,1800,57
41751,2,2,135
5527,2,2,190
38807,13,120,49
44155,2000,2025,30
38844,12,112,78
192957,8099,449300,89
18562,2178,9989,22469
184283,170,170,21
23380,3900,4000,11
43120,4994,4994,4838
112684,35,35,3
112463,12,12,86
4481,5003,10003,2
38786,95,95,77
205693,899,899,291
197752,123,123,14826
152564,6999,6999,204
43491,290,999,477
21721,62,124,886
9264,2000,19999,167
163098,3150,3150,4
194803,5537,5948,220
45195,37,37,18
173040,45,449300,148
76891,5454,5454,14
130217,186,186,102
171196,1500,2500,1281
161383,113,113,298
83006,510,525,190
205872,5052,5052,3
38679,10,10,479
38767,11,11,657
38775,10,100,26
38808,10,10,56
38787,14,14,34
38817,10,20,365
38856,120,120,26
193223,1348,1900,37104
38825,29,35,126
200808,545,545,234
192711,2150,2150,9
7069,874,1004,3675
163563,15000,15000,2
32620,3450,3490,630
198161,105,105,4510
205869,4500,4500,2
3702,3699,3699,3
3175,4300,4347,4
7073,100,100,50
5133,50,50,9
44754,5395488,5395488,8
57063,600,600,17
56053,586929,586929,1
68731,218951,218951,6
56234,9701,9701,6
54627,987443,987443,1
200026,697,991,356
11389,942762,942762,1
29800,95,100,6
54833,50040,50040,11
137274,48197,100000,281
139339,40976,100000,178
20869,77,90,81
139417,50042,100000,225
139442,58598,100000,142
139437,72723,100000,340
137239,35027,38839,216
137238,28998,100000,165
129020,47999,100000,115
139289,35934,100000,186
139362,58173,145000,291
139436,72255,100000,270
129017,42183,82617,200
136826,29000,125000,214
139348,44024,100000,166
137249,52329,100000,172
137250,50047,69348,256
213039,2400,2400,8
198412,535,680,5162
89893,500,999,1391
88491,700,999,810
198418,180,404,3504
58262,9,9,79
213385,2800,2800,3
6297,500,899,19
112275,1200,1200,8
112298,482,482,8
112281,400,400,15
112287,388,388,15
194870,1400,1400,3
56239,3244363,3244363,1
17404,4,15,56
25442,495,495,14
49100,82001,82001,40
44769,335,335,2
11387,5000,5000,6
54836,1630,1630,3
194791,8297,11116,245
55978,1484,1484,19
194812,4498,7386,237
38581,1200,1350,2
68732,2956710,2956710,2
23385,2000,3900,11
194869,9900,9950,4
192928,28399,39000,525
18255,4,11,248
11416,100,100,15
194798,7496,19900,182
67277,98,99,23
3179,2,200054,22
49300,151258,151258,1
22791,495,710,2544
127037,65,5099,9926
7096,399,399,51
74642,100,330,256
83156,40,5040,221
67335,1597,13944,700
198256,174,174,24
191513,14000,14000,1265
76080,100,100,282
173092,33238,33338,16
52223,7477,7480,17
191349,950,1798,4160
201222,96,96,35
62660,100,2000,42
54835,5060,5060,3
35565,9,999,733
198215,4953,4953,2193
4814,100,100,31
3176,10091,228974,11
5435,2200,2350,2
122345,80,80,80
63291,808,1600,27
5634,1500,1500,374
115812,10490,36677,37
54628,100,2093,9
47831,1700,1900,13
18288,3015,3015,84
52167,90,90,1
15871,20,20,34
45060,974,978,8
44453,1118,1118,10
71838,41902,41902,43
173048,47931,2347933,722
194014,24098,24798,44
11384,800,1900,31
44768,585,585,10
56202,16985,16985,5
176887,3078,3078,12
38781,33,33,111
19933,22,22,11
5075,3,3,282
44750,10791,10791,12
191475,482,537,26085
136342,10,10,953
9357,30000,42941,23
55057,1790,1794,121
34843,1500,1500,4
23331,4995,4995,17
7071,299,300,369
178133,43,43,62
184391,359,359,16
32201,200,200,252
13446,40,2999,6826
35759,500,500,227
169449,37,40,557
166343,30,40,362
174353,7,196,183138
34839,6847,6847,3
45200,1,9900,124
128548,89998,89999,31
128549,82499,82500,35
858,11,501,4480
45194,1,9900,107
194761,4518,4534,1595
128550,107499,107500,44
35314,273,273,6
163580,99999,99999,4
158756,2000,2000,2
163208,40,40,54
2734,5089,5089,2
24243,1000,1000,1552
11409,20,21,6
5569,5844,5894,2
56052,26724,26725,12
33555,2363668,2363668,1
163581,33,33,1
19276,4950,8958,17
8153,43057,99800,4960
184050,4000,4000,5
158834,139,139,35
76093,73,999,703
37603,240,25000,11
38557,150,291,9093
38909,99,2003,139
38963,1199,1423,16
34440,1409,1409,186
76659,803,803,16
50816,29976,29978,71
192852,687,900,1364
106868,3021,3221,48
107393,3410,3510,5
88493,800,999,870
87764,500,999,679
23529,942,2999,293
89888,589,999,1318
4605,1,1200,984
111656,10,15,460
201408,800,1200,25
67230,15,2000,1080
52302,9727,9727,37
198283,17000,17500,441
17197,2500,2501,143
192673,160,160,81
192708,9500,9500,15
193560,27000,27000,218
74840,300,563,14718
74865,1294,1425,1620
49397,538,100010,17
132218,960,960,15
143588,46599,100000,368
44574,14,14,25
153050,10,225,146270
3030,55,55,10097
38803,12,14,56
6290,1,200,356
198186,650,3099,1574
38818,19,19,28
10512,499,499,2589
116810,59,100,737
198255,198559,198559,251
110655,1900000,10370987,7
192657,164,164,65
213201,281,281,5
210247,545,554,445
38799,15,101,32
151564,1376,3150,80280
15994,72,72,330
10560,700,700,9
44941,5,5,230
198504,792,792,187
17202,21,24,2539242
128544,10000,11760,68
172903,91,95,109
5117,65,75,15
198419,131,198,24210
203409,25065,29065,917
5263,62,9900,224
198436,969,969,7
198437,999,999,1
173911,1799,1799,1
192690,2499,3000,8
199476,10,10,54
122343,59,59,236
171286,1690,1695,1186
118630,498,498,70
25430,15,16,26
110626,444,445,56
200848,2255,2255,20
19300,2,2,472
44482,8,8,486
191327,6000,6023,3261
132223,265,265,36
173859,19,19,151
187829,62831,62831,31
68198,16,16,319
23449,98999,99915,785
61996,123405,136702,2
61990,150000,150000,6
62003,12500,12500,2
140276,25,25,235
38780,75,675,35
178227,24,24,17
34722,26,26,2602
60393,75,410,20
162663,125075,125075,2
62655,11,116,20
90044,899,899,5
200785,4643,4643,8
200508,26067,26621,4782
81402,50,50,73
190314,5000,7000,38615
204311,275,275,10
191357,1041,1695,600
191469,157,210,249088
180055,396,999,696
155636,35,35,32
118414,2969,9999,5088
162981,1000,1000,17
87232,705,705,56
52744,191,324,17
93705,142,142,33
192685,1917,1917,10
87228,555,555,137
192650,170,170,42
198497,29940,29940,62
76081,50,50,271
162010,4500000,4500000,1
8959,7,9999,428
41601,1598,15099,78
158795,2200,2200,19
38873,39989,43044,142
152640,7263,9999,302
19279,2223,4823,10
13929,150,150,100
18253,663,695,47
23575,18,18,227
52097,2054,2054,5
127712,1768494,1768499,2
38432,5000,8099,44
18251,2101554,2101554,9
41379,9000,9000,41
122348,5273730,5273730,6
16005,1247,1247,102
33185,160405,160405,26
200837,5100,6000,12
174348,40,40,40
159787,12482,1842060,143
205417,7,7,6
111442,14,40,300
200565,1900,2400,9
87234,5000,5925,164
97619,460,500,809
62675,89,89,18
95373,82500,89700,1144
155814,500,500,130
155813,250,500,147
155812,239,500,140
90556,99922,500022,8
90561,18900,37500,23
19268,8005,9452,22
6470,65,69,11896
6471,100,163,11606
212772,1988,1988,5
112157,2099,2550,543
41806,140,5020,4066
108307,1199,17200,266
5373,5000,9696,2787
76879,12499,12499,9
62275,32,32,18
172365,120,193,83
20008,3150,999175,485
198174,300,300,8
200017,60028,81100,25
18230,8888,8888,34
201403,2200,10000,26660
192862,654,678,1380
173108,1813,7500,804
204730,75,75,109
192095,83,83,17856
113108,90,90,16
198043,14999,14999,88
187933,96991,96993,557
193953,1807,449300,117
44570,498,498,627
112155,56099,56099,16
178219,3800,3800,8
198045,5020,8000,18
40109,1400,1400,196
112156,5345,5345,1
152813,11099,15000,446
23437,399,400,129
8836,259999,333300,1623
22830,2098,2999,711
53067,742,25000,1287
9224,1000,1000,11
173761,66,66,10
158746,29,29,19
158466,100,100,10
178130,5500,24900,9
200780,1149,1149,47
200806,2000,2500,18
52106,5366,5366,1
178113,39,39,54
200813,658,658,49
200801,2075,2075,21
12204,190,9900,6149
153603,3900,4000,17
130215,187,187,497
153627,729,729,3
53064,40,193,2085
153633,1782,1980,20
153609,3510,3510,23
153618,1782,99900,20
153616,4050,89900,50
153626,4065,4065,3
52203,9800,9800,33
153634,599,1777,21
19233,3000,4000,26
165017,133,133,204
19235,600,1283,12
159868,700,742,69
159826,49,1049,569
111447,14,14,854
40032,985,985,10
193208,75,144,54700
31908,19098,19998,7
188685,4099,4099,13
35947,9,12,37
41812,166,854,28233
201178,4725000,4725000,1
192906,357,449300,151
169152,94,100,376
192901,425,495,99
203413,52500,52500,131
175970,170,200,127908
109599,105,350000,192
193262,11,25,222030
2750,5093,78495,2
2745,99506,99506,2
2742,5000,5000,2
2744,5000,5000,2
136633,483,495,5698
112449,1,5,708
178104,66,66,16
38929,149,149,443
87240,500,3732240,35
108294,1412,10543,67
192713,4087894,4087894,2
108333,200,12500,2519
178127,50,998,69
201724,2522290,2522290,6
178131,800,900,4
53050,100,200,434
27516,3951,25000,1001
27515,6969,25000,1784
171437,100,119,796
34220,75000,75000,28
81400,18,18,65
38991,399,764,21
153437,49,50,43
173126,250,449300,143
4377,381,2000,19334
71881,269026,269027,101
130180,1000,1500,403
194693,117,217,124
200844,4400,4400,16
43536,7626639,7626639,1
42956,2350798,2350798,1
120330,5111000,5111000,1
112164,10340,10344,58
178542,21,21,85
39940,276,276,3
188946,2000,2000,10
197847,1031,1031,34
38848,405,440,20
192712,1959,1959,7
35799,150,150,11
194692,107,107,29
153665,5000,5000,229
191336,740,1000,544
153666,1100,1100,20
185483,7400,7500,3
188836,120000,120000,14
158826,456336,456336,2
140321,630000000,630000000,30
4588,160795,160795,2
140188,13,19,37
1697,20,300,31
187842,498,498,1401
178548,214,214,13
116405,9999,800099,1263
41496,5428,5428,1
818,355,29900,3716
191388,3950,3999,19099
192947,19000,20000,41
188948,380,380,12
193964,630,630,7900
5114,100,100,83
111245,231,797,72558
82300,350,345500,130
178535,29,29,1
158811,945,945,7
2321,4,11,42781
179986,800,800,341
132190,5799,5800,17
109145,870,4499,678
2940,99,99,17
41440,2250,2250,6
58142,4,599,483
79302,18500,34014,11
23095,182,182,170
23116,500,500,102
198401,5913,5913,30
193255,1999,2099,233414
10593,1375,15101,562
109220,80,80,315
144304,689,491200,37
199944,69999,70000,92
52771,48,48,35
171438,100,100,552
194575,9975,9975,5596
108356,904,17200,58
108354,539,570,147
66950,1111,1111,1
4400,11,12,2761
129018,71023,110000,329
18662,872,1001,2132
168959,58415,58429,30
774,55,120,21377
63296,25597,25597,8
200764,1400,1444,51
95482,36,336,310
67444,40099,40099,10
15870,20,20,281
205170,430098,430098,333
213180,274,274,4
40087,528,1532,121
127844,1400,1500,660
9144,237,237,267
200031,4100,5899,4469
128018,2499778,2499778,3
17033,1000044,1000044,1
192883,1270,1270,1141
34330,79,79,123
11385,119,119,8
113576,21,21,32
57193,125,150,500
198620,1401,1401,189
112280,359,359,15
112285,526,526,16
153439,40,50,621
153613,6314,7015,24
153612,1988,94900,50
153611,8795,99900,11
153610,9928,99900,13
153607,8677,8679,9
112296,3000,3000,29
22527,3,497500,211
112292,2500,2700,52
112290,398,398,12
109144,49,469,32065
168793,19900,19900,10
112279,532,532,15
112284,3500,6500,15
25744,4340,4346,11459
153435,300,300,94
3239,2,2,17
38959,350,400,39
153494,38,64,98
38999,6166,27046,20
133680,420,6999,12025
35562,293,7500,79954
5473,10,20,63
179308,1310,1310,4
142117,75,80,2630
69865,29900,40037,6
198230,4424,4424,1090
19223,1,14,182
19225,2,3,95
4387,75,100,92
21571,16,2706,326
158740,140,1571,4
24476,199,203,2072
59489,30000,999800,23
197791,44,44,14021
168641,3599,3799,382
159,3,90,46910
44940,8,8,129
13851,10,110,249
76648,100,100,33
192994,29351,29380,3511
108996,17,352,104008
5478,350,350,36
4357,18,216,4446
5465,2,19900,10763
198260,175,296,293
163018,3040,3040,34
52976,816,817,38514
152513,174,500,103132
4380,24,25,106
6529,23,500,1261
41603,949,949,4
200106,187,187,30
11415,3,500000,22
7228,14,17,81
76084,598,5999,417
58087,17800,17820,620
76096,100,100,310
117568,2670,4950,159
58085,1500,53525,227
189150,297,199999,1754
34125,50,50,76
189146,250,5000,950
6048,250,266,379
154881,35,66,774
76132,2498,250012,2609
189149,701,718,364
192726,2600,2600,75
43013,175,2000,102126
2840,320,2000,63821
4367,169,169,52
172043,4086,9930,12048
201047,95,95,97
36812,500,999,450
23108,145,145,59
189155,999999,1999999,54
76653,195,195,9
23104,99,99,105
68778,13529,13529,19
194794,9199,19900,271
173084,19046,19146,104
128304,105,170,66160
39343,324,325,16653
129032,510,1200,60981
194786,19300,59900,168
43125,150,200,1094
74728,2492,2492,20
173083,18611,19399,55
163691,148,352,169
194789,2597,5050,232
52119,400,400,7
52085,300,372,38
158778,119,119,71
52172,465,465,9
52170,200,200,15
176882,5000,20013,4
52094,490,490,7
52144,865,930,5
199053,390,570,15
38821,299,400,44
154891,13,13,862
88487,399,400,59
38849,30,171,4
168216,200,300,64767
71873,19896,19896,44
76571,3988,4288,7
212646,185,185,5
74710,11,12,99
213386,280,280,5
54832,178,178,8
170168,9005,19905,236
128763,14,14,10
205462,2500,2500,4
56968,2750,2750,8
171829,262,356,9421
2675,30,2254,10740
153476,700,980,328
163076,406,427,127
111671,80,121,106843
111666,18,17200,591
3712,506,4500,10838
172049,40,71,892
163223,340,341,1046
187704,3,1500,50917
109223,60,1987,2267
153622,2037,51257,16
154123,2799,2800,108
109140,50,150,210266
109138,8,314,8022
10938,122,2500,22770
194013,93800,93900,2993
14048,100,122,3772
172097,100,325,65263
124117,374,2500,10029
168960,2300,50000,114
36932,114,156,420
74650,900,1441,1095
74706,34,39,16
153434,99,100,43
159789,5000,5672,434
52776,9004,9005,78
28470,172,1172,52
199058,20400,45000,235
153478,8300,8821,53
178217,19,19,86
38896,12932,12932,34
62251,174,174,30
168448,12545,13223,152
52760,9036,9036,20
38827,16,216,24
52186,3075,3100,7325
3391,2441,2441,3625
62782,50,909,50817
172451,6,500,1539
111601,200,475,3504
5471,33,5000,3991
172054,98,100,62567
4289,2,299,110793
171828,105,1000,17239
39516,40,40,86
11386,11,11,5
110618,668,669,149
124110,8499,9000,2522
38824,80,80,109
152544,299,300,5684
172010,2006,16640,238
172937,1800,2400,664
128500,24,1256,4041
1705,45,99,1384
17194,24,75,7527
201163,3473,3573,4
133562,50,50,166
23528,100,100,19
28421,498,2999,336
103786,2498,2498,14
39915,275,275,81
25719,1100,2000,37315
20866,75,375,44
192729,2190,2190,25
30810,7,2504,22732
22644,190,3000,4244
205411,10000,12538,36
19224,5,99,163
172042,400,833,577
159466,1498,2063,82
52985,1489,1925,3618
152545,55,180,21458
133567,80,84,477
30820,20,20,12
62791,37,99,21051
180410,32117,32117,2
153703,396,400,526
74713,33,36,530
111675,50,63,1944
19305,1,99,464
74720,67,133,12
56196,50020,50020,3
200021,6998,7000,3145
11185,35,45,746
103795,2087,2087,18
31672,199,200,24
13362,109999,109999,8
31673,99,100,117
22789,323,2500,6440
111658,45,99,1266
109624,42,99,1437
67403,999,999,13
109143,30,269,184138
1210,75,555,10602
74837,300,1770,15276
111668,10,30,1018
111673,45,58,2430
74252,291,2500,22254
4339,200,250,24731
172091,20,20,579
184392,300,500,16
124111,6969,9000,12516
4557,45,2500022,4
41805,1250,15000,3142
168653,13350,15298,1035
204072,977,1104,86479
62277,24,24,50
201832,4773,4776,959
158864,127,127,54
85585,4000,17200,592
213044,500,507,2
158868,182,478500,9
213388,2100,2106,6
12206,65,9900,2184
8146,8,8,30
4460,26,26,14
194760,9900,30002,1605
151391,49962,49962,4
76698,100,102,20
194968,144,206,130806
76669,900,900,28
25550,20000,611737,12
12643,125,134,267
6533,59,7595,541
192880,32,100,265749
24478,39,47,1003
52093,700,800,57
138728,16,150,3425
52096,120,120,19
52109,1990,1990,31
52148,820,820,10
52161,740,740,4
3575,590,595,7837
178546,29,29,1
59232,311,311,46
52226,680,680,26
154887,15,305,507
62658,100,999,684
112090,1999,1999,901
62670,297,999,201
43490,110,124,2041
62664,700,999,317
154882,499,999,1447
154888,995,999,602
118704,1173,1173,74
169116,1215,1215,40
10561,433,434,636
200816,2499,2499,24
81401,31,999,197
62680,999,999,531
156526,15000,39999,577
52232,3970,3970,52
76092,73,73,88
175069,93,1094,19
81197,2,2,40
52236,1994,1997,43
106888,26,26,49
52238,1443,1446,97
52117,375,375,13
52114,100,100,6
67509,26,29,43
52113,99,108,28
62239,95,100,456
75016,141,999,117
165755,100,999,453
62666,488,999,396
52091,600,659,5
62662,55,95,484
62669,185,750,690
44958,1469,5999,1161
13757,395,5999,2297
4394,2000,9999,151
62668,999,999,732
3823,209,409,2151
52245,2489,2490,29
62671,999,999,304
198279,2500,2618,110
62663,900,1999,297
20452,2999,2999,98
12217,5509,5509,89
34752,999,999,164
163781,741,5999,566
168313,70,999,557
162026,12861,12861,1
158927,940,2089,13
76536,215,1999500,10
213206,1455538,1455538,7
22828,1986,1986,947
62665,599,999,280
200048,70000,70000,18
173049,1300,1300,118
33782,99900,596970,17
76570,159,169,18
52295,8598,8598,18
192609,80,85,43
151580,300,375,23
71882,49900,66235,14
39954,6220,6220,10
163639,98722,299322,2
163638,33169,33369,7
40079,1200,1200,178
13453,3999,5999,566
74725,114,139,1025
58480,56999,56999,4571
44953,380,999,55
147774,94,94,20
153192,1999,1999,434
33866,1152,5999,600
89868,2886,12500,319
40073,121,2999,1135
163692,400,400,31
5829,9,9,83
72985,300,315,2809
87230,1019,1019,109
200845,29900,29900,26
137287,54247,87467,168
40001,3125,3125,7
201164,37500,56500,6
39950,29928,29928,165
111458,21,21,770
128996,1214,1215,120
52243,3500,3500,86
153646,7499,7499,54
35503,134547,134547,10
191474,439,439,108279
14343,50,106,277339
128991,43871,43871,20
52110,13273,13273,37
111433,199,333,511
76677,450,450,32
32728,3030,3030,3
182707,45500,50000,4
52301,11961,11961,15
57194,290,291,140
183205,200,200,2
173077,4900,15000,48
183208,112,112,2
80433,218,274,877
158205,3,3,3235
132516,19998,19999,2141
128848,23,23,45
67438,5999,53525,103
2681,1,1,84
173060,363,366,2023
40091,1518,1518,2
41377,91300,91300,14
52300,33844,33844,11
40058,2587,2587,19
35501,249839,249839,28
169701,700,1000,60244
199966,7000,12500,86
52215,2013,2013,49
52780,7227,7229,54
39006,961,1061,24
179368,1166,1166,13
132530,280047,293948,5
2454,40,1000,6846
210821,9,9,62
58266,9,14,166
199976,500,3500,1263
5500,568,893,2115
191524,2548,5048,1643
3669,2,2,6
24189,20,120,13
76693,960,960,56
17303,150,159,23
196584,167,167,335
168652,12411,39999,866
62271,22,22,42
204827,4900,4900,44
74636,200,200,55
118899,150,150,12
198207,400,400,41
21213,25,1000,2330
38940,40471,40474,34
193248,22800,22839,1360
52105,158,159,19
62677,5,105,35
132982,186700,186700,20
19232,786,787,10
195466,4075,4075,15
117437,98,98,21
195455,332,332,98
172008,2000,40000,375
142262,40400,40500,72
192666,165,165,24
3674,27,28,20
38920,2997,2998,46
38936,45190,50055,30
197774,170,180,588
19974,1200,1200,20
6450,8,8,283
80595,200,1500,280
189542,7533,7533,3682
76524,448,449,11
2997,40,40,120057
76507,487,487,21
128539,117,200,52
53643,799,825,16793
194754,39000,39800,4039
152508,215,295,64637
171268,100,1804,743
138967,1,3,2888
204860,48961,100000,34
4364,22,44,12968
172406,125,140,387
115526,51,17200,184
192843,199,200,2117
12809,3023,5061,1040
40067,60,63,43
22866,570,9791,863
53069,4,17,1681
192842,310,385,119189
173121,2000,449300,186
171436,135,1600,742
171349,99,1142,399
192849,365,593,64207
191498,4998,4998,11608
30817,1,2,424107
191339,5916,449300,245
192905,599,700,1149
3173,25,99,8375
172936,800,1000,571
2595,349,495,429
168642,449,449300,114
154989,27500,50011,332
36909,1750,2187,64385
191340,5047,6500,4411
198413,258,385,25216
194751,2402,15209,1910
191320,14999,16443,3777
168215,1599,3000,11824
191476,547,588,141833
204973,2850,3299,20415
180732,2,7,103757
191329,27000,40000,18306
6361,3,787,13195
104138,4656,4800,1597
53049,49,80,325
110646,2333,2334,66
129021,59069,70000,262
20677,225,250,81
20545,225,250,74
38698,5,5,9
43488,600,600,77
38861,439,439,74
52213,6089,6089,88
52214,7000,7000,57
52235,997,999,31
168596,12894,21169,673
168598,14199,19851,161
74726,4028,4028,248
187884,135066,135066,567
191323,1490,4355,1060
191472,3774,4297,114231
192709,10024,10024,4
52240,9915,9916,46
6811,199,949,40
52979,2500,5354,6695
13756,5445,22500,945
104316,25067,32595,405
38945,169,2504,65
128552,25290,25290,102
38960,20,262,68
176810,5400,5450,2
141641,5999,5999,401
58088,17000,17200,3008
171274,10000,449300,260
194768,5095,6696,11781
184090,829,829,560
127004,1000,17200,603
198417,6427,6627,3206
194756,26800,28000,9033
109141,20,375,12220
198200,13050,14700,2248
168662,775,775,3113
59480,49500,49500,21
59496,245028,250028,13
151431,100000,426545,8
129034,4800,5900,8773
168529,2500,9999,736
3401,100,102,45
192916,99,2500,3792
82441,100,17200,11704
192917,50000,240000,11
41511,354,354,7422
198415,11049,11483,514
198416,6190,8985,5931
10505,28,100,8412
153715,300,300,1101
194758,3400,4599,2062
112160,565,3710,8
200618,406124,416811,2
191496,8090,8095,952
38842,400,2259,39
171830,359,498,14831
171269,2660,449300,272
172063,799,799,7693
191948,297,449300,246
182776,50012,50012,2
4607,1,2,46
62783,2500,2501,16455
53066,10,100,4668
197784,1745,1764,11545
2799,1,2,566
200818,24005,24005,19
200009,33950,35000,26
146406,57499,57499,98
129003,2499,2499,2
74641,400,449,350
3663,135,135,63
168217,1025,1535,47517
200476,420,420,78
74841,100,981,53386
9210,14999,18000,7083
38859,498,816,81
199970,38695,38695,17
38810,11,100,134
10306,600,600,43
52753,39,43,74
52759,45,45,93
38917,5362,5366,13
52757,24,37,66
3671,4099,5099,6
153430,100,190,82
52765,110,110,85
52748,4237,4746,108
192941,1698,1788,48
136708,17974,20000,216
86057,156,1414,35
197787,1000,1700,5379
194857,1000,2599,1988
191497,3400,3500,18151
172934,757,1999,2473
171267,162,300,1268
192840,385,385,7693
173129,1488,300000,240
814,7,400,987
152507,224,392,103711
194752,400,498,1609
2665,2,2,4410
32200,280,285,724
192861,459,1462,37068
198496,11000,14700,640
194856,1810,1932,1068
152509,175,300,120992
171831,260,400,10958
64396,105525,105525,27
153512,900,9999,142
200033,4999,7000,6292
4875,5,205,17
128714,25048,25048,3
124104,575,797,309809
28103,244,1999,3080
35951,130,150,92
8956,3969,4410,612
197783,1772,1784,17085
203418,9835,9860,1308
2456,10,17,250
200049,70899,70950,350
198047,7500,7500,10
158188,1298,1298,11172
27671,1000,5000,4655
168786,300,300,6
192878,329,1329,15610
173191,22,71,14417
198217,126,127,157
192934,16000,17186,17
204828,498,498,212
12224,232,232,152
59231,101,108,56
12435,149,500002,277
171439,88,90,333
15992,23,23,510
191322,2830,2999,932
74833,444,4500,11305
192834,1199,1199,765
151542,69999,110000,327
4291,5,505,24786
173059,417,418,9859
52209,1116,1116,108
192839,193,196,23618
52211,1360,7921,23
173172,792,1999,876
172921,990,1000,354
137289,77699,100000,205
23097,4900,4900,7
192836,396,416,5555
111449,80,82,181
11184,1,1,79
82960,294,294,166
22375,10000001,10000001,7
200061,3268,3892,27705
112177,4518,17200,140
205686,99880,99900,121
63348,2000,19000,7
4586,11,25000,27
110619,339,399,46
38912,125,182,30
197750,35,36,35832
200822,1610,1610,29
200633,200000,239900,8
194858,537,562,31546
124442,2327,6333,8234
192859,487,637,1449
192866,898,1699,3845
173041,150,449300,184
192876,399,446,557
197749,19,85,205774
172439,160,160,24551
191326,8500,15974,1650
6303,1,2500,13275
36912,975,1399,18710
205043,7615733,8016561,4
153706,449300,449300,103
24275,87582,87582,9
192976,1899,449300,178
112289,1500,1500,10
183954,1043,1045,2284
44327,1000,2999,273
17708,792,5999,192
200001,502,540,12
76086,500,5999,266
32068,1999,1999,185
13423,598,999,1485
191367,500,568,4690
22831,3525,4499,464
28102,1800,1999,1343
39666,1045,2999,474
192944,22299,25500,42
192671,254,254,6
195359,80,80,24
195360,450,450,20
168499,2400,2400,161
180445,48999,55250,276
162681,2250093,3000093,5
213196,275,275,2
22447,85,250,53645
212766,600,600,2
128842,1113,1113,52
161344,250000,250075,857
213032,258,258,3
205469,55099,60000,12
172449,22397,22400,251
11590,34,34,15
5784,78,450,9191
79308,117567,117567,1
18262,1436,1490,388
130258,300,300,162
23119,199,199,178
128851,17598,17598,109
193934,11940,12000,4157
27422,41,9900,3298
111663,869,1100,1031
18645,739,739,113
198414,259,259,10779
197720,9500,9500,132
168639,520,570,97
77547,1800,19900,23
178786,103,105,2686
189143,133,207,58630
4399,2,3,2349
210244,712,712,56
52217,4300,4300,53
172410,422,449300,203
53063,67,9999,1550
133591,119,319,850
168188,2000,449300,159
63312,999,999,2
192837,231,399,5263
198187,1200,5099,231
171348,99999,99999,1
28104,400,1999,1163
189543,18029,19930,13511
4611,1150,1414,934
22840,1000,5999,679
71805,960000,970000,894
13893,19600,111111,349
80588,6878,12500,782
74661,13447,13447,21
79538,6940,12500,258
120959,659,1360,229
52303,25357,30400,613
162674,20084,20084,2
203412,40000,40000,187
193928,369,400,190546
193368,503,713,71292
197788,161,247,40728
40199,1050,1499,6330
163222,98,4499,385
3825,2003,5999,239
172935,10,25,10881
191350,7535,7535,562
37713,165412,165412,1
76085,380,5999,326
9155,750,5999,218
13445,2068,2999,163
168651,19884,46525,1593
163569,1,1,597
173171,891,399900,328
193370,300,300,139705
172366,22500,449300,137
7911,270,370,14789
192877,351,462,18086
204845,100,150,3801
173130,1950,1950,214
69237,600,17200,2878
198209,300,300,138
212647,2000,2400,8
12202,29,1085,33123
192848,141,157,37223
194855,2999,3598,22045
191471,3339,4784,124966
173058,6500,6500,18559
92741,600000,600000,91
15993,50,70,146
192847,128,159,6816
193251,417,417,189506
198188,544,644,4109
191470,3697,4528,39606
79868,64350,88900,740
171285,1413,1514,3605
193243,2786,3888,21199
171301,40,449300,207
162558,38098,38098,80
130183,550,10059,3418
31941,30000,199992,16
38911,299,300,9
101661,9000,10000,52
60838,4000,6000,2353
133688,180,5000,58
3182,15749,23999,867
52095,200,200,3
118711,900,960,41542
182757,66690,66690,2
76884,12499,12499,22
21072,2,3,314
191861,670,670,42
81203,5,5,16
52777,1339,1340,40
52779,1185,1185,70
134053,1000000,1449950,2
136557,16,16,117
136556,46,48,52
36903,254,256,6669
136558,265,265,62
136567,14,14,40
129099,1181,1181,122
130200,30,31,38
130201,983,983,130
130202,3870,3870,141
130203,8503,8503,149
108352,349,349,185
74832,270,17200,271
168498,9676,19999,339
56049,110076,115076,12
39996,5518,299800,15
168315,963999994,963999994,11
191508,2537,2537,5
3171,177,177,49
41452,19806,19806,3
152718,325,325,44
24105,4,4,97
108299,2000,2000,262
38903,99758,99759,10
38998,79519,79520,37
191505,11495,11495,153
38975,119,120,23
193563,244,1599,127
38906,1629,1629,32
192938,24300,31988,2131
129002,999,30773,26
129000,2000,9500,40
38774,100,100,56
38997,1363,1365,32
38863,119146,119146,40
187931,149949,149972,776
139315,79599,84214,634
23559,15,15,126
205794,899,1359,400
200579,4266,4440,420
196582,575,16394,209
193894,4790,4890,118
140630,43404,110007,197
199939,24999,57222,435
194825,185,253,426
52136,10000,10000,2
200623,555519,555519,5
191361,300,372,4009
38910,996,1310,141
205472,2500,2500,2
138729,4,100,5670
86599,19450,19450,16
17196,100,500,2747
204701,65000,79900,149
89679,44300,1021916,8
38904,7441,22505,3
52098,599,700,8
140568,69925,69925,41
136856,29273,29496,76
194690,999,1165,584
203411,17899,17899,76
191250,2736,3420,34
178134,200,200,9
176868,45,45,14
184393,249,249,6
184390,465,565,9
59491,6699,6699,231
11188,8,8,50
151585,2580,2580,43
128011,150059,2499800,4
30477,18,18,16
192943,22000,25099,21
5379,21292,21292,2
105711,3128,3128,92
67511,55,56,19
119022,4356,4356,59
22833,20000,20000,2106
200821,5093,5093,5
153664,2471,2483,71
205016,1099999,2978698,10
140265,656,656,21
153631,1696,1696,9
198237,108,150,150
153624,3585,6292,4
62000,25063,25063,4
179296,450,499,7
179293,17469,73755,18
191364,1725,1800,11204
77541,1710,549800,22
116811,2500,2500,822
161346,2000,3200,51
9260,283,750,1061
90548,7314,7315,4
38789,19,22,162
40122,800,800,840
38938,10,10,192
76135,69,5075,5058
9312,8,500,529
187812,15016,16516,106
38951,79,79,160
3776,32065425,32065425,1
31079,9600,9600,1277
39563,1500,2000,24
199946,1470,2112,130
203865,3364,5364,370
30475,166,166,60
194542,59093,64751,142
24406,200000,242164,5
34411,72,72,6
198241,800,1025,360
16006,49716,49716,39
109123,760,1050,207642
37118,10,1100,460
24059,618,618,41
10646,500,500,25
1711,10,800,691
147869,1098,1098,67
954,169,3342546,37
62522,60,62,17
23737,47,68,359
21886,9980,14000,3187
32194,489,489,1143
6037,488,3500,32491
210554,5080,5080,3
38828,77,78,137
10307,248,248,18
205459,1999,1999,27
18631,4960,5661,248
38816,75,100,29
43492,1275,1275,76
12210,3,3,68
12212,27,28,92
38862,200,200,34
8545,240,300,385
13456,200,1185,1569
169300,45,48,125
115807,180,180,13
5740,5,5,450
52986,1148,5003,8285
188795,50000,50000,9
29571,250,250,56
133545,19000,20000,37
57099,1050,1100,49
58143,325,18525,102
32193,789,789,748
156627,100000,100000,12
113992,695,700,102
128980,10000,10000,12
38905,427,496,52
189571,254714,254714,3
52230,5911,5911,43
25896,76737,76737,9
200020,33500,33500,586
23099,23450,23450,3
127761,300000,543525,29
71857,153445,153446,16
64392,19600,33384,1840
31902,5000,7500,14
200052,277763,277764,160
153036,67497,145000,262
52769,3550,3986,26
32409,150066,150066,15
130246,69987,313525,10
38779,490,500,33
6296,1,1,3
76602,3200,3200,1
76631,734,734,15
132194,1000009,1000009,4
36925,200,947,744
23576,5095,5095,32
46098,13978,13978,53
38925,20623,20623,70
52084,2481,2481,22
3729,4,4,313
32598,2614,7562,800
89678,100,999831,56
38893,16999,17087,47
41602,61160,65804,37
4656,9,9,44
24274,154535,154535,4
68358,12000,12000,18
158380,2500,3599,1752
163158,134,134,27
41482,100,100,13
7072,50000,61000,9
188682,200,200,224
52229,3758,3758,37
188671,199,199,119
2838,6,68,22903
4278,310,300011,497
3340,11101,11101,12
38939,44403,44403,46
71828,89868,89868,11
37467,2000,7500,93
76531,104,104,12
127849,3900,5000,245
40169,1500,1500,51
54450,10187,10188,62
31869,10000,1999500,14
98118,175,175,20
3864,395,530,4044
52297,6224,17894,6
52102,500,500,11
40202,566,566,217
25893,130000,130000,23
62323,9340,9640,174
144329,44550,45000,176
13460,21561,21561,3
3299,1,1,35
33549,27,27,32
67397,269,6969,5
158754,4999,4999,2
174983,4999,4999,1
22459,796,1078,129
41445,3628,3628,12
71847,25000,25000,12
71845,75005,75006,13
193420,2911,2911,2
139344,5001,5001,20
139346,5001,5001,20
153625,1624,1804,12
151394,10000,39950,35
166288,250000,285000,11
174383,9400,9499,4
155593,25000,1700000,105
158751,100,105,800
90058,295,287472,31
151608,10000,100000,221
44761,9973575,9973575,4
40106,4096,299800,5
32839,999891,999891,12
90057,475,440000,81
71823,48977,48977,40
44314,900,1000,71
76894,4499,52895,38
44760,34,34,37
139036,1330,49000,296
25548,20000,283097,23
21222,34,35,214
38428,499,499,19
4813,3,3,9
162560,1672,4492000,26
76528,703,703,15
162573,991,991,11
67310,5000,5000,11
163103,1068,1068,44
65503,12500,12500,1
1475,663,663,169
18294,5900,14900,1040
76138,890,1000,313
169296,4999,4999,13
158770,2393,2393,2
158796,1600,1600,4
3727,45,45,3
158801,1700,1700,7
158866,184,184,13
17119,1,599902,110
58487,9246,15000,459
151389,7678,24499,4
139398,5098,390000,23
62535,308,308,5
106870,30,30,62
168449,11590,14358,108
38967,1072,1072,48
38918,6979,6979,20
76616,2505,3316,18
115809,22089,24289,50
56550,54397,54400,48
178129,575,575,1
36784,9800,9800,24
183207,385,385,2
162027,6000,100000,135
5472,1,2,576
168797,333,333,8
183945,329,329,1
192897,1500,1500,76
39358,66615,102139,2
39360,66640,66640,1
39361,100,227,8
128498,1111,1111,24
183204,415,415,4
155629,499,3000,509
181713,226,5526,12
41337,33,33,53
201729,1200038,1200038,1
151386,48020,48020,2
115012,743,250000,45
162666,24550000,24550000,2
178126,381,381,1
74651,3600,3800,221
182718,315,315,2
175960,90,90,36
199943,4700,29500,4085
199985,4600,34999,6492
183209,365,365,1
151444,2100,2100,3
136596,5,5,2
151392,49999,49999,3
182715,855,877,6
182714,202,202,2
179005,227,227,2
62651,284,298,126
182713,325,350,4
191351,555,6272,424
2886,2027,15000,1231
176875,300,300,5
23100,100,23599,32
178175,298,298,4
47556,1461,11600,3632
176864,100,100,45
35760,119,144870,14
76895,9996,9996,47
76672,1067,1067,45
153707,1357,99900,123
151390,2999,2999,15
35758,150,249800,36
76696,3179,3179,77
24035,2032,2032,203
198231,2457,2500,5
39979,110,110,39
40050,4184,4184,12
41481,117395,117395,9
40100,3312,3312,27
40000,1022,1022,12
184343,4877655,4877655,12
33449,128,128,40
108363,111101,111101,3
169118,12516,12516,5
205866,2213,2213,2
205014,2288664,2512636,2
193895,1478,1478,228
10305,88102,88102,1
9332,95,97,11
74921,5516,5516,53
38430,850055,850055,2
38429,142084,142084,2
29570,396,396,5
18234,400,400,8
38431,46150,46150,7
18225,149,149,11
41389,9366,9366,65
42545,57,57,4
76893,3999,3999,25
93970,199,100148,30
92058,88801,88801,1
104339,1976,1976,13
105703,8000,10000,188
30610,45,45,3
190329,10500,10800,79124
33824,1199,6037,175
162566,25019,25019,5
105708,15424,15424,30
60377,55592841,55592841,5
4395,242,242,55
113530,24,24,48
106889,127,127,35
175056,4975,5000,11
107392,44,44,10
18224,28,30,318
56197,5000,5000,10
106875,147,147,32
169135,41,41,143
111457,350,394,1892
4585,6,6,14
193944,14998,14999,18
169139,95,95,12
192723,3201,3201,8
212774,500,500,7
115352,25019,25019,3
170164,19900,19900,138
41447,99,99,14
179272,35019,35019,1
176807,150,150,73
184100,7857,13808,270
3745,27000,27000,19
22642,22500,22500,37
158831,145,145,59
187796,6497,10026,1326
3167,1,2,62
6986,15518,15518,5
154169,847,848,39
4775,8,8,22
200778,6028,6328,10
200099,5093,6251,254
17408,16395,16395,29
190936,5000,5000,42
183955,1040,1045,1438
38797,14,15,94
38805,232,813,19
38809,100,300,31
176809,47,47,66
158867,690,690,17
1175,2500,2500,4
45199,3,222200,26
204442,427,427,20
173871,36,36,37
140567,8741,9949,15
197735,198000,222295,79
162559,40,40,12
5066,538,538,18
133980,25001,25001,5
169952,186316,186316,17
160092,200,399,35
128979,146036,146036,5
199195,3695,3695,191
42546,14,14,444
160483,22,22,33
4580,8000,8000,5
38876,1069,4392,11
38988,242,243,24
32203,791,801,88
39952,200,200,4
200007,24400,24400,123
200832,505,505,60
111450,97,99,230
200800,588,588,99
192632,69,69,22
194035,1399,1399,177
56034,199,199,12
200843,4372,4372,9
83764,19999,23700,81
204835,75240,75240,2
3220,2,7,336
111446,74,75,638
8392,1548,1548,1
44772,300,300,77
13159,6,65,138
162550,12519,12519,10
136554,48,48,18
24507,13,13,12
24510,400,400,9
56236,2501,2501,2
162555,90,95,1887
33048,20,20,132
29750,21550,21550,207
60396,40,40,82
118681,191,191,3
119324,739,739,220
184342,183873,183873,16
66945,1050498,1050498,3
199947,569,750,56
23965,214,214,3
199973,5099,6150,104
60397,50,119,13
104196,32499,32499,2
138290,3895,3895,52
52721,134,499,116635
129285,6818,7027,95
129287,5250,5250,116
129288,59027,59027,263
178534,330019,330019,7
200041,509,15000,150
162564,25019,25019,5
107518,1200,1200,8
193559,205,205,34
180088,179,179,5
124101,489,600,201370
3478,80,5000,7076
76683,176,177,19
176855,186,186,9
176866,41,41,88
25890,499900,499900,8
162012,3501,5001,68
192616,60329,60429,8
52216,14024,14024,20
76534,124,9999,22
76541,196,196,13
76587,851,851,5
76599,238,238,2
76664,292,294,11
15407,350,5075,1988
44722,50,50,155
200825,5251,5251,5
24281,119905,119905,6
151774,399402,399601,18
38261,100015,100015,17
44277,2438381,2463011,10
33576,50,50,11
133570,13,13,288
33575,19,19,43
39999,1000018,1000018,1
191520,800,829,584
16203,1129,1300,41925
133942,250,504,95
200811,2017,2017,50
177256,56,56,25
39552,21164,21164,2
200573,8638,8638,1231
200797,4585,4585,37
76673,115,115,36
21884,31840,33002,7080
76576,506,511,13
153604,866,1070,34
212765,7684,7684,2
187699,1000,1155,78955
179284,2000,2000,2
82445,1749,1750,31
194797,5500,59900,174
22792,515,805,6388
36743,1400,1400,5
35623,3850,4200,5189
115504,103,500,29117
97623,93,17200,322
108331,2320,4000,3488
191400,867,1100,725
128730,50089,50089,3
114016,248,248,72
128726,332200,332200,3
62013,122233,122233,14
79294,291180,291180,4
79296,300004,2550004,6
17222,10,10,281
62002,250000,750000,6
41803,900,9900,3332
33823,15000,15000,218
27437,30,4000,9251
109584,51907,127309,84
194795,7497,19900,314
27669,12,5000,4188
27668,5,2500,4432
182118,122,122,2
176087,39,39,52
7974,14,17200,21608
18223,62,62,84
152812,7525,9058,487
29548,2968,4119,7573
127836,2000,2000,15
163082,127,427,255
191372,278,665,856
191360,405,405,80
3731,2375,15500,2743
32905,4,20,4363
191352,464,1200,2332
127840,32,34,166
152550,300,599,125
43854,30,30,72
127839,4277,6121,289
128764,1372,1372,23
3385,29,30,1796
3404,1164,9900,2594
24033,700,799,436
40022,1400,1400,74
40041,3545,4375,190
2673,1500,12500,8727
162551,300,300,4
162572,300,300,41
162574,298,298,6
186982,468,468,3
162575,2500,2500,1
163132,198,200,8
205467,3275,3275,1
40003,4700,299800,13
105702,3044,3804,50
52126,99,99,41
161128,502,502,459
75038,976,6497,1319
197769,285,285,47
118280,300,300,18
4360,10,20,666
108977,37,37,311
3301,22,33,179
153614,1302,99900,32
208736,4388,4388,2
31900,16931,26931,9
71874,24997,24997,151
71833,40986,40986,55
194788,6460,6460,63
133681,150,150,4675
42430,100,100,26
205698,2442,2442,4
4757,1,1,19
194805,5972,16812,203
194806,8497,16990,190
144306,3581,20175,32
194802,4000,11999,153
200614,499,505,72
188672,10000,10000,13
724,7,7,10
172902,75,75,36
124640,503,2000,29615
25427,97,97,4
172146,1700,1700,6
158869,180,180,21
198293,399,497,227
54623,1100,1100,5
191389,4594,4594,8172
201170,200000,200000,1
36814,131,131,58
7101,9,9,8
36789,627682,627682,3
1476,9,9,8
43321,50000,50000,2
36801,24,24,6
200815,7200,7250,2
2295,1,1,6
115512,19740,19740,3
36802,31,31,2
44762,49,49,1
36817,317,318,10
36823,17,17,1
36813,100,100,129
44776,50,50,11
33548,53,53,3
194813,2500,14000,274
36816,135,136,34
25411,18,18,11
199216,19999,25033,391
36788,155227,155227,14
36805,306740,306740,1
39691,180,180,63
44777,59,59,2
33630,208663,208663,1
194814,8399,12900,267
36811,36,43,87
36809,500,500,9
194810,4498,12900,327
33561,20,20,8
33556,10029,10029,3
194811,7799,7900,115
42931,543,543,104
62657,185,185,51
24291,1185,1185,94
192653,182,182,20
160502,44,230,2266
21226,99,99,7
200773,4244,4244,9
21223,79,80,42
192724,2199,2199,7
11186,5,6,31
56205,8,8,15
9333,4,4,21
9334,49,49,36
9335,20,20,25
56204,19,19,9
52325,1500,1750,4961
158204,5098,6000,579
5125,2198,2198,3
62785,16,2100,4316
182459,100,100,37
76626,5400,5400,10
29547,8098,19998,21505
201207,469312,469312,1
110652,3496,3498,78
38854,5442,5517,5
44449,330,330,41
8068,5000,5000,845
159791,48,48,2
204838,30641,30641,5
200531,91,91,5
76614,17995,18997,6
151651,8700,8700,9
128559,896,897,7
39942,100,100,38
174350,61,61,1112
89737,190,190,57
140347,59,59,137
140351,225,225,88
62530,200,200,32
5134,2999,2999,8
137557,1900,1900,65
23384,350,400,15
132524,40075,40076,6
40077,125,125,148
110653,5042,5045,129
62790,5,6,346
144307,3398,491200,36
74860,1500,3135,1507
204615,363998,363998,10
159871,3841318,3841318,89
12363,27000,40093,3931
153605,3240,3240,10
153630,4156,4618,18
79292,25064,25064,4
22526,3,3,171
126934,400,499,64
129286,9025,9175,49
116392,84998,85000,263
119213,14800,14800,1
90047,6385,6385,3
182119,127397,127397,5
62523,65,65,3
19931,31199,31199,42
153608,1529,99900,19
193030,849,872,184
208187,250000,400000,52
198160,200,300,241
15420,75000,75000,33
128547,8014,9253,34
104340,25054,25054,56
62524,7080,7080,8
63307,809,809,32
63306,1400,1400,48
81920,20,20,53
62421,100,100,35
198236,665,665,28
98111,12,150,9
151387,100000,149970,4
23118,100,100,182
39978,93,93,10
38972,11099,17956,9
38800,1400,1568,18
52754,9973,10095,24
52773,5740,6392,19
38930,285,295,87
38981,362,2565,12
52766,2500,5995,59
52761,5149,5149,70
38885,10174,63713,27
12436,120019414,120019414,17
38870,511,511,10
38813,3093,3093,13
92056,480000,480000,1
2683,2,2129,225
169280,1835,1835,124
3665,2,2,224
92053,56417464,56417464,11
169120,34516,34516,2
63693,1999901,1999901,2
41594,9700,9700,127
38954,266,274,43
90457,25919,25919,5
192656,9999,9999,2
105722,5099,5099,8
22376,99994,109094,113
194071,3989,3989,21
63251,25,25,5
179369,200,200,11
204234,5599,9199,33
179372,200,200,4
38820,13565,13566,23
168788,399,399,3
38898,999,1300,17
32718,100000,100000,24
108335,100,810,34364
5082,199985,199985,137
191382,3010,4300,10612
38899,1495,1495,9
137288,51488,125000,142
38984,749,812,7
115470,499,500,9
166420,544413,544413,1
160611,75020,75020,2
128561,1649,1650,152
32717,50000,50000,39
153602,75094,75094,1
32715,50000,50000,33
208746,163350,599880,15
176854,2000,2000,4
38883,5347,5372,32
27664,900,900,15
140286,20052,20052,62
44292,445501,445501,15
197751,75,75,42875
11846,3896550,3896550,7
25707,2388,3106,8302
192697,2297,2297,22
24246,400,600,24117
74643,1425,2525,98
179278,509,519,14
176870,191,191,14
204700,49999,49999,35
18640,8182,9999,971
197848,199,199,49
137556,5075,9999,101
158850,24895,24895,8
61997,1407107,1407108,9
201205,99,99,4
158820,1978,1978,2
198508,4060,5070,214
194871,1099,1099,5
41446,900,900,12
187191,299203869,299203869,1
170491,24876,24876,2
8169,194,366,904
41502,300,300,10
144285,999999999,999999999,1
187594,999999999,999999999,20
144398,49986,49987,2
44757,798,23955,90
159848,1013,1013,7
52122,1500,1500,6
52135,11999,11999,4
38868,12904,12904,32
52118,4970,4970,7
39912,1176,1176,26
77545,1000,19100,20
153628,5448,5448,4
41444,811,811,6
10548,2786,2786,68
114001,111,111,4
158821,300,789,83
21023,59172,79105,1793
79307,16969,16969,5
194807,9799,9799,69
201165,550,550,8
100735,9900,9900,5
158747,110,120,40
113574,33,33,15
137643,175,187,4
156873,20707,20707,7
23094,655,655,219
166419,200000,200000,4
201416,975,975,29
201413,5000,5000,33
38851,49998,101954,20
174349,171,171,17
113140,250030,250030,3
4604,6,6,154
52116,8972,8972,13
38948,9985,14519,10
128560,1994,1994,50
43695,95,98,10
112115,1000,1750,6
8957,68,68,44
2888,101,101,74
83097,4,5,71
198619,19995,19995,21
52151,70000,70000,1
130219,850,1093,80
38921,10192,10192,32
39000,10559,10561,55
38802,4483,4483,30
198280,1865,2065,155
213038,1156,1156,2
213380,1800,1800,6
213045,1000,1700,9
71853,22999,22999,54
81411,20,20,36
193939,36000,41900,6033
58264,99,99,24
38831,4408,4408,20
76591,11264,11264,6
2460,5000,5000,1024
168412,10800,12000,584
108296,4000,17200,84
210451,277,277,6
43521,500,500,4
138295,10000,10094,7
210443,7999,8999,2
178017,2000,2000,8
30355,1307,1307,40
52088,3498,3498,12
158848,1033,225533,6
212763,1994,1995,6
155605,52,52,90
158750,174,1868,6
1696,9,10,6
158871,57594,57594,10
58146,300,350,163
198403,299,347,4256
29111,1400000,1400000,4
43330,1375904,1375904,1
62527,1132,1132,23
192898,599,600,334
194800,9888,15600,244
41427,3499,3500,45
62435,448,448,2
111445,145,145,1331
81924,65,65,122
81923,13,13,40
54619,5069,10069,13
52575,15000,15000,3
50438,31153,31153,18
139785,706543500,706543500,1
52124,3000,3000,6
39981,89,89,20
76667,300,289100,21
200803,7180,7180,10
52153,1528,1528,2
41475,300,300,11
39943,1013,1013,2
39980,200,200,4
89676,33807,33807,8
132211,12527,12527,16
39919,145,199700,33
39909,99,99,9
76655,1150,1200,2
76577,9405,9406,4
39918,165,180,42
52104,200,200,16
52101,92,92,6
140753,175,175,7
196440,111,111,13
18227,200,200,8
38881,11973,41637,38
52141,23967,23967,9
52099,3731,3731,21
52174,19766,19766,1
89739,100,100,1
89326,265,269,38
52100,5109,5109,4
180059,7499,7499,64
11392,5,5,18
23353,3000,3000,21
49084,9998,15000,1174
43400,10076,12495,242
40900,9999,9999,1
191499,8002,8002,141
194804,6430,6430,76
22374,380000,380000,16
184096,6900,100000,151
184097,7275,65000,204
168417,128700,128800,114
80587,10232,12500,531
71844,21946,21947,33
76644,3000,3000,24
27934,134,134,12
76657,114,100000,15
76658,2097,17997,47
76670,2097,17997,85
76678,101,17997,11
76639,396,100000,35
197794,12000,12499,23369
39681,3899,3899,12574
22710,3332,8331,277
74649,1531,4769,153
127837,1000,1093,110
16166,450001,450001,81
76525,542,9999,10
76573,1966,1966,4
128015,100000000,100000000,9
187211,225312976,225312976,4
133586,19,19,58
155600,899,899,5
133578,1799,21599,224
200853,178869,178869,9
111454,74,74,1247
90407,18,26,54139
19774,499900,499900,2
200681,3456,3524,4
179019,100,100,4
68140,19,19,197
82449,1395,1495,65
40145,2090,2090,22
40168,2881,2881,59
120328,15001,15001,1
38853,2565,2565,37
192692,3000,3000,7
38794,84,99,13
38466,1986,1986,139
192894,89,143,2372
20541,225,225,26
20552,425,425,26
20678,225,225,21
74654,700,899,289
205012,210050,247350,24
62649,6400,6502,4832
36905,149,635,4463
55055,100,649,44
147870,300,99999,289
44617,6482,7711,8
34664,240,358,1860
81195,2,5,26
85569,846,850,122
5042,99,100,48
43646,3,3,1788
8067,15012,15012,3587
38980,108,108,35
62268,23,23,12
112095,100,100,1
128436,60000,399999,41
43696,16,16,1
92049,29050000,29050000,10
67388,300,349,6
197753,311,399,1976
59493,238000,238000,28
116147,800,999,720
210444,90,90,1
63271,7424,50000,99
173760,145,145,388
46377,4400,4499,230
103797,125,125,10
108364,17200,17200,20
208748,700000,700000,188
62676,39,40,418
136377,63,1000,1582
37201,1585525,1585525,31
198213,3000,3000,69
197762,150,150,1933
74919,155,159,230
52218,9099,9591,32
76621,1097,17997,31
76603,1000,1000,2
76624,6488,6488,11
105701,60398,60398,12
105723,5215,5215,262
141333,8333,10000,84
105719,4265,4265,22
104342,20039,20039,37
22452,550,1101,8317
156872,4508,4508,20
37704,389,800,9161
116149,900,999,632
169663,44502,44502,2
159872,74779,74779,7
20404,126,139,12411
22572,3400,4000,6305
35625,4500,5500,7097
10586,5082,9417,60
180057,1999,1999,111
76094,199,216,594
64395,23012,23012,29
64394,18000,18000,133
22849,445,445,24
20074,50,50,29
38376,1000,1000,67
18945,1,4,23011
7082,3400,8599,4266
52083,1071,1071,5
163154,591,591,7
176876,167,167,4
109147,2188,2700,191
138979,145,200,1278
20526,150,150,126
39520,57,300,379
18222,31,31,62
172437,1399,1400,11237
55974,25,25,26
4874,40,69,92
32212,119,489,179
32223,300,300,71
44773,96,96,6
7074,1,1,85
52154,199997,199998,6
71819,29988,29988,32
205457,2940,2940,5
177025,55,55,1
174322,2400,2400,6
163157,387,387,8
20543,49697,49697,10
90043,15000,15000,1
1710,50,2044,599
211943,49,1074,280
11941,9500,9500,29
34841,2905,2905,9
141640,2498,2500,27
56036,175,200,17
43653,17500,18000,5
46000,800,900,5
173359,2429,2429,4
62521,699,699,54
3013,18,19,229
132186,649,649,17
200533,32900,32943,4
173362,48,50,77
45978,400,21855,24
157842,38,38,54
23354,20,20,97
20518,175,200,11
178115,399900,399900,4
179297,19075,38052,2
25414,1015,1015,11
62520,600,600,204
7296,221,221,6
52785,6968,6970,37
45981,50000,50000,5
53072,42,85,8162
200107,4466,4466,2
60390,313,313,6
97161,125,300000,51
132230,2824,2825,5
45979,43819,43819,3
158744,9899,9899,5
133913,297,99999,104
22525,3,3,32
168636,8495,391601,130
132219,3200,3201,16
108324,100,1800,6347
3676,2,2,19
162677,420,420,1
187825,79992,99989,7
2798,29,119,301
52329,1599,1600,6557
107476,22500,22500,49
60488,21,21,5
152549,75,3735,1037
191260,2000,2300,145
198302,935,935,26
69841,55000,56250,2
62328,1,1,27
62525,1,1,3
200849,5032,5032,11
8152,20000,50099,17
88490,8000,8000,6
202315,700,1298,35
130248,109255,109255,37
153443,3323,18090,39
163911,250033,250033,2
108649,185025,200025,12
87530,16000,199999,21
46023,99347,299947,29
54291,1100050,1100050,3
192951,24999,49800,31
52156,4999,4999,11
138486,1095,2000,14487
12223,22,2502,4460
74660,2900,5000,631
29799,355,355,35
128844,175,175,25
203862,3533,99999,811
105724,10099,10099,10
105720,5020,5020,5
192965,10097,26181,7
65365,3897,3897,2201
56551,48500,48800,45
17406,100,100,40
33042,100,208,473
52142,892,892,17
18236,445,445,9
173759,36,36,15
153668,1159,50000,208
52763,170,3816,21
23105,270,270,8
143846,5013,5013,1
40038,15000,15000,11
5048,219,221,62
141320,1500,1500,8
108305,995,1980,1053
3666,2,2,50
3829,14000,14000,683
178125,400,400,3
5480,98,98,12
173913,3999800,3999800,1
61982,2,2,1769
23329,2,2,16
422,1,2,259
23841,400,400,35
2687,1,2,349
132239,301,301,1
414,1,2,616
39955,94,94,12
201402,207,2500,53090
22645,4,4,127
3664,2,2,146
25886,2500,2500,182
6453,10,10,318
178247,50,50,10
23756,4,5,39
108309,4000,8600,92
2679,3,22,537
191368,9999,19000,2458
109627,67,100,968
6452,1900,2000,161
176859,38,40,168
4876,79,79,21
38922,6891,6894,61
112181,16900,16900,75
173162,42268,45000,436
32851,104392,104392,112
32850,150000,150000,17
22837,400,400,54
45198,220,25020,145
162982,499733,499733,1
23771,19999,19999,132
2772,395,824,6369
200770,7699,7700,17
6444,69,69,23
144397,1544408,1544408,1
109219,590,590,310
198175,99,150,111
62652,10,500,154
62656,6,6,431
2680,1,2,440
88532,6,6,33
787,2,2,189
136547,17,17,55
151133,70000,99770,193
46003,914,169064,2
87242,1315,13597,103
41593,9500,10997,558
163411,2000,2000,22
163192,1961,1961,32
152867,177,177,3
153566,50000,50000,2
163388,500,500,22
163207,1000,1000,17
163156,500,500,8
163153,500,500,14
163151,569,569,17
39222,49,49,13
159792,30,30,8
151609,19253,300000,62
163783,19,19,15
6807,10,10,196
192718,2057,2057,2
44455,131,558,36
76675,113,113,72
31679,8150,8150,644
54620,7505,9905,15
9179,2169,2969,116
111664,110,269,83417
22848,8978,9999,461
5996,2400,12500,2739
8949,1114,1114,78
22836,138,138,258
111652,100,269,13254
132185,24994,25045,10
34113,29542,32000,427
108332,188,2500,2536
27856,45,45,89
43146,49498,49498,1
191371,37500,39908,4597
10647,25,25,924
18944,10002,10002,277
39526,494,17200,14
114017,9,10,31
108338,270,399,4785
186522,13325,16493,351
153662,9192,50000,86
159825,316,316,417
87560,450,500,142
168956,12746,50000,102
163643,731,731,1
4406,3079,3900,53
120333,391020659,391020659,1
35950,30,30,5
35954,13,22,43
29112,100,100,3
21033,904,904,5
62273,46,46,27
15419,7960,29900,7145
2516,9999901,9999901,50
45196,62,62,24
41586,1000000,1000000,200
87248,528,528,160
2776,1975,2888,1626
198440,6655,6655,4
191353,497,900,828
80313,171,171,9
163855,120,120,13
163105,2000,2000,55
38584,295,216395,2
20770,22,22,13
182121,800,1464,24
20007,3500,3500,320
52074,62500,62500,11
52298,4448,4448,50
198210,4455,4455,39
32410,58438,58438,15
52220,290,294800,59
127847,7000,7000,177
71827,39936,39936,34
68786,22544,29897,38
41435,695,695,3
71861,22942,24372,6
41486,6671,18285,4
40173,3200,3200,82
71854,31111,291104,46
40088,43996,43996,2
11584,3,2103,205
202401,155,2155,179
213362,50000,98000,19
128720,350000,350000,5
76522,154,154,8
52090,1000,6310,9
40048,4257,249800,13
42702,3000,3000,24
116407,700000,800000,1111
116406,70000,800000,5600
116408,9999,9999,347
29533,216257,216258,20
71856,31111,31111,46
39949,6500,8228,30
24048,1596,1596,11
71860,100033,100033,26
63388,395,395,18
79249,150,150,143
37674,1500000,2303163,2
40042,6,6,37
200805,9665,9665,4
192686,25574,25574,2
58274,66,66,17
192769,10,10,12
158857,1500,1599,7
139347,7455,7455,10
76572,795,796,12
76574,784,9392,14
76575,4800,17999,5
76579,1098,17995,8
76586,17355,17997,8
207085,18941,25585,101
52143,1500,1500,5
76517,297,297,32
76520,100,124,31
179307,200,200,5
180409,2420,2420,13
34761,26,175,18
13930,6,6,113
76529,390,390,39
76527,357,357,12
24072,2,2,80
76543,135,9999,12
211400,5725,9963,549
76513,100,9999,5
76511,338,9999,19
40008,7599,7999,9
11942,2800,2800,9
188164,109997,110000,239
76508,216,217,14
52152,297,297,8
139352,64686,65000,245
190380,9999,9999,1730
170173,19533,19533,482
162022,2000,12000,662
185968,761761,761761,3
52166,15999,15999,3
19726,7000028,7000028,2
153615,1129,3229,9
19975,7500000,7500000,8
90552,4293,4293,5
128017,8000004,8000004,2
108308,2765,17200,234
105717,21413,21413,17
85570,5020,5020,11
94536,85000,85000,63
108323,250,9900,1223
44616,6,6,1
200038,5206,5907,2161
74655,1700,3600,137
76622,16233,16233,10
204729,41390000,41390000,4
8364,38,38,173
82444,3500,74644,115
201419,998,4520,184
27438,15,4500,6610
108302,199,2599,801
151719,3000,9538,4519
122344,120,124,79
76547,522,522,46
52233,3794,3795,12
113274,205,205,2
41462,100,113,11
33638,400,465,20
111436,30,1235,96
163159,3608,3608,8
201820,19994,19994,224
201725,1982,1982,214
163138,1887,1887,27
163160,2437,2437,2
23764,7878,8753,67
38372,2450,2500,24
76530,115,115,7
34763,80,89,62
18635,100,100,80
77467,1698,1879,303
25652,48097,48099,29
38955,150,182,20
22529,20000,20000,130
112182,5038,5938,131
198441,800,899,252
12218,46,46,182
22851,500,500,122
44279,1164359,1164359,8
19281,987888,987888,2
42429,26,26,75
44274,1288778,1288778,2
19275,7042,519988,8
213179,355,355,5
19269,400085,500085,6
38801,1720,2024,5
19227,1800000,1839444,8
4392,7390,7390,4
31909,700076,787876,8
31885,887876,887876,5
44263,89851,898951,3
194787,3850,59900,163
162517,2000,3050,3356
105718,475,41400000,1278
200043,699,743,307
63275,22,27501,72
17402,374,374,86
136553,19,19,6
82344,200,200,53
160399,50,50,3495
72162,274,300,2339
3824,850,1600,180
160709,100,100,2064
13422,22,2500,3182
128499,86,17200,164
187888,104499,200000,450
3387,911,912,23
133589,199,199,295
153031,62094,145000,235
43652,1317,22503,745
116428,96,1200,233
20384,3900,3900,198
71883,274016,274017,112
38840,6171,6171,35
38814,1796,1796,13
200566,2400,2412,42
68741,586,5380,2
76581,3958,3958,6
76619,10000,10000,12
76629,276,276,1
76632,798,798,5
38971,150,1950,108
62237,48999,48999,9
88152,2500051,2500051,1
88151,2500088,2500088,1
41731,118,480006,163
132752,948,480005,185
184624,8999,8999,41
71822,34995,34995,29
71839,46844,46845,19
52778,9445,9733,28
159897,1019,1019,6
4555,2,2,27
136857,70050,70050,6
152546,49,49,13095
4363,1,4999999,3
81415,67,68,62
200569,1800,1800,5
168646,688,1500,14263
192700,3466,3466,1
159869,300000,300000,17
163902,11322,11322,4
163688,300099,300099,7
23334,500,783,10
158832,10099,10099,1
203763,1069,1100,1407
105707,3157,3946,7
79287,15027,15027,4
35285,1425,17200,126
105704,312,1417,30
63530,2853500,2853500,34
52775,4192,4197,78
178549,200000,200000,1
2512,5000,5000,3482
201046,500,1500,99
38836,111,111,29
163908,26798,26798,2
128834,255,840,52
130204,28,29,73
22324,3678656,3678656,100
186661,999090,999090,1
40769,6000,6595,566
2894,5,5,1
60388,244,244,164
5205,361,361,15
144396,999999999,999999999,2
204841,10000,10000,5
38869,3089,3089,8
128835,7043,7043,34
198239,900,900,56
33246,5,5,20
126935,6938,6938,12
188789,14000,14000,2
213031,1000,1000,4
200840,11053,11553,10
188779,2000,2000,2
57066,195,2000,22
193245,10800,46599,395
39911,322299,322299,1
198198,7579,31099,229
198199,12596,12596,868
179014,125,125,14
13454,475,1390,56
130178,9995,11729,88
38860,1325,8989,152
173125,1389,1389,201
110649,5045,5046,61
79869,60000,60000,43
38908,814,814,10
187831,79900,79900,277
192665,242,242,1
200782,3000,3000,34
132197,1500,1500,4
200833,8500,8500,1
193940,37598,43603,2609
33569,538,539,8
5506,1817,1817,1
60395,500,519,9
56203,2679550,2679550,1
44752,585,585,1
163075,131,131,18
194864,27400,29095,4651
194863,25088,28990,8227
194859,14096,14099,261
6522,3098,3200,8390
63396,254,254,213
52296,19880,19880,20
205468,167,167,8
59478,58800,58800,36
40139,6878,291000,11
52784,7015,7730,21
23115,50000,50000,37
40143,3000,3000,35
32220,700,94870,32
71831,38987,38987,22
41378,5000,5000,14
25894,80000,172577,7
40125,1000,1000,41
25897,94000,95000,19
40119,3700,294800,13
29534,70041,77543,35
110647,1478,1479,52
31867,545,545,71
38880,17667,17667,29
43127,4361,6789,9034
18237,4100,4185,3
112277,9000,9725,30
163637,10094,10094,2
178539,200,200,4
163058,686,686,15
117470,951117,951117,5
163548,1855,1857,8
179273,732,732,8
179285,221,221,5
138977,58,61,9
163147,1468,1468,25
182122,114,114,7
169661,1502,1502,3
29412,2206,2206,30
163145,2773,2823,56
82448,1500,1500,53
117469,332976,332976,5
163137,780,780,18
179281,157981409,157981409,4
38706,149,149,10
194688,196,254,47
156624,1403761,1403761,3
201422,8799,9566,4228
52196,59900,149700,2063
44619,6611,100008,19
151122,2508,2508,47
41398,8000,8000,7
38888,2320,2396,25
39003,2052,2056,50
52783,9302,9303,40
200042,549,580,906
194680,565,3665,43
132531,8732691,8732691,10
179004,1597,1597,4
71851,36596,36596,39
8951,45,45,107
115814,63525,65516,10
35318,249778,249778,22
40124,1863,1863,23
76886,18000,18000,32
32196,394800,394800,35
32215,119,489,136
52291,9998,9998,4
71849,27099,270099,27
52246,3389,3992,38
32211,119,489,170
41335,10728,10728,13
192703,2070,2070,4
178106,59,59,5
40116,2632,2632,37
71842,24974,549800,28
71840,17689,30620,35
127765,899889,899889,10
38926,6001,6401,15
71859,15938,15938,39
194821,149,150,80
44815,1658,1658,8
112183,47030,47030,4
194735,1000,1000,28
198165,7497,7497,1092
178107,375,375,2
113276,169944,169944,4
178923,8,8,1
180327,95062,95062,1
4398,1933,2500,167
76539,151,477520,6
74705,1594,1594,52
24030,10227,10227,28
41401,10048,10048,16
40120,16925,16925,23
38819,1707,1722,12
32222,89,144870,25
40128,3000,294800,35
38874,4160,4162,37
40034,102504,102504,16
52244,4433,294800,27
40011,3400,3400,21
113273,500,546,2
24056,349800,349800,3
38947,89388,2499800,6
110631,423,424,8
127737,3499800,3499800,1
52207,53580,421800,32
2730,5000,5000,6
144305,1046,3362,25
22823,1950,979997,700
24066,202,202,37
55054,76820,153500,16
41604,36112,36113,7
187934,79050,117550,531
128541,519,519,42
24054,850,349800,3
40150,819,3019,131
111453,30,30,258
115815,81688,343200,17
35315,210257,210257,18
110625,1699,1700,10
32217,110,489,156
71848,28885,28886,17
41382,6490,6490,9
52248,12588,12589,21
52132,728,728,2
6052,100,100,14
32218,400,400,650
39997,7985,299800,16
192691,20000,21500,2
18641,100,150,83
4382,1547,22500,554
4655,99999,99999,146
23120,249,249,3
22854,4203,4203,1390
198240,900,1000,270
147775,20000,20000,30
13510,40000,110700,53
200570,1823,1823,2747
52158,4824,4824,2
76535,136,136,34
76606,1548,1548,21
24032,746,746,14
24053,299800,299800,30
38943,299992,299994,21
40182,4500,4500,124
52125,2563,2567,3
127731,4495200,4495200,4
32221,4183,94870,35
35761,1250,1250,355
203419,69000,69000,2669
21552,35,150,144
44289,12375,12500,25
44270,36417,36417,21
172017,500,500,250
71852,31111,31111,45
23530,40050,72174,15
52221,5937,5938,53
32224,519,519,163
41611,10075,58710,24
159464,150,2500,443
163558,749751,749851,6
22575,1100,1480,219
204567,132043,132143,102
32423,75,75,301
127715,3000000,3249900,2
213212,4000,4000,5
25651,5834,5834,15
5376,707,707,3
40165,4500,4500,116
52206,421800,421800,23
74724,2545,2950,28
2593,2,102,462
86070,999,999,16
24539,20000,20000,1
71876,38897,38897,119
24058,12500,349800,33
153708,13500,489100,64
25898,39076,39076,34
87238,1000,15500,106
151124,500,500,10
151123,500,500,4
5368,7664,7664,7
6304,10000,10000,1
175241,36,544,869
194694,120,134,293
52168,190,190,40
19273,9419,4800019,22
44499,350000,350000,35
44500,333333,333333,24
76584,4887,4887,3
65501,3000,100000008,3
76615,13998,13999,9
22826,221,221,18
76595,18400,18400,2
38350,802,802,27
44078,342931,342931,9
127760,440000,440000,8
20532,175,187,2
20535,12,12,8
110633,332,391,23
158844,2500,2500,1
79306,29999,29999,1
130904,12500,75016,3300
130905,11199,47500,3758
152639,6497,49800,929
194826,2644,2644,131
200634,46000,46499,395
194734,901,901,20
191383,6400,6496,79756
201721,2481,2481,71
207956,1000,1296,521
204370,19999,20000,2109
163150,1025,1525,301
17012,166,535,5282
13932,9,50,359
193950,90,95,2103
181247,200,200,15
127714,3999800,3999800,2
40052,8062,249800,3
69839,60000,60000,2
40102,5477,5477,7
204837,1800,99900,23
6456,800,800,93
83065,21500,21500,1
65506,1000,1000,1
204614,50000,50000,77
28059,275,275,2
11404,265,265,22
43326,475,475,1
38260,475,475,1
69840,965,965,3
41809,1158,4800,7389
41461,200,200,12
192833,188,188,15445
154990,45000,65000,167
52133,2333,2333,5
30457,4,4,4
200834,10000,10000,8
49602,1000,1000,251
20845,25000,25000,47
57192,200,200,134
109585,1500,10000,6110
52131,1599,1599,18
3170,100,100,82
6657,3888,3980,4070
63318,120000,120000,1
200830,1411,1411,22
163919,7500,7500,1
63316,82500,82500,1
163917,40000,40000,1
5361,19500,19500,1
129001,750,760,33
57067,3800000,3800000,4
2863,7,8,68
187711,30000,30000,1
136597,400,400,1
10513,9999901,9999901,739
194577,6500,6500,13
71878,28448,28449,24
71872,15929,15930,22
71829,70326,70326,36
71855,22929,22930,24
163149,695,1101,4
17198,44,499873,173
176393,10099,505049,6
126936,5000,5000,28
18594,1142,1142,72
1520,4999999,4999999,277
168812,22000,22000,13
23113,9999,9999,4
34207,9777,9777,19
197856,800,800,163
9336,4999999,4999999,6
39998,8154,8254,11
34736,1535,9999,1955
153632,1250,1251,4
16023,3948,3953,104
54469,9000,9000,1
180884,6500,6500,1
31889,16625,16625,5
180882,9000,9000,2
25649,100,2500,5843
153621,1797,1996,4
163606,3325,3500,3
6316,173,173,27
4542,15,15,14
20676,375,375,19
39939,2250,2250,154
41499,4850652,4850652,48
76630,30022,30023,6
52219,1575,1575,88
55056,21278,24359,4
132526,26169,26169,6
38953,394,394,17
41451,76348,76348,51
23819,5000,9977,25
39966,175,179,22
60579,30065,30065,2
127716,1299904,1299904,3
23765,1365968,1365968,10
38835,1882,1988,12
112321,260,260,3728
93208,41100,41100,34
24036,5113,5113,19
24268,44,44,218
32716,50000,50000,30
17771,399963,400066,557
133566,270,270,293
176886,3500,3900,8
23426,44000,89900,3750
52086,152,252,24
76623,1525,1525,1
52129,199,200,15
52292,9823,9823,18
187700,1634,5800,41090
3726,170,170,9
13927,947,947,6
33053,1800,3762432,24
204834,1,1,3
44293,10395,10395,12
29539,27500,30000,2023
97624,300,300,51
5128,12,12,3
9315,322,325,78
119094,807,1107,3
11754,750,7599,426
128993,4410,5376,27
128998,5014,5014,37
119095,950041,966341,2
2458,2450,2500,1700
87246,5015,7015,159
3703,1001,1001,1
62279,34,34,2
128735,50013,50013,2
62278,56,56,1
128733,76658,76658,5
128731,331940,331940,6
128722,114995,114995,13
128721,10057,17557,8
128718,650079,650079,3
128716,70020,70020,5
62018,85627,85627,3
62017,32344,32344,9
62015,188207,579818,8
61999,25644,27809,2
122347,100,100,35
16202,327,1350,30834
128739,199974,199974,2
128727,400051,400051,2
44281,109530,109530,7
62010,20000,24750,4
62005,199900,199900,6
11940,175,44499,37
173098,8900,24000,89
173081,7466,13791,16
24273,99933,99933,3
39905,195,195,22
193029,1125,1125,61
23827,20190,20190,60
108359,3500,17200,96
176089,140,140,11
31866,14235,57017,2
52239,4012,4012,107
175052,351,351,9
11325,100,100,7703
41456,22976,22976,7
19274,7972,7972,6
41474,574999,574999,3
41489,125,130,6
76537,464,464,34
76549,140,141,22
41432,279500,279500,3
76617,1182,1999500,6
130222,722,1241,17
200817,2276,2276,70
200846,1507,1507,199
153617,6239,9000,11
38978,1899,1899,6
35791,700,700,4
129284,7547,7547,147
92663,119802,119802,1
187827,19998,19998,2
19265,33300,50000,9
76562,549,550,11
44273,40090,85590,13
61989,53916,129905,16
160554,88,88,28
1082,40,40,12
13465,400,681,17675
38625,1200,2500,658
151257,699,699,929
71869,19908,19908,30
204623,1189099,1189999,39
21714,600,600,75
110641,333310,333310,1
201327,4851,4851,12
86074,103,103,47
21718,400,400,203
39900,2250,192100,15
44493,4021,4021,8
76601,82500,82500,5
40090,1945,1945,5
40055,4500,249800,14
40017,249800,249800,13
6042,2991,123945,4
38932,3255,3255,25
23109,6666,6666,7
23110,100,100,1
21225,30,30,92
24061,2100,477599,9
39991,221,221,13
40095,1999,1999,4
76546,375,375,5
76551,297,298,28
76558,393,394,29
76566,597,598,38
76604,250,17997,10
76620,12094,1999500,3
116979,137,137,1741
23103,75,75,25
34750,100,100,45
23098,68,23525,45
116266,500,505,1197
207088,23495,23495,816
6317,1389,1389,17
153606,490000,490000,22
13512,34965,34965,208
153629,12982,13250,5
44266,50483,1999550,8
200765,51910,51910,4
134049,6468,6468,1
40010,299800,299800,10
40049,13244,249100,12
32209,399,399,23
127720,5999780,5999780,1
39917,550,550,15
40023,2900,249100,18
39958,2095,2095,3
41436,2000,2300,6
68356,3064,3064,16
31945,19998,19998,6
43009,140,142,14095
112288,9000,9887,9
158792,18000,18493,3
4880,175233556,175233556,1
182763,191563,191563,1
155810,14250,15000,24
19271,4703,4703,8
44267,72506,72506,3
200769,499,499,43
24276,150000,150000,2
203414,45001,45261,141
40166,4500,4500,96
136376,19901,19901,15
31944,799999,800000,11
12216,99940,99940,25
197771,77,128,195973
13931,590,9900,40
133561,28,28,304
27657,4,350,592
24245,2399,2400,1744
16040,5569,5569,141
191516,10000,10506,2822
199989,588,750,152
2751,127914,127914,1
204568,199900,200000,7
77468,899,999,2868
32206,16590,548890,10
127762,999500,999500,3
213367,100044,100044,1
19260,4545,500088,6
2728,176089,176089,2
42432,1384,1384,25
44272,14850,14850,41
2732,20000,20000,1
130173,999,1000,1138
178177,47500,47500,3
67323,206758,206758,11
130220,6880,53525,8
200023,6498,6499,158
213037,250087,250087,2
76088,579,5995,141
40115,2774,3166,2
158797,19000,19486,5
59227,127,127,19
138382,1089,1100,8
138384,3267,3390,7
4479,3,3,3
176858,3300,3300,29
158813,127,127,8
103789,400,400,13
132528,14600,14687,21
4391,6280,6330,2
202290,402,402,18954
60394,31,31,11
38976,55,313,10
205461,265,265,6
201166,90,90,7
100738,696,697,15
201193,2197,2197,1
38812,13,13,25
159920,29,29,20
163077,20,20,40
174351,198,198,4
41484,364,364,3
193941,10038,10038,19
25521,10000,28257,27
71830,27544,27544,5
40098,4832,299800,26
63305,5999,18999,63
79286,52500,52500,5
79288,45019,45019,2
79299,200064,490064,4
79289,200000,200000,2
134860,1361,339995,70
52163,500,500,4
192964,36580,44350,1418
198281,2804,2804,13
128723,120000,120000,1
92429,50001,50001,1
76588,5500,5500,2
128987,29999,30000,11
40025,10005,10005,20
140266,4883,4883,62
174284,224,225,63
128853,985,1369,113
58489,5040,7000,101
43000,1188,1188,2
33093,1900,1916,36
115464,1078055,1100056,5
67404,150,175,21
127733,3499800,3499800,1
39001,240,240,13
184345,353504356,353504356,17
200282,125000,125000,240
22861,1888,9999,68
98117,412031,412031,2
184346,99991,99992,21
130175,745,745,11821
45202,18,18,1
191256,600,600,615
88492,7899,7899,11
63692,331,331,5
34860,122555,122555,1
39974,6290362,6290362,6
163707,1685,1685,34
37602,1089,23578,11
41540,5000002,5000002,1
43414,5000002,5000002,5
41547,5000002,5000002,1
42408,5000002,5000002,1
42746,5000002,5000002,1
45912,93000,93000,16
41450,1299998,1299998,1
140631,670,670,24
140299,8497,8497,4
62270,9600043,9600043,2
107472,160,160,16
141208,15369,15369,13
29535,449996,449998,19
13459,400,4540,307
18632,1,10,100
67319,7558,7558,7
128713,181372,181372,3
173067,2000,2000,17
128740,383549,383549,2
112158,469,469,513
147777,504,504,10
16168,1857,1857,56
16170,4000,4000,4
21030,477,477,124
1703,2000000,2000000,6
41476,249066,249067,6
138884,20000,49998,26
58084,1199,1999,135
58092,2900,13525,137
58090,50,50,577
16167,2,2,31
20514,450000099,450000099,3
20531,200,200,43
20533,200,200,76
20527,200,200,70
173097,4950,11000,21
11040,501,501,55
71846,149828,149830,19
85504,30,55,37
13506,6000,6000,31
4428,58,58,1
28061,100000,100000,803
198309,12858,13164,62
29562,3984763,3984763,3
191369,5727,5740,157
201698,832,832,390
101745,898,898,12
39959,3569,3569,8
188834,300,399,16
62276,50,56,3
185482,10072,10072,5
2841,350,595,8875
6712,225,225,82
213194,2294,2294,1
193391,168,168,17
176088,10098,10098,4
40105,4717,4717,5
45881,89999,89999,6
178137,3342,3342,6
198614,29998,40591,543
180341,400099,400099,1
180353,98325,98325,1
180344,10065,55115,2
180338,9500,9500,3
179288,209000,209000,3
45932,100,100,10
62661,5599,5599,10
111438,288,435,407
8393,1,1,10
67281,2501,2501,12
34753,1451,1451,56
20433,5749186,5749186,5
153673,4000,4000,3
188791,3315,3315,26
35949,400,488,219
94289,1697,1697,1452
4390,129,129,534
40217,200,200,3
4374,83,83,14
40035,25,25,7
31899,25449,25450,11
18633,100,100,118
158794,4509,4509,5
24338,2,2,81
173875,5035,5035,9
22841,2375,2375,4
176883,2183,2240,4
34769,115,115,20
128840,19,19,48
128836,150,150,2
113135,150043,200043,5
192722,2908,2908,7
108353,2999,17200,187
41099,52631600,52631600,6
110835,1111100,1111100,3
152641,7500,7500,303
11022,273,273,83
158851,4520,4520,1
132225,2499,2499,4
173082,11400,11700,28
173100,34000,34404,20
173103,299900,299900,7
76605,600079,600079,2
52687,57,68,26
93707,23997,23997,5
179992,37,39,253
68055,3751,3751,1
174891,1518,1518,8
163844,428,428,5
44947,549,549,10
27500,5000,5000,200
169662,22202,22202,1
42942,70,70,196
40057,4726,4726,12
60378,2500,2500,285
77264,66501,66501,5
71835,100082,100082,25
12432,10001,10001,1
203408,45000,45000,44
71818,39996,39996,45
138285,498,498,27
79313,100064,100064,4
108391,7045,7045,79
79293,100000,200000,5
128715,200000,200000,20
44271,180000,180000,3
62654,5000,5000,5
128724,250000,250000,1
128732,200000,200000,2
128737,90000,90000,1
44469,1413,1414,38
41480,476831,476831,3
139175,9000,9000,97
117440,128,128,100
201045,146,185,30
13546,135,135,2
4623,3000,3000,6
44575,23,23,20
158817,371305,371305,2
37663,57489,99989,2374
159756,137,139,15
20004,6099,6099,459
178223,9905,9923,40
178252,1149,1149,35
205224,667,667,10
961,20,20,73
132238,920,920,2
79238,800098,1029648,6
44269,43922,44143,2
128729,193159,193159,7
202314,255,255,3
38518,4992,4993,71
20416,7860,7860,21
200059,91043,91144,112
61983,26,26,25
200051,125000,125000,82
136551,19,19,3
136566,55,55,3
173908,44999,44999,1
9317,901,901,6
192701,3000,3000,3
180614,30198,30198,3
163686,15,15,2
127848,17170,17170,6
3390,4300,4335,163
168506,600,8611,735
90553,1200081,1200081,30
184051,50000,50000,3
178543,99,99,4
40089,1800,1800,11
39982,900,900,9
52137,3018,3018,1
158810,2356,2356,2
54830,901,901,8
71877,20957,123525,10
71820,36999,36999,46
12645,3231,3231,12
81922,3273,3273,60
213216,289,289,1
24232,300,300,1
159845,750,823,5
128843,100,230,13
27935,10000,10000,8
110627,3266892,3266892,17
77273,3429960,3429960,1
3177,50000,4800001,13
3168,1095691,1095691,13
168795,632,490000,5
1222,344479,344479,18
6150,449850,449850,18
10514,120,120,57
168792,200,300,5
38937,70,150,27
46703,225,500000,13
205235,300000,500000,13
172018,10000,10000,72
172019,50019,1250019,72
22845,500,21542,102
205242,75,75,6
11403,24,24,24
200105,17895,1494563,33
59477,8200,8200,33
25868,280995,360994,41
35836,1039,1039,20
58086,2000,2033,87
127841,18525,300000,45
109156,1935,22500,99
76087,599,599,116
109155,3850,7000,196
9314,325,375,188
136653,69,89,74
120271,1501,1501,1
179011,13560,13560,15
71834,41900,41900,15
184347,7349996,7349996,13
184341,500092,500093,23
3386,1500,1500,345
28290,699998551,699998551,4
207054,149,565,555
49908,760,850,731
184049,1900006,1900006,1
20418,9167,9167,12
20436,320000,320000,8
184344,126999995,126999995,10
20420,25001,25001,8
22842,1800961,1800961,3
192952,48789,50284,736
20419,556421,556421,11
3402,78,78,2
76633,1320,1320,1
76611,7648,7648,1
205039,1575064,1800000,229
22797,5200,5200,7
37253,596,596,23
151610,20000,20000,561
172415,2177,10599,1237
52111,1751,1851,4
39207,90250,95000,5
11408,238,238,3
151721,609,2018,851
35691,1145,1145,24
112184,3200068,3200068,13
3241,33,33,79
200796,19010,19010,15
178224,332,445,8
31862,999999997,999999997,3
25412,209,209,9
39910,192100,192100,9
179276,17887,17887,5
190881,2116,2116,30
40044,5999,249100,13
54849,2075,7589,1660
207023,1720,1772,82138
130245,72550,72550,69
40028,4622,126861,6
39983,85,85,10
192659,197,197,1
52130,14996,14996,4
57058,2000,2000,5
40045,46105,249800,12
127718,2999800,2999800,3
46766,534,2134,29
128742,150037,150037,1
71875,22153,22153,25
32198,106,106,25
178174,1800089,1877889,2
178116,1030340,1030340,3
9399,500001,500001,1470
52149,72428,72428,1
18335,74999,199900,6313
185479,600,600,22
200850,124061,124061,15
78883,19950,35000,382
40040,6564,6564,2
192731,3171,3171,1
21546,17307,17307,1034
174209,50000,50000,2
174207,50000,50000,2
71841,27987,27987,34
32852,1648499,1648499,6
174282,49,50,28
3828,3277,3277,174
71826,41897,41897,29
115813,12424,12424,3
110620,1400,156962,2
179006,534,534,24
18588,200,200,30
6714,385,385,17
19943,79898,79900,62
39977,368,5368,2
198395,210,210,3496
74716,75,129,19
182760,10000000,10000000,2
22835,1591,1591,1
71858,25488,25488,9
108304,20000,20000,4
45883,3300,3300,1
40051,249800,249800,12
108361,5500,11500,32
2725,5000,5000,3
40013,4328,149800,7
2738,5000,5000,9
54624,5001,5001,2
60336,195,1000,34
11410,9,9,2
49624,2000001,2000001,5
67256,1999900,1999900,1
49627,900001,900001,1
13363,986,986,3
13935,14,14,29
38834,7984,7993,64
8396,25000,25000,6
32667,90000,90000,9
1081,999999999,999999999,1
44758,40,40,57
28058,939,939,15
44759,661,661,18
28101,23,23,230
127850,1400,1500,82
163910,33,33,1
71865,15927,15927,10
159899,719,719,24
44208,21000,21000,15
43124,1999,5059,1911
213033,2099,2100,5
13511,31494,31494,1461
2515,49,49,200
199991,750,750,119
198219,979,1000,517
213364,3500,3500,2
36923,2500,2500,1010
10839,800,800,5
41437,2538,2538,4
38961,98,190,31
33546,16,16,2
44778,75,75,1
44779,24,24,19
178108,200000,200000,4
79312,26321,26321,3
30458,4,4,4
32948,174998,174999,146
163107,1200,1200,64
92051,27777301,27777301,12
191532,8057,8057,17
28056,1222101,1222101,188
45901,599582,599582,21
92055,29444601,29444601,11
177026,1875,1875,1
92052,29555701,29555701,10
179268,6925632,6925632,5
182708,86572,86572,1
176885,2251,2251,4
79246,99999,1438848,8
113275,476,476,3
58866,301,301,1
92054,30188401,30188401,10
197852,2300,2500,82
17747,8,8,6
41584,6666501,6666501,1
43118,6911,6912,78
169117,2000,2000,20
182764,257104,257104,1
44716,7468,7468,1
192910,365,366,14
9197,6662,6662,458
7099,23,23,1
115354,50,50,10
186726,645,645,14
117441,658,658,17
163109,4674,4674,9
39353,2631,2631,7
39351,3211,3211,8
44497,2704,2704,3
2519,1186,1186,5
192896,324,324,1815
63273,1,1,40
41478,19996,19997,5
71863,16955,23792,19
108355,500,17200,609
174285,19,19,54
76594,14000,14000,1
71866,12988,12988,73
213377,1600,1600,5
212764,261,261,5
190538,29941,39167,2378
25445,18,18,7
36798,20,20,2
71837,39900,120000,17
32601,2059,30099,4
33629,204,204,20
192953,17075,19987,6
174352,44,44,8
38850,1617,1617,117
201221,40121,40121,4
201220,1000010,1000010,2
196585,1300,2500,152
198314,500,8000,515
6043,479900,479900,1
18233,599,599,4
201310,5000,5000,103
102218,37099,49900,261
38944,19745,19745,21
38986,85,117,28
39969,600012,600012,1
204710,999900,1999800,972
178132,179,179,6
130179,2999,2999,2991
197776,23,65,8881
55982,8,8,22
213034,500,500,2
57065,4600,111100,3
204622,399999,474999,6
57061,15000,15000,1
52155,200,200,1
44145,300,376,5
191509,12,12,5
176873,211,211,7
163698,200,500,155
19026,2004,2004,2
180475,1092,1092,2
2608,501,501,7
32453,5502,6252,40
176881,4500000,4800000,5
176861,149,149,34
188947,6901,6901,1
108298,1995,17200,216
158381,85,200,321
82392,176,508,1020
69772,685567,685567,4
169332,34,500,978
25443,20,20,2
97621,460,500,276
101662,5012,6000,44
55981,10378,10378,1
55984,45,45,1
12434,4850001,4850001,3
168310,199,199,105
177842,51723,51723,8
12213,25,25,15
111439,100,100,26
176856,1500,1500,18
40031,118,118,4
62011,70000031,70000031,1
21990,200,7000,351
208188,300000,300000,5
44315,100,300,7
35794,702,702,1314
130172,1797,1799,12580
187936,128221,128323,366
32599,55000,55000,2
5432,500,500,1
184682,1700,1700,61
43694,9000,9000,1
198220,43213,43213,172
193557,1299,9999,79
20709,50,50,41
104343,750,940,310
158830,2119,2119,1
5118,20002,20002,1
779,10001,10001,2
187805,29900,29900,200
186662,19900,29900,202
165692,29800,29800,377
200824,31882,31882,5
200831,3530711,3530711,5
71864,28900,862040,25
180476,500000,500000,2
143618,442139,442139,1
62269,62,62,4
180340,1441265,1441265,1
179292,451233,451233,2
115806,188,188,8
178103,258,258,6
38823,4671,4671,115
38864,7188,22800,13
192687,600082,600082,3
62771,495864,495864,1
173192,25,25,76
76635,1200,1200,2
201316,31555,31655,61
43463,90,400,99
204709,899999,900000,50
2740,120000,120000,1
37098,400,400,100
37092,500,500,11
18254,50,50,18
43466,400,400,74
71832,41976,41976,15
71825,40080,40080,27
39219,44,44,7
81204,50,50,14
200839,5048,5048,30
198312,177877,177877,206
63308,520,1900,54
132227,15337,15337,1
20002,2400,2400,184
39338,1319,1320,1150
133940,175,175,887
194790,15000,19500,71
17407,1,1,7
183599,2599,2599,72
76583,147741,147741,1
52134,199983,199983,4
7965,56,56,27
87264,69370,69370,11
139312,1799678,1799678,1
127717,2999800,2999800,1
105700,312,312,9
105705,12089,12089,25
105706,25020,25020,6
128741,105000,105000,2
32849,275000,275000,1
92550,180000,190000,2
128728,165000,165000,1
140355,10000,10000,2
198295,69999,69999,1
10840,2401316,2668128,5
23769,65004,65004,1181
172502,690069,690069,1
21716,400,400,22
32062,1541,29256,37
130177,251,251,1288
163100,19,19,20
111444,124,184,1004
19272,7589,7589,2
44087,370000,389456,2
130264,475,475,144
130265,1600,1600,36
203416,19987,20000,379
200776,38243,38243,5
159878,590,590,27
4582,8,8,1
5566,1002,1002,2
25467,1001,1001,12
25899,124037,124037,2
23332,1,1,20
112301,451,451,4
179287,29,29,1
6041,17136,17136,2
158818,2188,2188,1
178135,2709,2709,3
43007,216,400,1402
76585,27866,27866,7
213210,2181,2181,1
74719,99,120,5
41488,500,500,4
39935,95,95,1
192900,491,491,15
5474,114,114,5
10507,308,1999,127
76142,890,15034,2022
102351,575,576,177
198292,347,347,4
213028,400,400,2
108350,5502,5502,18
160989,3520,3520,363
41492,599,599,4
155811,15000,15000,10
179013,87777,87777,5
159875,29814,29814,5
159898,19,19,4
63347,3751,3751,1
9186,500003,500003,1
57068,99,99,3
56051,9201,9201,1
179017,266,266,1
67289,125185,125185,8
67280,10335,10335,10
178541,4751,4751,5
813,860,860,8
2947,9999901,9999901,5
65892,470000,490000,13
128016,125146981,125146981,14
213029,1099,1100,4
160330,800071,800072,23
138294,1000000,1000000,5
152296,2000,2000,1
40026,1007,1007,6
59029,10,10,5
200044,989,999,474
76590,95771,95771,3
76078,949,1049,89
163155,7500,7500,5
6455,4500,4500,416
17021,226762,226762,5
7428,349561265,349561265,1
17036,7500051,7500051,6
85501,18,18,104
128846,999,999,25
128738,759246,759246,5
56159,9,9,3
128312,2000000,2000000,2
46765,522,2222,30
40216,1427,1427,11
201813,516,516,25
62414,125,125,13
163143,500,500,144
128719,442402,442402,2
63299,155,155,1
200812,9044,9044,11
79101,1850,17200,774
87648,4689,4690,48
87647,1922,1922,50
119101,836,836,1
39685,884933741,884933741,1
40114,374645,374645,1
141319,3000,3000,24
38791,465,465,11
128838,596,596,20
5479,60,60,76
41466,545,545,2
178216,19,19,4
152099,801,801,4
205871,2830,2830,1
185970,90198,90198,1
25447,4874,4874,1
36904,350,499,6887
42996,1291,1291,94
24404,446807,446807,5
39502,591232,591232,21
45862,11021,11021,1
128744,72999,72999,2
161153,701,701,2
163136,300,300,2
32468,234,235,52
38914,77,77,47
159876,664,664,56
194691,100,222,12090
52173,1700,1700,4
18287,5000,5000,1
38520,35535,35535,1
8391,1742,1742,5
213043,276,276,1
3181,8,8,24
6445,14,14,2
155910,501,501,5
13452,19500,19500,260
108357,14850,14850,12
213211,10000,10000,1
178900,188,188,6
52123,5799,5799,1
52241,2000,7575,13
40127,16899,16899,18
32063,3881,3881,760
18285,2796,2796,4
18286,896,896,6
110648,3952038,3952038,2
81410,207,524,17
41455,3028,3028,1
39686,150000000,150000000,1
88156,696969,696969,3
32714,11,11,3
191864,79673,79673,9
128837,200,200,3
163784,19,19,11
158860,182,182,7
33825,3702,3702,18
210249,41000,41400,1095
40536,67,110,1143
115511,13112,13112,5
40914,9999976,9999976,2
45783,9999902,9999902,1
42465,9999902,9999902,1
168806,100000,100000,5
39349,331650,331650,2
2686,2791106,2791106,50
13464,425,500,1688
132235,974,974,1
163053,435,435,4
187849,46000,49050,11
65893,290099,290099,46
197737,25000,25000,2
198044,7000,7000,1
140754,300,300,3
169145,97,97,23
63317,2500,2500,1
63313,9500,9500,1
200028,100000,199500,1134
110639,788,5200,25
110617,414,414,4
39005,1211,1211,15
76627,2700,2700,1
38266,3200001,3200001,3
110634,169123,169123,1
4867,21,21,37
133569,256,256,13
207040,5529,5529,12869
12433,2006576,2006576,7
38995,3990,3990,4
178228,1000,1000,7
43418,65000076,65000076,1
204708,1000000,1000000,29
39937,485,485,1
186725,175,175,17
200807,7636,7636,2
81917,3667,3667,4
5095,12,12,5
44265,11528,11528,3
25416,545,550,10
129158,26,501,446
42462,9999976,9999976,1
207039,8000,8000,205
42741,9999976,9999976,1
68196,4957710,4957710,4
201417,2210,2210,5
201398,1050,1050,26
98116,72,72,19
25441,100,100,2
52160,969,969,1
199965,80000,80000,1
52147,17487,17487,8
57060,4602,4602,11
57062,4604,4604,8
194695,499,499,40
44261,4597,4597,1
44282,27429,27429,14
44264,126956,887889,3
44260,23499,23736,3
205243,100010,100010,2
205241,2501,2501,34
4873,1,1,5
33551,20,20,2
3403,5,5,8
39356,357,357,4
12215,199,199,74
88530,100000,100000,4
153623,451,451,2
32722,1493,1493,5
9088,5993,15993,3
201313,1960,1960,4
180332,165,165,1
179985,53,53,14
161126,891,891,6
184394,1500000,1500000,2
199968,15000,207947,10
142334,250,250,200
180331,1000000,1000000,1
8483,5000,5000,2
161348,1000,1000,2
6050,173,173,6
182710,34288,55168,2
200814,2926,2926,16
160581,1,1,2
199054,6986,7138,45
160560,1,1,20
193893,450,620,4778
175965,223,223,1
29576,1999900,1999900,3
2842,2825,2825,1729
101630,3611,3611,28
3164,105175,106843,19
165733,5011,5011,2
52138,199999,199999,2
69244,331470,331470,5
31676,4270,4270,2
4587,13,13,4
44268,29403,453646,2
44275,7326,7326,3
44278,213543,213543,8
56200,3,3,1
27932,14,14,3
44290,194100,194100,7
194817,300,900,1151
62659,105,105,35
3728,67,67,21
67337,39,39,1
190880,100,100,15
29453,120,120,7
163549,41574,41574,59
27857,5,5,1
52145,858972,858972,1
92525,483586772,483586772,1
10558,1905,1905,19
41498,30617,30617,1
109628,400,400,72
128725,89974,89974,5
41165,3999800,3999800,5
141527,19,19,42
12214,285,285,141
61985,39941,39941,10
105721,46335,46335,5
187823,7500,7500,1
30478,20,20,2
32597,47534,47534,1
136560,3519,3519,1
136568,13,13,3
160942,2501,2501,1
200847,8569,8569,12
180347,66665,66665,1
171441,19,19,74
5523,71,201,214
62772,5001,5001,1
138196,439,439,1
25444,14,14,3
200027,75000,79900,828
45987,900,900,1
6051,1922,1922,672
92527,73132569,73132569,1
537,255,255,1
81889,1001,1001,20
183963,110,110,2
197851,120,120,23
162562,57,57,3
199938,100000,100000,38
22641,6500,7200,194
198500,50004,50004,6
87831,999999999,999999999,1
127732,433585463,433585463,1
200783,3782,3782,15
40036,300000,315514,2
128849,1119,1119,102
108347,5156,17200,39
112179,67773,67773,16
163134,12274907,12274907,3
119157,999999996,999999996,5
179295,162288,162288,19
204909,1000000,1000000,16
128761,100,100,25
128841,2200,2200,3
159873,3543,3543,15
52112,3256350,3256350,6
58280,377,377,15
108345,17200,17200,193
194784,17199,17199,2245
71880,229048,229048,40
63293,23379,23379,1
33567,150,17200,400
76610,15000,15000,2
194681,29,29,20
102542,2250,10000,1326
81916,1273,1273,10
152543,343,343,2942
199344,3499,3499,916
201182,142603,142603,1
120331,47186,47186,1
200616,15180,15280,6
68660,353600,353600,1
108360,17200,17200,40
194576,33399,4999999,11
8924,9999901,9999901,45
139389,500001,500001,4
162516,5000,17200,239
108306,17200,17200,495
198253,50076,50076,1
8923,9999901,9999901,55
5375,9999902,9999902,6
5427,9999903,9999903,5
17035,9999902,9999902,9
5370,9999901,9999901,2
5362,9999901,9999901,5
5367,9999901,9999901,5
29574,9999902,9999902,5
4879,9999901,9999901,4
2930,9999901,9999901,7
29573,9999901,9999901,5
5364,9999901,9999901,2
17034,9999901,9999901,7
6950,9999901,9999901,18
2893,9999901,9999901,7
29577,8000002,8000002,3
5371,9999901,9999901,5
210671,65377,65377,12
207041,18500,19500,15
192940,100233,20700116,2
49253,8134361,8134361,20
22373,1096762,1096762,20
58279,15736,15736,18
198494,424708,424708,1
120293,150,150,8
76134,8585,8900,1394
133981,1989300,1989300,5
153568,500038,500038,1
153569,500038,500038,1
153567,500038,500038,1
153570,500038,500038,1
163133,3200,3200,5
158855,2000,2010,2
30816,1,1,159
32833,102,102,2
64397,599999,599999,108
52247,7595,7595,18
36781,1800,1800,16
27655,2150,2150,5
168635,999800,999900,9
140628,26241,26241,4
194796,17500,19404,56
32225,149,149,1
197855,29,29,362
58278,5099,5099,5
198313,4499992,4499992,2
169660,1996,1996,3
200827,11320,11320,2
54630,8492,8492,2
193438,3255,3255,1
18045,19,19,27
40014,1000,1000,5
41385,20018,20018,8
11390,552357,552357,1
2596,12,12,3
20848,68527,68527,4
107663,3256943,3256943,1
163094,3707,3707,1
52176,3254,3254,1
52227,14955,14955,1
52228,14963,14963,1
133568,519,519,10
190537,47096,47096,301
204858,449300,449300,8
41509,90,90,40
40163,7453,7453,60
7676,659,659,40
158853,2217,2217,1
19261,6688,6688,1
177841,24741,24741,10
201180,96,96,1
37101,1001,1001,8
203407,15044,15044,8
133579,10000,15000,371
32600,42885,42885,15
76628,5766,5766,1
39938,33031,33031,1
113585,704,1004,2602
52188,557,557,2000
6306,50001,50001,1
33874,1215,3999,1982
39946,2476,2476,1
117415,550,550,3
62004,38613,38613,1
205690,90,90,20
193554,500000,500000,30
162113,999999999,999999999,1
42431,597,597,19
52140,128,128,3
71868,26900,26900,7
198229,3599,3599,17
198316,199900,199900,1
2682,8,8,1
195457,19,19,4
204996,400088,400088,112
205873,245858,245858,1
12820,14999,14999,1091
76596,31999,31999,2
76597,6777,6777,3
179277,1204,1204,1
76607,31993,31993,7
172143,260945,260945,1
180881,381967,381967,1
12431,10000001,10000001,1
168794,251,251,4
62673,50,50,13
32685,99999,99999,33
22846,300,300,4
58258,4,59,2
204991,41300000,41300000,1
81404,144,144,3
81175,90,90,1
205171,1367632,1367632,3
44066,29909,29909,21
38838,2400,2400,161
32686,6479,6479,7
119102,901,901,1
200615,6000,6000,1
158790,1904,1904,1
163387,704191,704191,1
24188,2,2,3
180623,217,217,2
40029,118,118,1
29292,1,1,5
40214,10035,10035,3
83120,244851,244851,1
182123,150022,150022,1
167739,27516,27516,2
117475,423,423,4
32205,297,297,4
205244,1,1,4
39975,900,900,1
143636,30,30,5
163399,10038,10038,1
54626,11803,11803,1
205044,1300051,1300051,4
127738,599999904,599999904,1
