item_id,min_price,median,quantity
192947,25000,35000,133
14227,3084,3292,3659
34055,55,985,254432
198183,88,114,8071
35947,8,1800,2685
43535,7000,8007,803
154899,7,7,24218
192615,63,63,54198
4395,390,390,47
74715,142,142,243
138727,28,317,31557
191339,3563,3900,978
22447,38,953,18485
193895,385,488,1581
62779,5,13,2492
9155,899,5999,287
207039,4000,4904,952
172363,164,168,238
154891,13,13,2010
159787,10599,10599,219
191359,9500,9500,23991
194799,2522,4501,476
52771,41,41,169
2771,200,975,11519
4419,95,95,125
168311,400,999,3421
3827,7,1800,1388
195543,87,95,36
158859,141,141,182
187707,5000,5895,814
39343,265,412,12567
2679,1,99,1396
31671,89,1490,20615
23427,4999,17584,12339
199219,1968,1968,441
31899,120085,141494,11
58259,35,38,79
34411,10,10,2
190451,1499,2951,78357
198195,19800,29089,566
191511,1290,1326,270
54447,600,1300,228
152631,7,72,6192
2287,1,1,236
17011,60,99,11059
53071,8,20,2169
176871,174,174,49
193567,2700,3700,5839
201403,1799,7497,27255
17203,22115,23490,2162
179315,7,7,18363
118899,100,500,75
202071,38,41,5677
197743,119,594,292538
116811,91,100,182
38679,12,15,1113
1475,1000,1500,51
52191,3400,22598,1746
194123,189,235,204530
199999,500,500,160
1015,1,104,1746
194823,1899,1900,26418
173035,40,109,38401
12203,4,900,48801
192095,114,119,46110
12799,198,216,4120
171203,7287,65000,149
8827,1030,8600,899
191375,600,19800,511
204463,260500,275995,2965
17119,1,1,1120
189543,17200,19543,8668
111431,30,40,250
191467,50,65,147796
52179,560,9898,10373
52687,25,50,16
21571,100,260,1738
27515,5000,22000,1121
21887,327,900,14448
22827,5000,5000,21
5051,200,200,102
210819,400,800,189
153647,300,300,41
191335,7749,8897,10215
5503,9,64,12982
194755,6831,9500,19864
115803,141,145,82
152503,100,107,206
190535,42497,43700,3580
158863,119,119,134
45199,500,500,42
173043,3,3,273
78883,19727,19981,380
191379,375,600,2988
197755,145,270,319014
6471,190,216,10948
38895,800,897,34
4607,3,3,86
74723,711,719,58
154123,399,566,325
21559,1,9,1699
111671,141,220,92783
176859,60,60,34
187831,75005,75005,891
128539,100,180,85
2675,18,275,10962
19699,1490,20025,7494
159959,49,75,57612
33823,1850,1899,76
20875,75,100,102
113111,450,450,7993
192971,99,2500,3084
38951,48,48,73
193215,54,71,1274425
168215,999,2199,14674
111447,15,16,908
158839,34,390000,143
10647,17,17,3521
136567,21,184000,95
19259,4489,4489,9
191383,4800,5400,92476
4367,153,153,22
132183,287,287,94
7079,10,100,37260
193251,755,1111,417795
74859,175,799,3300
191471,355,631,218465
3667,1,4,6826
108335,124,800,34256
81055,184,448,2473
10939,137,999,1941
193923,736,836,100131
201399,5096,13955,8540
192839,97,119,37166
172055,7,1300,42035
62251,25000,25000,85
14047,12,25,26883
115351,95,95,37
142263,57,1049,2496
74247,46,223,22838
172903,900,900,264
31915,298,9999,387
128987,39998,39998,46
194819,110,110,22745
191367,300,15299,3638
168583,1400,2599,29694
200003,1088,1288,211
43107,2825,2825,3834
168499,400,75000,234
189143,185,483,37494
22575,919,5299,3259
193255,2268,4599,556053
192611,59,59,2019
12359,59,66,67629
74847,395,1000,5550
191351,350,476,405
38839,2317,2318,14
30815,2043,2043,1
30183,200,209,616
197735,63356,68266,592
124103,624,1200,59292
194827,115599,141597,256
76687,500,788,65
104127,3399,9243,1717
168663,175,346,5078
20863,30,30,650
52183,2000,5050,14124
22451,34749,69999,4081
2799,2,4,771
193551,399,421,2638
16203,800,1299,22452
155615,51,51,115
194967,233,499,320222
111667,98,100,1498
2775,2200,2742,5845
39907,500,500,1
198491,54,9954,2640
159,1,99,105874
108331,295,320,1780
160399,119,200,10552
6291,68,100,51936
198211,2548,2800,297
198187,770,1202,2631
8171,70,207,18992
57191,300,535,329
192847,175,189,9945
74719,192,315,799
128995,100,100,22
29451,4,4,396
192975,189,3105,4968
172419,185,21099,335
29563,200,335,690
53643,975,998,13842
3371,1,1,120411
41163,17400,23500,5591
3383,192,1999,814
33443,5,5,37
190311,301,350,203356
43551,4980,9220,342
190315,196,999,574684
35707,12500,12500,13
128983,500,5500,81
79251,49,2969,17378
207023,1493,1494,109781
72095,6998,7730,5484
81415,69,75,76
194855,2990,2990,34112
108439,6700,39600,1026
41807,150,17200,926
3731,2500,3722,1469
204971,42000,42000,788
197759,69,70,671
191395,1998,2496,17147
58143,5107,5107,223
168635,4995,5750,1031
102543,75,75,871
36927,3450,5000,397
211383,195,999,753
4359,194,194,1565
108323,99,550,3158
183951,895,1148,2451
204859,600,12163,2784
192907,100,8000,276
192627,64,64,159
3927,100,923,2114
114931,330,330,375242
4611,2098,2636,1084
197783,1900,2022,10213
172231,29,100,183957
29539,15899,19500,647
63127,3225,69899,1891
193211,40,79,1654982
55055,15,15,49
151719,1824,9000,4047
17771,320000,349983,318
158747,111,3228,13
194811,2092,2197,160
36931,833,1389,3163
13759,872,25000,1128
41435,738,738,13
3531,31,150,433
194787,900,3394,369
152507,425,800,48696
28399,3,3,554
37091,4,95,88
13159,3,4,57
153031,90098,145000,334
200011,38896,39198,101
76643,264,264,30
174283,19,19,241
173091,12800,12800,141
109131,175,263,75098
19299,1,15,563
198175,103,103,107
200567,5550,5550,536
3575,600,750,15685
197751,85,89,22356
118391,3,4,354
62271,22,22,49
4371,480,9999,509
109127,100,349,90213
38835,1530,2200,7
171315,1299,1583,24478
109627,75,200,738
192631,64,64,431
211943,13,20,378
5075,1,1,125
76135,122,10000,6357
6303,1,3,8430
111659,73,261,15238
52983,734,879,42553
44599,8,8,1101
76639,300,2941,57
3355,732,780,9723
56051,2475,2475,13
109135,100,9983,16560
40087,1987,1987,121
42459,7025,8900,1378
38775,10,10,33
192635,61,61,840
153635,112,112,43105
153707,1875,1975,140
25451,38,38,348
140587,936,1404,1941
173103,14300,14800,95
192867,346,374,37246
137287,60000,125000,140
193927,49,50,436876
25651,10719,10942,21
86599,15000,24997,24
153051,5,100,313786
13363,50,50,3
41603,1000,1000,108
32231,50,30000,4475
38375,75,75,157
44271,50000,65807,32
192931,16690,17338,79
38791,99,4895,7
40039,4490,4490,51
199983,500,501,330
190395,69,95,63077
59595,500,500,17
32227,400,5000,6322
168303,9,17,12258
199947,501,501,254
2459,476,1083,3403
201467,348,348,1445
12223,4,145,5187
173123,900,1000,95
133567,16,582,599
192727,2284,2284,21
193223,1100,11000,230228
193031,863,1568,7264
23079,250,2500,4885
20871,394,397,47
127835,77,77,349
53067,265,387,433
168639,400,494,194
22791,299,724,4247
127759,100,7000,26018
198503,1400,1412,47
200507,190,421,71291
25707,2839,3307,8144
104099,2841,12500,619
193231,6000,7000,7412
142335,2,2,8533
38931,98,113,29
201163,100000,100000,4
200575,1100,4554,162
14343,25,73,40662
137267,89998,90087,301
160483,11,61,74
56551,68900,68900,35
82343,615,684,103
153623,549,1049,11
198419,210,210,25936
112283,350,355,13
171267,53,75,3031
201883,99800,149930,569
165755,450,999,732
177715,48,50,60
12811,18000,35006,1569
37703,336,398,7538
19263,700,813,28
108327,109,196,1042
201991,21000,40000,3572
8839,1444,2495,18574
194807,6064,6064,79
167539,9997,12500,505
74655,1699,1800,125
173075,14885,14885,263
80591,60,1500,1878
35951,8,508,114
192835,784,825,4446
153439,35,99,218
21991,30,60,2614
179295,150087,150088,272
184391,300,300,11
109139,19,60,21427
197855,25,38,1731
36907,305,649,17957
168191,357,358,414
193939,40587,43398,5447
152547,503,645,3448
72163,1800,2211,2567
158187,100,120,32043
111651,98,150,532
163691,35,45,54
21747,400,1958,4101
210247,2011,4000,306
97623,195,17200,347
192951,27599,27999,73
191319,590,595,4693
111603,88,97,1211
132231,22,22,223
128315,376737,827007,1348
163223,108,4499,873
192927,4172,4300,305
58267,11,15,177
172047,95,125,140
199955,585,587,138
79011,45,179,3785
149755,12399,12495,832
153711,251,251,393
116923,27,27,35
171195,34624,34624,165
72103,1461,2885,6018
52327,600,866,22392
76663,500,500,52
200815,6600,6700,19
197747,24,99,1830737
74843,295,800,15736
27663,20,250,72
21151,9,24,233
162027,3919,100000,148
200043,1246,1750,922
81411,13,13,113
194795,2650,4241,458
127843,150,150,534
109119,121,150,76009
133571,20,20,931
178103,85,85,1
109223,141,990,1690
152875,125,130,134748
44759,50,50,24
192883,5956,6269,1588
139435,90000,145000,366
109991,49,252,5642
8343,27,49,18109
124671,4999,15000,14228
43571,1,65,453
162555,374,485,1095
117439,90,90,108
194683,210,225,7329
116271,1456,1597,20329
4595,47,47,9
2319,325,1200,79273
193931,1596,2099,79005
41339,545,545,166
123919,90,713,408011
192675,186,186,59
7075,7,104,108680
7911,324,854,6526
45087,21,46,9308
52843,17500,120000,1165
173871,36,36,122
206967,700,875,91
200059,94122,94122,220
124119,110,184,11533
52099,5588,5588,22
193951,55,100,2540
13467,324,763,12362
36923,93,2500,1485
176875,370,370,1
57063,400,400,5
197763,1235,1650,9389
191939,62,133,2651
129019,81239,100000,229
172051,14,14,4496
158795,4500,4500,8
52243,2945,3418,66
192683,174,174,17
24291,399,400,195
194815,1999,2993,194
197771,68,70,451165
138383,10262,10262,17
187635,525,5000,1041
128847,800,1000,34
52987,695,900,3322
29547,8996,19910,10727
2835,5,10,46429
24479,17995,17999,5400
193243,1898,2999,24856
8951,758,842,162
192647,182,182,171
15419,7499,19999,8248
191495,20400,21661,2373
168447,15915,15925,80
153663,300,398,104
160059,2,37,17301
193259,42,96,180956
191331,686,971,3803
31887,1505,2051,21
6299,1,1,22
33459,3,3,124
27439,24,42,10712
52295,31747,31747,28
52751,30,2800,43
137191,99996,99997,247
171831,198,264,16774
193247,13599,13800,22290
200051,69200,69251,284
76619,163,164,5
199995,519,531,115
44739,350,350,175
52111,2200,2200,7
22203,11000,13860,396
52555,449,800,56800
38811,234,236,42
74727,99,458,50
137239,73838,100000,151
192691,300000,300000,8
43119,498,498,5373
187699,1324,1674,29053
154707,300,1000,1366
2751,999925,999925,13
200835,1062,1062,60
52227,2274,2275,14
201047,100,100,339
192871,23997,25154,4733
2519,10520,10520,480
122343,178,179,235
162663,500,500,4
17031,4700,5004,118
158379,8,10,1439
24507,570,570,44
172059,25,25,4273
171351,85,196,333
112287,355,1048,54
109123,750,966,176497
110642,2072,2072,27
147870,9,9,104
190450,15093,17700,20539
17010,129,7044,18131
202070,44,44,18379
43394,16054,19995,1068
2862,1,10,2629
163082,25,147,1301
53010,151,160,48409
43398,11890,12495,293
4382,554,1196,339
194730,114,374,394656
198282,2132,2159,226
33470,30,80,54279
20678,255,99955,702
109142,60,62,20468
21562,1,8,1151
6470,55,64,13650
158874,108,108,62
191462,22,88,1477262
191374,2190,2299,3928
39682,284,8800,1532
87246,22,22,230
16202,275,405,10008
3470,38,50,23501
192610,61,61,322
34722,29,47,2160
172346,25,7528,244
61990,99800,99800,7
8150,4,11,13202
21842,300,466,3751
190530,7100,9775,637
43102,4000,4553,3729
203418,6900,7029,415
3818,900,1945,1611
198310,366,392,60
190314,4776,4803,16116
192658,145,183,10409
11754,25,50,968
191470,571,613,79234
152542,5,204,309266
191378,322,378,19042
156930,44,158,138231
199954,500,504,280
190322,1216,2692,665200
43366,4260,7068,446
194850,1500,2299,1049
22710,200,247,325
10286,10,114,2455
203762,99905,99905,164
38922,9020,10020,96
202290,330,330,10883
197722,1899,2400,17283
53038,1038,1172,28369
197778,199,375,26052
137274,80084,80088,595
154882,13,999,1784
198298,281,1000051,149
9262,11,2916,3565
199970,29800,29800,1878
22574,3039,3120,6173
180430,13,13,320
194806,8490,9400,67
10938,70,756,10313
194798,3300,3897,480
170554,787,1100,24715
38374,700,44239,124
17202,4,19,2098978
62782,7,1111,78708
197786,1999,1999,5180
64670,74,100,6823
104126,5490,5520,374
192842,375,397,19296
139398,4400,125058,40
198186,495,750,1614
144398,209510,209510,8
191394,1100,1000000,2413
190534,16000,17093,1642
171270,965,973,1273
191322,603,19800,526
201466,51,51,5470
173202,5,20,3771235
44482,8,8,1260
128990,25791,25791,15
193210,35,538,464948
58266,9,16,148
8950,10,20,197
167738,25,50,13959
173170,300,347,994
4338,6,26,168492
193214,40,45,472480
4306,7,10,364947
192858,460,499,8617
163782,400,17200,761
60838,2900,3430,5219
37702,325,432,4440
192626,66,1976,1209
6362,4,14,5361
194738,623,625,139
152546,62,69,3646
71862,14991,14992,47
27438,7,424,1922
24478,72,2944,4504
172094,9,108,574921
19706,1299,20099,4885
192946,14900,14999,76
189542,6361,6369,3911
71810,44025,89915,568
123918,1221,2222,339813
193922,65,95,284228
185970,300071,300071,10
139310,88000,110000,395
173110,500,644,9273
71998,29,107,9324
154166,150,6541,1037
172230,13,99,273977
75014,1999,9900,3223
2842,1685,2998,3881
39970,190,229,1511
72238,480,480,62367
6450,2,4,563
41806,84,110,2366
194862,11899,41999,902
27422,16,17200,2499
3358,985,1107,3102
43010,49,80,1154
38934,53,94,57
192870,1798,1945,20135
2934,90,112,24006
168586,669,799,12272
111670,51,53,1876
21558,1,1,2101
193254,4154,6000,180325
6662,2002,2499,11198
153438,22,25,622
191334,1000,1500,1762
74834,617,2500,14505
173034,77,106,21906
15994,245,248,682
2318,144,165,59865
200026,879,891,2032
153050,10,89,132497
179986,3035,3035,324
124438,1,90,25161
188658,166,208,348449
133942,500,500,279
27682,7,14200,2794
5466,1,4,3472
193926,1999,17200,3858
23446,578,700,3788
193950,177,213,3123
36934,198,2500,2210
124102,830,995,75154
112294,4900,4900,32
21114,15,16,42
192674,170,480070,90
108326,100,131,4626
194754,25000,39036,7306
187850,12400,13735,8
197782,1972,2355,15110
193218,1298,9922,190237
192970,5000,5500,946
154722,8,99,403564
140630,60096,125000,122
4470,5,26,155927
32230,68,103,5206
7078,18,696,50750
818,500,570,4613
193222,1222,5933,10813
76090,154,255,314
200022,9000,16969,1142
7974,8,27,34887
44078,99999,99999,4
87234,17,512,410
31910,300,395,111
160710,13,45,10283
200582,4500,4500,4813
22866,850,9999,214
199206,389,400,297
192922,29279,29400,2008
71830,27544,27544,9
52722,172,500,88309
75038,498,1600,1151
124118,24,100,31763
2678,1,1,162619
171266,25,52,1468
33454,5,5,415
192866,371,400,3433
193262,12,40,98089
95482,69,5069,173
36922,1590,2498,173
190538,19401,20600,6144
111438,98,522,1233
3770,1,1,249
22450,145,950,74339
151722,1143,1143,3162
43106,798,1416,6666
76086,700,1149,742
192622,65,65,213
2742,99960,99960,1
25802,5800,19900,16037
201402,101,298,9911
6530,3,14,1258
22786,700,950,22455
200826,1700,2182,44
22578,1365,5299,3407
112158,100,110,2329
27666,9,29,528
153702,251,251,1036
158862,142,142,77
197750,40,40,105650
192878,426,427,28820
160298,8,8,10860
200038,6334,12534,5612
199990,1897,2066,1557
5342,2,2,49
187934,125098,200000,188
108330,90,94,6085
198190,1000,1198,4722
27674,4,8,4312
72094,1400,2500,20085
13446,11,1914,4605
39354,1,1,395358
210246,27500,27500,293
179314,7,7,18430
104122,3499,11000,686
38778,800,899,51
76502,1000,1875,329
3666,6,8,179
168598,19585,19588,188
109226,15,25,686
3486,618,1400,10348
192706,2250,2250,4
155810,30099,39500,146
76550,223,223,8
128554,2576,2580,9
30810,5,45,261214
53050,48,50,720
193050,15,19,995797
142102,765,4850,39
139786,11200,24642,484
23426,46800,60098,2621
194970,5999,7198,81704
154122,350,568,592
130250,1059,1827,857
19702,1000,20086,9176
153490,15,25,568
199982,500,500,325
190394,80,135,1043388
200570,3850,4050,6405
11018,305,305,157
172418,73,90,169
192934,9990,11674,90
112290,1100,1942,41
13422,100,179,824
52078,624,949,23565
29454,307,307,3
198218,1077,1078,923
53062,30,5880,2411
200506,2,301,221446
19258,399,461,44
154126,400,400,245
76666,300,300,101
192850,99,102,134663
132238,9900,9900,5
144306,699,1075,33
173098,15222,15222,77
171370,25,34,905
38698,50,50,25
153714,251,253,451
173090,22233,22333,94
104138,11090,11799,691
13754,300,39998,966
204614,50000,79997,61
178534,249500,249500,10
62674,100,100,110
210658,90,101,24
38878,39917,40022,79
204994,240000,328500,799
113262,11,15,7543
38902,4943,4944,28
192910,666,666,102
58094,1140,1159,346
81402,18,18,84
53066,2,16,3982
193470,235,240,96443
81414,13,15,661
198290,395,400,115
74846,395,666,3216
58090,50,159,245
155607,799,799,26
199979,693,747,390
153619,735,735,32
154127,370,525,339
194791,2800,3200,259
12803,3011,3041,3289
173051,15600,19900,12
12363,39500,42000,530
198415,1150,1250,9828
160711,50,100,3364
178543,105,105,11
20859,49,99,1129
52759,126,126,106
29739,375,404,58698
192967,18796,25562,2594
128499,109,17200,183
24511,15,15,146
2683,10,49500,26
144307,1908,2724,21
200819,2100,2100,172
31079,12500,13000,195
40051,4385,15000,34
61991,12500,13336,2
783,450,600,4067
153615,9000,174900,19
176811,25,25,506
132227,2475,2500,5
166343,100,129,824
40059,7405,7409,11
213043,2998,2999,6
19223,1,1,547
23439,2375,3000,1119
161127,1111,12300,24
116979,8,8,781
89683,70,70,76
152495,65,120,1898
40155,3229,3229,193
8167,945,3070,3803
52219,1214,1745,44
34207,1575,13907,42
52195,15000,25064,3419
2251,14,995,3015
173859,18,19,342
182459,1050,42069,1323
191475,499,567,24804
2687,2,2,560
198619,20092,20093,2
198255,120000,120000,168
54831,65,99,110
79295,43018,43018,4
62783,128,2501,15349
180055,100,999,852
132531,4000045,4999945,7
80587,11090,12500,671
152559,75,1999,640
76131,1050,1200,2638
124111,93,7500,13884
76699,250,295,38
172359,9,99909,716
25411,55,55,24
128543,8550,9000,130
163411,3800,3800,117
151567,31,1325,161473
187703,3698,5499,13483
199059,2580,2780,373
111439,145,374,687
158751,38,38,323
200615,1982,2095,1090
87579,370,370,333
114015,1,1,137
200023,9000,9594,2869
77467,1691,1691,4970
191499,4802,4802,383
63303,650,1850,288
139503,282,282,316
39151,987,2499,12299
192895,27,442,1508
43467,13,375,107
199967,10000,10464,1188
39955,189,2999,7
192703,2070,2070,8
173083,77350,77550,48
63251,2460,2460,55
44755,169,169,26
88487,899,900,118
24271,49871,79972,1358
38939,58260,58263,54
109143,30,42,142206
60399,44,44,14
24243,1300,1400,6756
192619,64,64,158
1711,8,8,481
153015,25000,25000,67
197791,60,60,42894
116119,14,14,37
106875,147,147,91
19271,11775,299999,5
193559,199,199,18
172451,9,19,960
32203,587,587,121
192843,95,171,15294
128559,1995,1998,73
4339,35,60,5511
174327,140,17200,952
111455,12,13,887
169299,3000,4700,3691
171291,695,799,3413
139783,66,66,14
40211,900,1000,91
38863,50035,122006,17
154167,119,248,478
154883,13,999,685
88155,588,588,16
199963,10049,10049,26
200007,4091,5391,409
69863,1400,1400,5
42751,12071,12073,561
204235,32,34,355
13755,3500,4415,527
82443,230,230,129
173099,11233,14700,80
171271,30,5251,356
200055,110467,121230,28
151579,2035,2262,7915
71871,25769,25769,27
200015,30085,38885,47
9179,2205,2999,516
13463,306,892,25699
74863,133,474,676
192923,3316,3416,95
38771,18,19,425
171439,25,32,1038
9355,499,662,4
118711,1394,1483,33768
1707,1,7,275
175955,37,37,71
8831,1999,2250,9706
33447,99,1000000,712
153662,1146,28218,133
137250,73411,74916,228
201318,500,502,101
172062,273,999,881
192974,49,945,3922
63246,90,200,1348
172054,7,1069,19040
213214,378,378,8
124442,1013,2683,30120
133574,79,89,218
74250,21,24,64514
74642,200,265,131
2886,148,236,544
79538,9594,12500,257
17406,10,10,175
8146,5,5,12
37602,62000,62000,20
7074,2,9,80
153494,89,300,309
31882,315,315,24
23782,11590,12300,526
41810,12,15,13313
43350,505,505,1405
56850,3800,4178,17281
193258,167,167,101583
105718,338,17200,188
74654,400,400,60
71850,96890,96891,70
172362,204,205,285
168498,6000,19999,850
197746,8,33,1573994
109126,150,500,130131
31670,179,5080,7018
152638,7500,14999,307
13926,23997,28868,853
38906,2180,2281,48
172058,35,44,6059
173038,3,3,625
191318,583,864,1081
193958,130,1500,6991
193930,875,875,52211
43490,129,229,2106
124106,13273,15888,14081
53070,7,9909,3343
168310,65,65,1212
18662,1300,2619,3911
132514,21800,22000,7318
133566,4038,4038,179
774,102,400,10046
10290,23,25,3518
109134,21,200,12216
139442,95000,96600,209
129158,1,1,2686
152510,1025,2990,31894
52986,1047,1190,16880
201406,14299,20000,45309
168650,4,502,49606
191466,237,402,168939
200938,3949,3949,3998
3674,392,392,27
194966,213,274,264828
25650,75,75,278
2838,38,59,26781
203414,35999,35999,678
20862,30,30,860
1074,12,18,44
174890,518,1519,9
67510,27,27,27
128538,299,351,53
38558,1050,1200,3608
197742,58,62,147248
198198,7122,8296,493
72234,50,108,10419
111446,40,65,268
199942,294,500,114
33462,41,100,54
152506,166,524,39906
172438,279,280,2052
93970,650,200000,28
193934,12500,12500,1553
173122,2100,3300,87
205686,21782,22002,105
171350,350,400,429
192614,63,63,433
191350,4799,7362,3815
41802,32,61,4767
20858,30,30,854
27858,3,3,178
128650,2,100,13172
38974,50,200,47
192662,176,176,368
38806,13,14,32
87226,20,25,148
140298,4726,4726,7
168190,400,400,495
2674,523,9900,4494
191534,160025,160048,215
19698,1996,24075,8305
8154,50,62,11212
19270,500,1967,18
76094,7,97,87
187702,14,38,25512
207022,645,1111,29523
194794,2800,29900,293
199986,700,1250,286
171286,1613,1618,824
86074,400,736,46
43334,9029,9468,929
52098,897,897,10
8766,2,2,378
21590,34,88,647
198318,114999,115000,1325
198202,1199,1199,1148
89678,100,261,5
191358,3600,3848,1042
194822,100,106,22965
422,1,1,119
191474,451,451,94296
154898,7,41,4447
199950,300,500,630
200002,500,501,146
4342,22,44,9262
11370,1458,1462,30867
151774,13,13,32
33234,800,1999,80
191502,74,74,108
52326,1500,2488,22596
7910,110,131,2872
163110,2000,5000,101
200054,277810,279095,1814
132186,1249,2543,18
163138,528,1600,95
199966,4400,10400,1498
192954,26074,27650,99
172050,20,170,922
22526,4,4,134
198082,2058,2070,197
3530,1,20,2466
33458,3,20,109
52782,6950,6952,75
199962,588,600,49
62778,50,4900,25254
38766,10,14,6590
18562,2500,5724,16099
63306,800,900,738
9318,54,87,443
212770,250,250,6
192630,68,68,154
178114,149,149,46
168662,564,1564,5661
24246,87,276,18263
141898,87042,95247,384
189146,816,5000,957
128834,337,600,36
4586,10,10,60
191510,250,254,779
172042,95,187,497
22794,1057,1057,1296
79102,330,1500,526
118,22,25,1895
19222,1,2,580
20878,75,100,137
17194,16,220,13040
25426,12,12,408
11022,114,116,119
814,1,27,324
13758,99,201,6591
193250,24964,28800,1227
138486,988,1574,10273
55054,22900,31959,50
191498,1173,1189,15290
19026,6930,6999,16
52770,99,99,79
41731,6,6,55
198219,569,700,1218
44467,4054,5702,43
41167,265,5462,56
12735,100,100,35
180411,1999,2900,12
6811,100,400,60
12607,4500,29920,3932
40143,3583,3583,26
55983,3,22,31
200839,146900,147548,29
108339,25,69,7337
115811,12900,13000,10
24027,7403,7403,35
72235,69,100,5711
76667,200,200,80
153703,265,280,465
40167,600,600,66
191507,1100,1244,1621
3819,1212,3491,2791
38887,12000,12499,10
74659,17197,17200,94
172407,114,474200,118
38855,682,794,4
6887,394,2000,885
22787,245,1500,21555
23099,1400,1400,8
23771,199,900,153
34751,100,255,73
158771,31,31,146
140355,50000,50000,3
192855,374,750,19075
76683,200,200,18
194035,2975,2975,78
127991,33,271,16731
112295,475,4498,40
136551,395,398,63
153487,10,1999,1032
200019,32495,32595,175
27671,175,5000,4489
191519,3500,4000,11387
97619,400,800,532
25719,1079,2000,27723
71835,129993,129994,37
76567,100,300,8
76087,466,5999,655
173071,18122,18222,76
113355,404,420,99378
76075,71,75,3104
191503,10,10,354
81403,12,12,132
106867,30,30,296
117415,57857,57908,16
87883,6274,6898,407
168795,253,490000,6
128979,13000,14700,15
2455,3,1000,1501
15407,290,290,1429
41483,500,500,11
59227,4999,7589,31
31883,348,99999,96
38859,1383,1384,24
955,10,54,61
23447,11340,11755,1999
80595,895,1500,1526
60395,60,65,16
52979,155,9905,11375
44499,340020,379620,30
37159,447,497,21
38955,164,165,55
133575,13,13,1881
204835,24750,24875,10
4875,5997,5997,20
173127,3040,474200,157
6455,46969,46969,146
139339,57074,100000,225
24059,698,349800,31
198487,107,198,13905
22871,500,500,57
198223,1304,1321,1597
169135,41,41,124
153611,553,99900,14
171275,1745,4444,695
45191,53,53,45
13511,39799,39799,223
194567,787,2094,1258
203763,2250,2500,1109
8959,4,2504,550
25679,18,18,55
24035,3000,3000,32
67415,97,830,431
15871,84,100,191
183823,175,474200,386
191943,50,73,646
52783,10144,10144,37
46023,67500,67500,6
44463,4942,5043,15
194767,3019,3019,3465
52115,161,400,27
52747,10069,10072,68
87559,395,595,117
5635,172,5000,2920
112183,49059,49059,14
74711,145,148,78
198395,248,250,950
152639,3255,75000,261
62667,514,999,617
31911,300,300,29
190327,12599,17096,58609
152615,17072,17599,416
101747,5000,5000,11
62791,90,2000,24271
208187,176599,180097,50
2453,182,1090,25974
197741,76,127,690301
168217,895,1408,64012
32229,35,10048,1703
124109,290,4000,12385
108353,299,17200,261
52721,83,128,9553
192729,2199,2199,13
40153,4568,4568,118
765,410,1285,78869
154897,7,10,27000
198185,98,99,134077
120257,712,749,1790
89329,75,1500,2037
194685,117,398,3603
38773,16,17,43
143681,2,3,2985
18945,1,2,26957
22789,275,3318,20872
12645,10024,10024,2
192877,509,1493,5133
7069,900,1065,2640
200013,82500,82500,125
18253,500,855,178
76097,100,500,679
198833,5000,100000,39
21593,1,7,469
205413,438500,550000,1253
198413,200,205,18345
25649,84,180,3192
173937,1770,1771,74
62785,7,10,4788
1205,1,200000,1956
197745,824,824,46943
118225,5,6,924
41333,9020,9020,49
62421,23,23,55
74249,5,225,328614
79869,27227,92412,239
36933,1149,1149,1460
184097,7500,7847,1111
191461,13,77,1811260
21877,7,39,286657
194725,1400,1500,1784
60485,20,249,871
23425,244,287,35443
2593,199,269,531
23793,1871,2200,9822
769,27,500,27426
74849,197,2500,11322
153713,250,251,250
81413,13,15,1093
201405,21765,39900,39016
193217,206,583,177172
193929,1404,17200,2514
118061,700,750,2122
193261,7,17200,54113
154129,351,351,298
182121,88,103,35
168185,507,660,94778
12809,2499,29999,1871
63693,80601,80601,32
62277,46,46,46
152513,155,549,64571
38817,11,12,487
34125,15,15,140
192625,70,70,868
160053,1128,1128,1295
200025,1480,2364,1694
44941,4,5,523
191465,135,137,1566156
82441,121,17200,18929
152509,237,345,59967
32249,27,30038,2861
193933,16493,16595,1918
155609,39,39,160
172053,7,10,5595
76133,339,428,4797
172089,100,129,103925
8953,2,2,19
38425,1894,2197,5830
124101,620,2500,33053
21561,1,9,1091
155601,49,97,481
193253,688,4099,737902
115805,125,125,241
52221,3056,3056,73
33081,200,1000,31
191329,13100,13199,39829
111673,100,351,2736
22573,77,80,14756
8545,12,13,476
41801,38,940,11808
58257,7,7,368
39353,3567,3567,13
194569,9445,9450,14892
76653,5577,5577,77
154125,350,361,371
192605,166,166,90
169333,25,29,471
198189,867,1431,3537
109585,398,9999,6634
76545,100,100,8
136637,342,600,10233
101661,10000,15000,133
152577,108,234,148836
41601,555,11579,73
31673,325,7750,125
192937,5000,16385,71
74861,199,421,2173
2681,1,1,115
52177,1368,11935,10322
52325,988,1500,6034
193937,31869,32470,2952
168649,995,1137,365128
3357,538,618,4020
124437,31,535,283670
154165,2,100,465340
69237,28,1500,5844
24245,1945,2200,2018
138729,11,64,24757
104105,1490,1700,843
108333,348,8999,1900
24401,113,1500,21567
190953,42,49,1154
41593,8096,8096,1654
155605,60,77,56
19273,25000,25000,19
5785,23,3000,1682
3301,2,2,60
199953,501,503,231
8169,199,224,11201
44261,15500,18277,24
198493,14600,14600,273
43013,100,2299,39779
194817,208,289,606
168449,17143,17143,133
152541,90,500,60285
192621,66,66,410
197781,521,568,13178
42253,100,200,20147
191469,133,500,335913
40129,4021,8521,44
173097,17100,239999,117
29533,98901,98901,16
192977,140,1100,8070
177061,43,2025,13171
6317,1500,1744,36
178149,299,390,99
129021,50000,110000,246
74857,594,1227,2444
194793,289599,289679,202
32905,2,2,542
37705,388,650,7334
2725,99950,99950,15
153673,4400,99999,132
22645,137,10002,125
113261,15,22,17555
87881,11614,12029,712
22577,494,690,6513
194797,3100,5442,428
201421,2999,9000,4741
192685,2999,4000,50
12365,3,6,247936
112281,1600,2486,57
6289,17,86,102882
199961,549,561,48
39965,100,100,16
198229,4509,4510,264
59489,18500,19000,32
187701,2832,5799,14976
191321,554,729,898
19705,953,25083,5616
108341,19,100,6895
52185,1026,1374,36113
191361,1225,19800,3334
40017,6383,6383,9
3173,38,100,5944
192845,95,120,46177
151133,47000,94075,488
23077,120,2500,2537
21557,1,2,1347
52081,125,189,29
76061,10001,13495,25990
172057,10,12,8767
189541,5091,5091,11853
8845,4490,5000,2132
19265,300,388,20
128833,29,33,110
161053,21,22,1214
7077,5,399,21787
189153,175,5000,1069
52145,859025,859025,2
189149,2600,2710,283
172045,13,48013,10215
192865,899,999,27491
27677,2,100,9456
38981,1232,2517,35
124669,598,852,133015
3821,2898,7511,11261
38905,100,100,55
43117,1000,1299,3055
192609,58,58,43
67229,1158,9900,1534
23573,6487,6560,1932
111445,13,15,221
174041,1569,1584,52
86057,65,66,16
198621,90098,90098,64
193957,66,5100,2456
192841,365,460,7636
127717,7787344,7787344,1
7973,962,1112,748
130173,157,169,1146
35953,8,10,520
192669,162,162,26
38953,115,215,99
198549,1200,1400,1046
180445,83800,84200,282
191337,848,1227,2788
197765,138,156,11646
41401,5032,5037,41
32205,357,1157,206
112301,949,950,11
39341,525,1688,5095
4341,2,2,5956
191381,1100,1195,32345
194681,300,300,369
173121,655,474200,198
154121,351,353,618
136553,100,100,3
112181,6872,17200,100
81405,12,12,188
54837,20553,20553,22
86069,390,394,114
4357,2,902,2688
29453,4,4,85
34841,6100,6100,8
43501,85,120,944
194789,1000,5000,134
127037,40,10000,5524
109141,38,99,12864
63313,27000,27000,2
197777,20,5521,3604
191373,925,1000,4445
200061,3000,3831,53888
43325,10000,10000,1
161153,300,499,17
733,3,60,515
200033,6886,7400,7683
108337,725,900,1630
192629,59,59,241
12217,7000,7000,278
39361,500,500,19
191513,4299,4851,4833
198161,370,390,8546
191353,500,9000,3624
33457,4,70,100
116981,3,3,5241
130245,42750,49400,30
36909,2100,2365,18099
192913,200,2555,6577
200057,59900,69999,510
153669,9,21,84457
169701,800,7892,31486
62649,6800,6800,6478
106825,143,143,58
79101,300,583,1313
193925,1325,1350,3912
132753,13,26,461
21885,14953,29950,2055
163149,163,1200,104
179281,11675980,11675980,4
21589,26,117,634
200509,9,47,35230
173033,7,907,24505
172049,16,16,1418
76141,496,500,4339
191945,3000,4000,3187
117453,82,82,126
201401,2500,3045,6455
124121,1,9,88080
109133,121,255,1296
20817,639,1555,1458
190313,2900,3598,94319
201325,58500,59800,3787
44753,573,573,34
199053,3000,3000,41
200001,510,510,61
111557,100,209,60372
49397,345,345,35
176861,189,189,13
168825,8300,9800,5215
19441,15,23,4239
192837,99,158,1571
178217,22,22,167
190329,5386,5584,118497
30817,1,101,169654
203417,29900,36259,559
152877,2949,7498,5557
74865,890,999,1609
112273,590,1190,31
6149,8,2500,620
174353,2,425,29692
40533,588,590,1031
9233,9,100,558
22793,1160,1160,3637
41285,9510,9911,80
153597,7777,7777,48834
36913,2728,3490,27984
58265,720,750,69
129289,155099,188788,488
55053,63,4388,2208
68785,5066,19558,39
156873,100000,100000,6
3685,2,56,45486
82445,6150,6151,144
67509,33,33,38
163145,3283,20000,66
133553,5900,6500,38
30457,5,5,33
36905,300,1000,2795
62677,5,5,111
24189,41,41,44
132217,273,273,65
152497,85,85,807
168417,96000,96099,280
207041,7590,7595,11798
198421,70,74,60867
3673,125,125,43
168653,13660,39999,756
200105,89,90,36
190537,22000,22000,3004
197721,2499,3095,688
4625,1500,2490,3841
36901,195,308,4338
38933,10,10,331
113289,94,330,1093
4537,100,100,95
109125,100,465,175916
5470,19,4000,1899
111658,14,17200,359
414,1,1,280
200838,3100,3100,63
28486,5,20,63
76554,407,407,12
3466,298,99999,29641
11382,119693,289999,1331
52178,999,9900,12541
18286,350,350,20
155610,41,41,155
201422,4900,25000,10396
153622,990,3603,34
39334,224,331,18104
59230,34,34,152
132982,99985,109886,9
173058,5499,6500,25417
4554,30000,87856,15
111666,99,158,988
8838,1200,2175,34750
52982,1014,4385,16293
23938,9000,9900,21
4394,2500,2500,955
41338,140,140,108
58146,400,550,287
201046,1349,1349,1287
116654,14,22,197
142406,495,495,568
8846,1395,2198,53388
189150,200,5000,1200
198414,363,371,3651
155618,40,40,144
155814,245,500,198
168446,14425,14515,220
4402,9800,99800,241
54626,1101,1101,5
112302,1683,199188,54
139890,115298,116375,1490
7070,8,80,8300
200014,32028,34028,103
113530,24,24,15
39690,817,1089,1815
34750,90,90,24
158838,1900,1900,6
21882,26,27,2405
10558,139,139,752
6522,2725,2899,33533
71870,32720,32721,26
7286,273,276,6538
954,22,99,219
198258,80000,80000,296
194014,30900,34899,173
63122,7,18,494
29394,2218829,2218829,8
22446,150,200,39282
190378,11800,11800,536
142334,265,265,903
152550,798,839,194
194802,12000,13000,110
109222,62,100,1428
5498,114,2500,21764
158186,5,14,34907
44922,5871,9200,3140
168638,8775,9000,274
6370,2445,2500,6175
4594,87,89,114
74722,111,114,86
154990,13899,65054,1057
52754,1048,1049,51
32226,198,199,76
194050,90,98,14225
32902,2,101,10583
35622,4500,4500,4798
31902,297,298,22
129022,68003,68005,520
173162,29998,50000,469
112282,4000,19950,70
197858,219,219,677
6290,3,3,148
74866,13,98,2244
107518,148,148,30
158870,43,43,27
43386,6800,12495,410
74838,325,348,2611
22682,3080,6229,3159
198222,1270,1386,1386
191366,1598,132186,1109
119094,1133,1133,10
2770,174,300,317062
137238,64987,64991,221
23766,599900,599900,12
187802,200,280,915
2450,325,1620,53056
136638,2401,2401,65
191338,9800,11439,7052
36906,220,315,9410
130222,3800,3885,52
52718,100,100,1965
76514,2970,2970,50
71822,35016,35016,36
38914,14,19,95
72986,125,125,1868
74710,10,10,141
3030,500,500,10067
38946,144044,144044,48
52210,6485,6486,3
178550,19,19,507
198174,591,591,8
112274,5000,5000,37
163154,799,799,47
42942,35,9985,247
4542,4,4,57
46378,1494,9999,225
192670,189,189,37
194542,49000,67664,324
10546,11000,11000,17
12206,170,17098,2159
98118,14,14,19
111458,18,1750,211
178786,56,64,7212
133590,19,20,1269
118006,12,15,769
163698,189,1000,99
194570,2800,3566,178
52762,30,38,133
37118,1,37,2934
200842,9290,9400,45
204702,299000,350000,270
44262,28423,28566,4
111650,17,17200,640
17058,1,1,246
44278,391329,1258888,11
62238,474,475,785
191330,597,474200,1061
198230,4365,4365,340
40146,3439,3439,223
173126,1869,3510,547
191506,30,40,563
139358,38515,94328,192
108306,2988,2997,639
102218,24995,60089,1587
205690,100,100,52
36782,19,100,1957
193238,17561,19279,5050
74726,4238,1500000,30
192914,145,547,1428
43850,12996,12998,691
141910,20370,21000,151
168314,40,999,530
24058,290,290,15
58142,59,599,446
110610,19,675,72328
29426,1400,25000,3597
127834,189,4939,2580
132234,287,287,15
169334,12,15,136
62670,900,999,127
21570,20000,20000,21
3858,305,524,6126
52226,978,978,81
2798,112,99940,133
71874,96081,96783,84
128498,3500,36910,89
200618,329992,329993,4
197754,7,20,374008
82442,749,750,159
116170,45,1999900,1536
136606,150,150,127
197790,285,412,29110
22850,70,100,62
200010,7500,15000,532
5478,1750,1750,85
34054,44,89,151935
15870,14,14,89
122742,3,4,103
191362,545,877172,2000
213362,33099,38998,34
158202,5500,5700,1798
41146,3117,3180,132
163842,22,22,36
22790,124,317,17933
193378,17423,17599,835
153606,844,844,20
200058,260000,260000,965
116266,91,96,3323
90558,2359,2359,5
41334,7480,7480,366
194758,1980,1980,3346
20526,132,133,142
192686,3210,3210,2
81410,25,25,27
101746,9922,9922,13
116810,199,199,1033
58274,63,63,148
25890,11100,30548,12
183950,600,650,2150
177962,97,99,111
130246,74922,74922,55
12810,3700,3700,4129
4378,39,39,18
71818,45054,45055,24
61998,20000,20000,12
7082,3998,4000,3307
194566,4276,4686,11570
108298,798,800,491
180882,10000,10000,1
127846,358,400,400
173042,295,323,892
38870,997,6586,48
58278,1999,4500,14
2290,7,99,1329
153710,250,253,339
79010,59,231,11231
173094,9262,19262,159
22838,5949,5949,412
52194,5603,22542,5313
41510,160,197,12206
89674,3000,3000,13
12210,10,40,347
175054,1000,1000,27
38938,13,7895,240
4370,3,3,192
31894,1000,2850,65
186662,29898,29898,333
3730,6,3301,2447
27854,3,3,551
195466,225,225,289
194010,1649,1679,761
118007,22,22,1189
154887,13,100,1144
57099,508,508,58
32839,199979,199980,13
111595,217,274,1153
12215,80,80,55
177659,83,99,141
53063,300,500,828
7307,1,65,88
44455,295,600,24
37567,176,176,704
198207,225,225,115
39339,2500,5950,3131
34755,999,999,22
38899,2526,2527,4
2447,500,1299,76861
200799,2429,2429,38
194871,2531,4531,4
163407,4970,4970,43
171263,25,344,436
163391,115,115,31
41803,500,5000,1834
199951,300,565,222
4291,2,9,62741
76507,2900,2900,50
178247,500,500,34
201315,548,548,167
203407,25054,25054,185
41595,16459,100063,1552
163103,1070,15000,68
192851,161,386,100568
76543,169,169,28
5467,124,9900,870
124439,1,501,8582
46703,36000,43100,42
63307,1900,1900,251
37663,67497,70000,2595
31895,333399,379099,10
22851,3375,3582,138
176087,51,51,47
19931,46400,46899,331
201407,8050,8550,56
23107,179,10099,2491
15415,43999,74499,4888
151583,3900,3900,115
159471,188,188,294
38827,70,70,59
198423,80,80,117447
62523,85,87,2
163387,3500,3500,78
198215,6160,6350,927
23559,1200,1200,104
172347,64,65,701
153479,1720,9999,281
27435,22,17200,744
198203,1573,1574,2408
172935,2,2,9495
197767,375,500,14800
11407,4935,4935,8
90407,20,40,11082
41379,9000,9000,58
172415,185,21099,689
25699,149,200,6859
192903,370,474200,118
5471,3,100,6088
124115,593,593,20679
119099,792,796,8
199935,504,504,86
110647,3949,4154,95
161383,486,491,145
193563,554,593,458
194735,899,5429,244
159827,29,43,628
44575,441,510,71
39947,122,122,18
38851,99766,99766,14
74839,368,4000,5475
18283,1327952,1327953,10
208747,69500,69699,70
63299,420,420,50
153661,292,15094,78
35285,900,900,59
192833,190,190,21807
19305,1,1,591
191401,2808,2808,25663
41809,100,255,3505
76525,560,560,22
27429,28,2500,4521
199957,490,525,154
159825,199,200,202
191333,641,800,2111
137293,64298,110000,181
112093,394,474,198
173037,116,150,32023
155629,10000,14787,575
199941,200,625,213
5465,1,750,14957
785,211,260,13857
62673,22,22,188
68049,334,340,632
38841,800,800,190
62273,48,48,11
198201,2185,2356,245
112449,1,1,927
198441,567,567,72
200813,658,658,169
25521,41801,111441,9
4337,16,16,17475
29449,4,4,153
23117,119,2400,2316
158189,11,35,7661
102541,75,75,766
58093,814,814,220
38805,50,122,23
38993,455,455,25
152505,160,273,43094
183953,314,338,2506
200793,1515,1515,67
163225,25,4499,499
3385,1,1,355
23437,350,350,39
192717,2025,2025,139
74645,3080,4000,59
191357,3025,3025,2266
2589,5,7,1094750
10593,700,1500,1516
33185,160413,160413,27
171349,1255,2160,744
171301,25,35,300
38777,45,50,171
95373,91160,95958,1372
52101,500,500,4
154989,10511,75000,634
34057,186,950,140939
192861,438,626,46705
39681,2277,2599,6873
52753,14,29,127
163137,400,2000,112
129001,615,43152,4
74833,239,474,14009
152813,10600,10600,1338
74837,295,2000,15753
210249,27800,28500,7051
4605,1,1,47
171285,613,613,5538
27665,97,99,54
37701,30,100,14032
2673,699,12500,2305
62781,110,2500,10524
6657,2813,3013,51291
41813,89,242,2322
152545,56,89,23623
85221,6000,7221,890
76637,500,500,75
43465,15,20,62
168189,599,9900,2989
194805,9600,10000,98
200841,1677,1677,52
2449,410,1287,35501
153705,260,273,1370
124441,621,849,43058
153709,1343,1343,174
186017,3141,3800,2198
20877,90,122,134
154885,20,25,2713
124105,1099,1195,33807
74853,12400,13500,530
81401,100,200,311
35625,3950,4500,8252
9317,4023,4023,58
171841,25,75,39998
72237,78,120,19684
180733,874,900,36025
3857,3,101,167562
153701,230,252,1582
172097,170,600,56157
65365,4900,12619,4393
32897,8,400,88378
30813,300,400,61
37097,18,50,54
52745,150,450,90
160705,5,5,3010
74841,66,1000,110735
52193,5499,12500,4516
192849,216,449,12954
191325,700,1646,776
27681,22,500,10879
5237,587,9590,26
76549,100,149,9
44481,12,12,582
168489,10022,19999,805
187633,3498,3499,540
42997,225,250,9213
136377,38,39,746
136825,72199,75198,324
194049,594,480091,5890
192869,3769,5336,2861
127845,800,45000,364
136857,231500,237450,10
193385,161,161,218
176809,47,47,67
79253,299,1293,9096
168529,4450,9999,672
192645,250,250,35
200041,600,600,678
42641,50,150,617
201721,686,1400,1451
76137,281,296,3022
120329,20099,135049,2
173161,9453,34670,642
4265,40,78,172
3577,1455,9990,23688
33461,4,16,73
81409,12,35,576
197757,199,320,323217
130265,445,445,41
80433,550,1000,1108
129017,68797,82375,253
198397,800,1200,13512
207021,798,1340,3004
2841,298,298,23155
56033,70,99,64
191349,797,2797,3319
34113,26000,27000,735
200789,2465,2465,5
76689,5555,5555,107
2313,5,9,48
75037,100,190,125
193213,32,399,44795
4865,1,1,96
41385,12395,12395,27
38973,1365,1367,143
201409,250000,250000,492
109129,100,500,116241
182653,6,6,209
22829,99,600,236
43109,2997,5099,33387
167861,1700,3400,1230
162569,10000,19900,6
24477,96,96,7801
36929,110,2500,1235
44601,8,8,518
193249,14900,14995,3193
39917,450,450,13
34749,29,29,63
30821,12,12,49
110609,146,207,68497
112165,5800,7954,14
160709,79,1200,12761
174281,78,87,279
4289,24,300,158832
38893,6695,6696,31
192973,14898,19600,1722
197761,20,20,807
41441,499,997,58
22449,85,397,8616
163841,143,150,45
111245,200,330,4060
76681,300,378,71
10505,32,49,4693
76661,175,175,51
24521,600,600,55
27669,88,5000,1350
187805,59900,59900,282
21213,55,2952,1271
192933,6900,14685,103
40093,99,100,265
154889,13,13,2193
192657,164,164,34
81201,3,3,115
194693,190,200,64
193961,1184,1284,7986
191521,775,775,11641
36930,1100,2447,354
27498,25,25,62
40130,4999,8520,30
74842,195,338,7179
180318,69,1200,3451
38882,3200,3499,9
71842,84345,84429,84
109118,100,150,456450
204710,649900,1800000,951
30458,22,23,29
10562,8,8,738
41814,800,1999,3069
162562,4797,4797,26
136342,10,10,1191
182122,145,145,28
38682,9,9,57521
185482,9000,10000,24
204730,161,166,101
44330,625,2999,329
151566,42,210,199732
191494,14900,15420,2084
172018,9949,9949,205
7966,197,17200,22064
198302,243,244,31
151718,74500,77000,946
194690,1200,1200,2913
171438,25,47,1038
198214,5717,5717,558
38978,1867,1869,48
40050,4184,4184,17
44570,300,500,175
44722,24,24,46
156526,11642,39999,940
76134,210,282,7653
192894,25,25,4493
22202,60,144,2170
191386,425,449,14444
163222,185,195,879
158746,33,33,35
133578,5195,5195,37
12202,94,94,9806
153634,831,29931,41
4358,1,1,443
52182,1643,10098,13021
33246,1000,4900,86
41478,18000,18000,5
76694,3618,3736,229
118630,497,497,683
24282,75,87,4
103786,225,250,27
173062,16999,16999,17
35562,385,7500,68861
29750,45054,45054,28
192718,2060,2060,9
21886,11700,12150,1414
158806,209,209,37
38886,14000,14496,37
197766,193,195,22549
132190,605,605,7
193370,321,338,178219
173102,21645,21645,90
61978,2990,2990,8357
40154,2074,2074,55
136654,50,55,168
14342,9949,9999,3589
80590,98,1500,1705
192646,159,159,250
76890,1000,9800,23
2730,20000,99999,42
172406,126,474200,147
173086,21388,49800,162
39918,203,203,26
155598,34,34,161
20874,75,75,115
199934,1100,1412,486
4366,200,500,88
132218,1099,1099,12
61982,2,154,61
194810,1999,2600,268
16006,46769,101481,106
62018,2428166,2428166,9
198314,800,1107,337
104314,898,1600,2109
4606,1,1,85
12238,58,58,427
34850,99958,500058,76
30610,100,100,22
203410,4310,4398,394
43126,649,649,1056
163522,2300,2319,82
132530,213471,291437,12
79254,100,300,11088
199958,500,578,138
197850,500,500,340
4406,4300,4800,703
13442,1844,1844,79
129034,5999,5999,12780
87230,17,7020,313
3170,20,1000,124
198162,2650,2650,9219
187634,6455,7020,905
87578,375,10000,123
198418,198,225,4908
34763,70,70,75
193959,395,395,209
41375,2500,2500,65
168427,36993,36994,236
168755,1000000,2950000,15
21223,49,50,61
21215,19,19,505
198315,128700,230000,183
108347,6874,7229,101
22375,10000001,10000001,12
5523,33,51,387
194571,3699,3998,228
213211,300,300,4
190331,16087,16598,36406
7971,594,3625,1171
115815,20041,20041,4
168487,931,1249,23717
191363,544,800,8570
105703,4900,4900,10
20679,232,232,115
40199,300,1499,6365
76651,1250,1250,135
198199,5568,6569,1016
198279,1200,1200,244
128723,150000,150000,3
194863,15599,19099,3560
40079,2611,2691,126
194731,645,645,85
40919,1600,1734,371
200779,2500,2500,31
192715,166,166,46
24231,25,50,29
127847,1063,1064,160
76659,749,810,32
35627,4174,4200,3132
128991,44992,44993,19
24275,91856,91856,28
34907,223,223,2
190531,7050,9085,4733
153627,451,451,9
52719,221,500,82166
173875,2785,2785,13
133563,13,150,298
56035,65,480065,33
52767,350,356,73
67399,11,12,11
199959,500,500,77
32067,225,1499,1225
173095,11987,12087,45
188671,285,285,74
191399,290,19800,449
199943,800,1700,133
25427,15,15,11
193935,38000,86599,333
89639,112,416,1303
191387,2450,19800,1210
172043,6950,8762,15022
168651,16999,17500,911
12643,5,28,5
45907,777,777,13
37603,300,300,14
12435,37,100045,230
52091,400,400,33
33547,24,24,2
20867,200,200,43
40195,725,1999,13502
5115,10,11,26
140187,30,30,41
198499,4342,4500,272
127839,2500,3200,422
18335,68500,80000,1612
41307,4472,4476,65
88163,250076,250076,2
108299,574,575,223
83095,99,168,37
4235,9901,11576,1373
138967,13,14,1611
3823,175,200,2045
212767,200,200,2
28119,5527,5527,89
173039,44,49,352
1251,1,15,2088
39683,16097,21472,484
19225,3,7,615
74845,199,300,1008
59029,7,7,49
37093,22,37,84
151257,525,922,7583
199993,499,510,319
38825,74,75,291
21033,117,120,37
36781,799,799,27
43105,600,2600,9237
153621,6080,6080,8
200845,5500,5500,24
23737,33,45,251
110617,971,973,25
199937,700,700,92
193245,8072,8072,7541
10285,60,1400,6697
12205,2,25,14281
44501,149850,149850,65
191365,1749,2000,3513
54817,20047,20047,2
38813,1597,1597,29
20381,15679,22582,4038
192941,3500,70000,108
109137,279,399,20138
187933,89898,145000,228
127849,3290,3290,573
163569,1,2,77727
33445,6,6,167
133593,13,15,1544
173057,100,1999,265062
40133,1615,1616,74
193561,15000,15000,3415
42225,29500,30000,69
137289,99998,100000,183
8365,100,154,4401
172937,297,400,10211
33053,888,889,101
200573,3000,4000,3851
21721,89,115,2393
76081,558,7860,485
168645,1,469,27653
58865,188,188,3
83157,2,5,134
194013,95000,110000,810
58145,499,16525,269
142117,49,50,6011
8165,2586,9900,7320
71865,48692,48693,27
9313,40,45,201
192993,16300,17000,10543
44573,500,700,114
76553,198,200,26
4305,70,178,34197
124113,87,575,59424
132213,695,695,16
200769,940,949,164
2289,1,4,2122
4581,12303,12303,8
198257,191,554,215
191497,600,800,29261
38889,35187,35188,29
76089,25,999,2098
191377,1802,3123,2262
199945,700,700,62
40049,6844,15000,23
7965,90,95,92
17197,659,700,578
4425,386,447,208
192897,400,400,125
22849,1485,1485,12
194733,725,775,193
76541,253,254,32
4405,1,60,101
197769,85,350,1877
133545,26009,26972,386
76693,225,1147,22
191385,650,480060,5966
76077,90,7890,534
21153,500,79099,1809
200005,1799,1799,315
537,499,899,3
80593,400,400,1434
23449,100999,107800,1157
68197,18,18,129
172061,13,513,1001
25429,100,100,24
62505,15,15,51
110621,794,3879,42
171269,995,5299,535
171437,245,370,2577
172041,68,69,1651
172921,69,250,296
45789,10093,12500,569
163581,90033,90033,3
109693,79,140,211202
76521,199,199,9
111665,271,1500,7529
201413,499,499,31
198437,1893,2000,70
58269,10,99,385
172233,1100,8000,791
168313,300,400,1194
34761,55,55,3
54849,2292,3123,2273
76505,177,178,105
52097,449,449,6
191397,768,19800,4216
180409,966,966,28
197785,1999,2150,13597
67385,200,500000000,98
15417,307,312,3523
154705,4400,4824,1431
179285,45,45,45
198281,1900,1990,264
17057,1,1,253
87277,499,570,1681
130217,175,175,197
191525,2955,2970,7980
88493,999,999,350
3825,2940,5999,328
95481,44,5044,343
20873,288,326,29
171833,566,890,14048
199989,544,544,867
4389,900,949,166
200017,70044,76544,54
202065,59,59,69
43373,3778,4220,768
18645,636,636,454
40157,2649,2649,97
83097,22,23,86
52181,2299,2550,8943
13465,306,373,15075
3665,2,2,523
194541,64395,64698,493
155593,2000,50000,202
192969,165,4500,5710
139289,57818,58998,414
6889,495,700,19165
45901,1800058,4500058,6
114017,22,519,143
58866,200,200,2
76574,750,825,16
44750,2072,5072,13
76670,1000,3537,107
81194,2,4,512
52118,4989,4989,11
178122,2608,2608,1
34330,79,79,426
21714,4599,4599,169
5114,13,14,46
176882,21704,21704,6
191518,74,92,463
136826,57800,125000,220
132194,750000,750000,5
76142,950,10000,2953
45862,12711,12711,3
33254,119,129,81
71806,39900,39900,141
76662,589,589,74
168302,55,1200,7082
136546,100,100,19
76734,400,15000,1543
200786,2000,2000,54
1206,1899,2000,325
133570,14,14,354
201314,640,642,28
20518,148,148,16
153646,1900,1900,84
68778,2000,2000,25
194790,2489,4331,338
19974,12500,12500,67
168794,999,1500,13
27502,720,900,165
111522,19,19,61
33042,337,337,1456
197774,115,625,7470
204790,30,30,306
43646,12,13,1049
20002,2000,2000,471
198194,1189,1189,9122
139438,99999,100000,358
153614,400,89900,67
207054,198,198,1333
191398,1120,1360,3949
158834,199,199,37
205242,46,46,5
76650,899,899,83
6358,294,914,30876
192666,165,165,33
74854,121,122,3407
39502,100066,100066,21
120150,198,356,665
41502,899,899,25
127850,1225,1225,208
76130,84,5099,4720
81922,2517,2517,20
159850,4596,4596,50
194814,2070,9970,69
159826,595,1008,996
40042,45,100,157
3662,13,15,320
76638,100,100,68
198307,1195,1195,35
3403,5,5,54
108343,45,83,3498
35799,50,50,15
52087,100,100,27
19183,5,297,9533
13931,80,81,179
191371,10549,11250,5825
59231,592,792,26
152511,150,550,30380
193963,115,245,5189
172063,625,625,2288
58087,14599,24900,1109
10307,631,631,27
23783,3939,3945,2417
198231,120,418,161
61979,1297,1299,6512
68687,999,999,186
2515,2743,2943,2125
71851,91743,92671,47
197787,1900,2492,3570
196583,500,500,419
172439,230,240,5385
20879,75,100,133
205411,25639,25639,43
193955,1934,1958,3010
90551,200,50000,51
44291,200000,200000,14
159847,116,116,7
124107,300,938,17557
43491,300,300,887
194859,6521,6689,903
140347,180,180,239
33567,101,143,2742
203419,61650,61655,1169
85559,30,30,462
38883,6849,6850,21
58279,270,270,105
71855,60894,60895,30
41611,7500,19700,62
19767,4599,4942,3633
194691,119,119,17123
159467,49,1068,130
38903,127496,129798,16
40055,7825,7825,13
199195,2638,2720,342
193555,172098,579995,417
76095,77,999,1726
199987,3800,4618,422
71819,59868,79868,74
193227,5700,10585,5676
18223,62,480062,90
193387,200,200,5
9335,81,81,32
194695,590,590,27
162515,89,1400,28295
7099,100,100,30
31679,1700,1894,646
198289,551,551,29
29425,125,1200,8188
4461,1875,1875,1098
38809,195,195,74
8153,32500,99924,4912
40165,1600,1600,27
22445,165,176,5829
111441,200,400,664
3669,3,3,83
1705,84,96,51234
190533,24949,25085,781
15993,362,362,404
111601,439,498,3069
191505,4200,4200,102
6453,7,8,440
158849,1908,1908,12
173081,3555,7500,51
81197,2,2,51
21217,3,4,1536
44773,49,49,68
204237,1470,1877,218
77545,5007,5707,23
124117,14,3000,6089
12037,10,1981,24523
42701,1200,1800,7
54629,300,300,48
2605,3,3,2220
12209,995,995,71
204701,43500,45000,614
192917,19500,34998,56
182581,289,294,1682
90553,181,181,47
25409,40,40,150
192661,175,185,68
137269,46047,65000,329
133565,45,45,355
79249,133,170,369
119101,964,964,9
53049,167,181,529
38789,98,98,309
23769,28800,48900,1024
158821,140,140,52
201045,300,344,50
200681,1100,1100,22
204837,800,800,11
159849,750,750,161
210673,149895,149895,692
20865,42,44,674
124661,2906,2998,169
76685,3062,3063,90
133913,303,392,71
45189,23,23,39
153437,16,16,107
132237,44,45,155
179309,198,200,69
203409,55601,55699,885
64397,519999,779899,287
4377,200,200,6885
20545,277,277,65
182765,500000,500000,4
108977,11,11,267
13889,1599,3990,3066
194857,1124,1384,3051
38877,40082,98672,10
199189,100,100,57
161373,44,44,106
41805,750,1234,2147
4361,49,50,28
137249,53300,100000,175
76085,312,5999,654
74725,1000,1035,2195
158381,10,39,1058
21929,101,500,181
180057,500,1999,212
80313,187,187,8
139437,85826,100000,316
21225,63,63,74
192921,7844,8598,83
107469,24,24,58
5477,34,34,11
201469,18,2999,14919
151609,2495,2495,104
151565,1428,1998,60658
172361,70,474200,347
124461,1600,2000,7923
1181,50,99,66
136565,800,900,8
112277,396,400,20
38885,4000,4000,20
159869,999900,999900,26
53069,9,16,1198
40109,1600,7880,101
152557,79,295,176
200785,4649,4649,10
77529,99999,99999,17
2677,483,7500,18596
188761,3049,19999,1124
191501,8781,8783,3905
27437,69,2498,3721
109217,145,150,732
43341,1818,1818,1
199949,520,521,114
40149,5535,5535,34
19261,2000,2100,23
52289,27428,27429,43
43121,608,798,1500
191533,2516,6146,313
112157,7599,7899,604
191341,4388,5299,95169
173109,166,266,6745
36925,344,7599,485
2665,5,5,3196
194825,245,297,1527
43001,30,76,293
197849,118,118,173
112321,100,248,2459
108345,115,17200,343
107517,23,23,276
7081,8999,10595,1553
1477,4,99,1304
198501,600,661,4
76557,149,149,21
54449,399,22271,155
39982,900,900,17
60406,56,56,11
159786,7400,7498,129
97546,400,17200,425
112090,587,1999,1230
49110,60000,60000,68
162982,700000,750000,4
160398,8,11,7052
193962,250,284,213
42546,14,14,847
15414,4700,9900,1164
158378,52,98,130859
174322,3245,3245,5
200578,4200,4218,216
38998,50096,50096,15
173074,17555,17555,197
177062,975,975,68410
40202,249,800,135
118414,3800,9999,4452
13462,9,9,118
38990,1000,1000,23
171830,319,430,17601
200282,500000,597500,8
158750,50074,50074,3
23114,150,150,12
20882,50,100,71
90046,59400,59779,29
106870,30,30,570
6458,1,901,1240
15410,4500,5213,8404
128998,200,2000,51
36918,390,491,346
193242,5013,7113,6650
56550,47281,47284,114
112278,400,400,26
44618,390,426,42
86026,19,20,117
108346,488,17200,253
196582,409,409,329
41594,13718,13719,498
76682,233,233,47
21574,30,474,1086
158210,100,395,147
5634,1497,1597,377
168646,284,999,18988
52294,30067,300066,84
23826,17587,17587,13
163914,4000,4000,3
39358,223,223,10
68198,16,16,419
198422,64,64,151074
153630,798,839,24
39666,786,6581,717
76546,397,397,17
197794,15999,15999,29845
179270,129,229,6
8170,269,282,44229
153610,598,598,36
108362,11500,11500,22
22374,202300,202500,34
194786,2500,3316,302
38962,125,125,34
178178,200,200,1102
181246,5000,38151,14
6150,229801,259801,21
158466,1000,1000,37
45190,54,55,44
205794,3370,3594,599
128542,12470,12860,36
13466,1000,1350,5486
213182,9000,9450,10
37098,22,22,99
38830,10,19,85
10586,3813,5000,92
17222,4,4,213
205470,70,480070,611
109626,711,950,478
5134,733,733,15
76570,392,395,28
43118,3958,3958,543
193230,3200,3300,1659
153442,9899,10030,151
180410,800096,800096,7
43015,998,998,181
2723,1,3,205
205459,225,225,38
52779,1595,1596,16
41751,75,87,120
4787,6,6,122
62007,38500,38500,6
70139,55341,148900,28
67407,295,295,12
63291,375,375,35
1179,3,100,1385
76895,13532,13532,52
129003,1000,1000,168
18251,835,850,46
71807,20000,39859,72
43007,89,112,6838
16167,100,100,92
192955,39999,55000,90
76679,500,1500,31
33639,25,25,3
38303,50,50,220
176807,194,194,19
67319,2398,2398,21
33575,160,188,103
6359,294,863,12024
62239,147,147,112
3663,7,7,7
192651,188,188,29
155603,32,250000,279
62451,231,231,1
81175,8,8,17
108355,394,17200,671
4231,850,900,593
9315,974,86281,43
197775,1250,5000,6108
204823,1000,1000,89
723,2,17200,975
112179,64131,64131,41
161347,19,19,15
183963,424,424,48
153607,2580,2580,8
2863,10,10,159
192623,60,60,64
46379,369,4499,1075
7967,3898,7898,103
155635,34,34,229
205235,101,101,3
169451,1763,1763,3310
52131,4455,9955,13
204623,950000,950000,65
38943,298448,302931,44
173171,343,343,3714
189155,500000,500000,42
38787,20,22,164
162559,21,21,21
198239,570,575,145
4623,3800,3900,13
76559,196,197,27
163907,25000,25000,1
192943,155619,185621,101
20531,402,402,44
43851,10,480010,248
201203,850000,850000,4
129287,3580,3580,13
200795,753,753,98
108329,190,17200,710
72093,86,8900,5876
158377,259,270,81
200773,4244,4244,15
151721,191,237,11866
136557,112,112,20
71881,290065,290065,76
192885,307,368,53140
163701,102,499,67
14341,74,75,20638
15869,4,10,204
172069,13,100,1654
208189,470000,599990,453
133561,75,75,70
198193,1374,1924,4000
46849,80000,80000,29
76093,96,999,1598
193229,5999,6138,2971
40045,4018,5118,14
176853,38,38,145
36921,304,50007,1488
39209,80,80,155
23781,510,1999,2583
10561,3934,3934,490
158861,132,132,23
198233,10111,10500,285
173085,5555,10911,39
194969,183,744,247490
180457,3299,3399,336
172357,82,474200,175
6373,195,99992,195
133577,28,37,314
101745,4500,4500,25
172365,375,388,30
192697,2297,2297,20
44269,9783,9783,6
23445,3554,4080,7772
127837,704,799,218
5633,420,420,85
6261,3,3,4120
200633,240084,240084,6
158853,2215,2215,2
52769,2614,2829,6
14529,37,325,760
39201,2000,2595,5
128561,981,1031,21
38929,75,1050,489
58277,2999,10093,513
141333,1792,1792,109
31909,200000,594949,2
193029,800,800,122
3829,7500,8900,1537
76697,673,680,43
199997,590,591,907
27657,20,20,694
44157,538,542,23
89737,2084,2085,44
67749,1800,5153,1732
118901,190,4894,27
110653,3788,3796,337
198417,1100,1150,4352
38965,5054,13037,26
198237,198,199,70
40177,7950,7950,57
21881,115,17200,12694
79305,70045,999935,8
1017,1,1,680
52153,102,102,3
111449,13,13,1139
201205,1000,1000,13
198165,2646,2646,3924
44165,270,300,120
192925,26000,31856,2334
44145,630,980,33
173101,19555,500000,42
109153,1050,1450,665
193893,75,75,2401
38793,10,10,271
77101,15000,20000,224
58261,40,40,399
6041,4596,4596,83
36809,29,29,6
198217,2298,2573,1441
192853,991,1139,10326
199977,518,2090,709
137557,1530,1900,109
191369,9500,10025,364
62270,43,43,21
22826,49,89,68
23098,70,70,40
76626,7000,7599,44
14530,20,425,489
25898,89988,89989,34
136554,195,198,26
23438,300,312,84
58086,1670,2440,33
173082,5545,299900,93
38518,6433,6433,75
112182,2594,2594,222
23530,384699,384699,20
133562,80,80,51
3402,10,10,12
81202,10,10,57
172370,700,716,125
770,12921,15000,12
79302,20000,20000,13
76674,400,400,59
153478,8566,8566,62
168642,900,947,314
112286,1050,1250,27
134054,36801,36801,3
58258,11,11,25
19306,1,1,449
76078,349,7949,502
22854,1300,9999,190
142266,4,401,7405
62662,99,99,2624
200042,599,599,303
193946,79075,104075,518
199190,31186,31264,26
154886,13,999,635
31886,399,457,28
108294,1399,1400,224
180058,600,2999,292
205698,2500,2500,6
153434,125,552,25
200834,10099,10099,14
37094,30,423,93
136550,100,175,39
108302,100,349,937
130258,1069,1399,144
39210,79,180,75
200794,2321,2321,18
46026,89948,89949,5
76538,200,200,12
61986,200,399,159
141318,2000,2000,51
199054,18300,18867,171
140626,575,575,5
204370,10526,16993,8480
38822,121,123,108
36926,100,700,2536
74650,394,1999,918
130182,2241,2242,1211
16766,18,100,313
74646,398,1666,682
41266,4996,4996,1160
192926,25020,25022,9
210842,85,100,226
163906,9900,9900,12
176862,36,38,58
27934,18,18,6
20870,180,180,57
6042,2500,8000,95
76098,80,90,1258
32714,2,13,7
38782,15,15,558
200074,2350,3000,69568
90554,49598,49998,8
183738,75,21099,412
128550,64900,64900,27
74822,50,87,1097
130174,775,780,266
52766,45,50,18
25454,149,149,6
193410,175,175,10
79306,28016,28516,5
110682,9908,10459,41
27678,900,1893,22403
127838,1499,2350,246
168822,2423,69999,62380
200006,4400,10860,542
173070,16011,16111,146
83006,334,540,227
74662,10500,10500,277
205870,174,174,20
153510,7146,7146,18150
76526,100,150,85
186522,8446,50000,331
1222,190000,190000,20
192942,32600,32800,983
9334,199,199,25
200574,900,1100,9
139278,73206,73206,220
44614,99999,99999,19
110654,3855,3856,91
23110,2500,2500,6
194562,190,360,5404
45198,200,420,24
163606,29969,37569,4
151538,98807,110009,369
858,15,25,2187
28102,498,1999,737
192834,844,1267,13943
139338,46122,100000,187
85506,160,998,4824
172366,323,398,465
3382,40,48,190
12207,8,1800,23180
141527,45,45,118
188683,14500,14500,15
201219,1559,1559,10
34759,50,55,83
200827,155552,1000000,32
198299,100,100,40
13459,400,600,7
33631,5,5,96
21071,65,450,4631
90047,600,600,6
38803,25,25,217
4407,133,185,61
53039,30396,30396,3038
83763,14695,14700,45
90043,700,751,10
133579,4000,15000,562
155631,39,39,185
40179,2989,2989,78
36811,600,700,72
201419,420,728,269
6371,1759,2999,3788
35623,3325,4066,2842
179271,155,179,161
192979,7400,7538,513
133591,43,100,13906
192747,61,61,1997
163639,49933,65033,7
108391,1452,1454,50
41447,150,150,4
25463,1125,12000,4866
76611,3048,3048,3
52119,4128,4128,7
194803,7200,8600,129
2591,100,100,1
39691,14,20,40
128551,24893,25145,76
108979,168,168,40
113139,100000,100000,3
100739,5,1584295,907
2871,50,69,604
16023,3596,3997,162
136563,25,25,4
194015,35025,35025,93
98111,19,19,13
139375,10000,17337,89
179307,161,167,21
11371,13498,14997,1286
4603,1499,9999,4861
76139,900,1347,2932
118415,27212,27212,567
11415,14,17,104
43127,2500,9089,2759
3859,687,687,8000
82451,20,20,61
115511,4399,4399,46
23571,89900,89900,923
74707,55,56,88
153715,2000,7500,620
205871,2000,2000,3
71843,96897,149800,50
18255,149,187,526
39915,196,196,17
192617,86,87,460
128549,56454,57327,46
13453,4575,5999,543
3369,900,7500,4224
40173,6000,6000,92
62653,95,95,149
173073,12400,12400,202
62413,22,22,47
2749,12000,999900,9
136561,23,41,93
198209,291,698,359
204613,35000,50000,15
74653,79,4174,339
38909,1837,2044,53
213213,500,583,8
153625,2055,4055,17
163917,47000,47200,2
28421,400,2999,272
71805,269900,279008,147
194785,299898,299992,177
6297,300,400,22
27441,5,138,8
22833,25412,25412,121
5525,1,1,457
28101,73,73,74
52977,341,376,1859
77589,37,51,371
38997,708,709,22
35557,4000,42500,3324
41445,7256,7256,10
4601,35,480035,194
44449,291,291,10
31901,270,99976,586
128537,79,80,139
191393,375,437,10501
194009,900,900,1169
27425,8,2500,2126
158773,127,127,64
154881,80,999,2024
24061,200,200,17
5637,800,9000,10011
22825,200,1999,1016
122345,44,44,86
136597,12500,12501,12
200821,6093,6093,6
111589,110,129,78847
199969,2446,2751,585
111457,99,99,456
41381,774,784,94
97161,700,300000,56
41397,595,610,16
140189,19,22,78
204729,622,631,260
34053,300,17200,743
43009,35,142,12103
38873,36308,36309,1037
44453,519,535,39
63273,15,18,41
174285,100,230,25
32409,59907,59907,16
40141,1052,1052,22
11285,59900,59900,5072
176881,2000,3000,3
109145,599,4499,1001
194573,600,1907,397
173089,29222,29222,134
108309,2534,2534,84
168593,13220,13250,21
130905,2499,15000,2523
197789,189,216,44257
76513,454,458,49
133557,13,25,664
176865,80,80,119
56237,136601,136601,4
194813,2286,2423,406
42429,500,573,119
168193,360,10000,2197
163781,415,5999,1459
108305,484,591,960
38801,962,962,20
191861,4500,4500,44
43369,14990,15000,535
32221,711,748,143
76649,410,460,18
35565,999,999,1039
169145,69,69,35
158865,147,147,94
163133,1063,1063,34
34765,30,30,81
71853,98587,98589,62
158205,4,4,5422
171441,84,272,821
176089,135,135,18
76629,293,294,4
76537,493,493,21
43233,444414,444414,23
63305,737,1900,269
120293,100,400,87
71861,59280,59281,26
86073,199,200,35
52141,23990,23990,6
4365,1,1,340
198197,26225,47500,886
39005,299,485,42
32413,588,588,191
200801,2075,2075,41
5469,19,1800,5198
6361,2,66,18358
23765,99894,120094,14
13933,4,20004,128
25453,120,120,80
38869,1099,1900,10
173093,17500,17500,94
138977,1897,1897,38
132233,33,158267,252
38625,651,2585,630
71833,139987,139987,46
205417,14,14,9
2997,25,34,56173
139417,75000,100000,225
193953,1783,1783,1641
76673,100,100,45
44749,800,800,61
128793,8,19,129
193021,12222,12222,492
37101,80,80,91
20677,246,99947,506
132225,7395,7397,4
5829,9,9,40
207085,20099,25000,84
87577,291,375,363
201165,70,17535,2
52329,1705,1800,16681
44458,52,52,85
38838,525,588,101
113574,67,67,26
190330,1525,2660,84732
32218,389,389,53
108338,160,164,2062
38426,2249,2250,2066
76658,350,350,87
192962,21500,34900,37
193942,4040,4041,1102
199978,987,987,523
173870,2601,2601,2
199974,38581,38581,438
192978,113,5251,7658
211270,10600,10600,54
87242,94,95,486
151386,9900,9900,7
29534,79500,79590,16
128994,200,99975,283
39954,2488,2488,10
72162,60,2884,4805
1710,21,28,511
192690,495099,495099,31
27442,901,901,1
202314,1277,1277,15
4234,699,1072,41669
178226,25446,25446,23
41586,70000,70000,53
194578,4096,4576,4581
13930,11,11,154
75026,22,22,241
40106,738,738,8
174350,20,22,1285
36758,300,300,54
179018,819,819,73
127762,999500,999500,4
192650,174,175,25
117442,90,90,143
2454,39,100,1526
111674,299,369,22278
76542,1136,1136,19
127738,22795283,22795283,1
158818,2000,2092,13
52218,9926,9926,38
32194,461,681,698
55974,23,23,27
38874,3894,3894,26
168786,600,600,7
177026,375,375,27
146406,59900,59900,117
3182,18000,20000,2026
192898,399,400,371
19262,2600000,3599897,16
62518,23,68433,132
40070,291,1999,808
198502,5529,5700,312
153618,441,99900,23
192730,176,176,93
54442,900,900,63
139314,88257,100000,564
41434,500,500,10
207702,13349,15050,1457
76642,3500,3500,37
24066,200,200,11
162026,4400,15000,46
120274,5001,5001,5
205222,200,200,6
194694,198,199,202
40026,3276,3276,8
163150,749,749,89
151394,29999,29999,44
74850,350,602,7917
200770,24999,24999,16
108978,195,195,70
126934,335,535,316
192918,17000,19821,227
194870,2089,2089,8
4538,1,1,127
11942,17500,17500,15
163158,685,685,8
171290,540,1500,1131
11186,1,1,112
173130,1000,474200,152
191522,1253,1388,26423
180886,10033,10033,1
71878,24096,24097,29
178126,198,198,1
193450,10000,10000,2
163638,14681,20081,7
109155,589,594,1057
163143,326,2000,121
180059,1700,9629,104
198247,1299,1344,916
132199,295,295,145
38975,392,394,26
30475,274,274,10
27855,3,3,95
76591,13595,14897,5
23119,81,81,68
159899,100,500,532
173191,80,199,6184
158823,298,298,13
52231,938,938,24
163899,500000,500000,1
197847,100,100,49
168959,5000,5273730,35
113135,311133,333333,5
19703,2699,20025,4713
8151,200,200,30
28103,486,1999,979
81203,7,7,34
169139,472,472,4
10559,580,2014,138
153667,219,4942,162
74643,313,375,86
42999,1950,1950,95
62671,435,999,498
151391,820000,820000,31
44947,1250,1250,9
62663,300,1999,134
184283,500,1200,28
40147,12500,12500,154
194575,13845,13847,3526
77543,2272,5565,34
158871,25000,40000,9
38935,60163,60164,18
28363,1035,11635,393
28059,15,15,2
192695,1985,1985,392
52203,1569,1569,26
112291,5488,5489,23
152579,1048,2500,27906
194011,25099,25099,27
39927,200,200,6
132207,30035,30035,4
110635,477,125000,7
139311,99999,110000,326
56047,11,15,26
112271,12500,14299,26
201311,1340,1340,35
213035,5071,5071,7
76671,300,300,6
115355,55,55,96
107603,23,23,112
197795,18000,19000,1432
204839,8359,8359,7
38959,200,587,20
200027,61000,61000,1006
52755,2473,2473,26
139271,99887,99899,572
179279,801,801,10
19279,2227,2227,16
130183,2499,10089,4045
38999,8925,39512,13
62019,19809,19811,9
192655,178,5309,168
58091,125,200,403
80431,1620,1620,238
173759,111,111,122
3775,500,2000,32
38979,296,297,30
41479,609,609,4
153251,549900,600099,64
23575,19,100,169
13423,200,999,1124
158775,47,49,215
60579,2150,2199,11
5263,3,5,55
198283,14860,14860,458
163911,250030,250030,4
192671,185,185,8
13447,232,1234,655
128851,5000,20023,57
4387,139,139,44
31903,305,99942,395
5527,6,95,409
126935,3712,3712,58
39979,649999,649999,32
25867,29995,33391,247
213367,185,185,6
38371,25000,27500,19
20963,1131,1480,1829
76631,19999,28807,33
39671,925,954,75
198191,891,1313,28300
130175,395,565,243
19943,29000,39999,273
163077,30,30,201
18233,3635,3635,4
168501,1800,1800,59
60393,400,438,28
199973,4250,11932,194
93705,200,200,56
198309,9400,9400,371
7073,1,1,25
3401,2,102,19
79297,30000,30000,3
197753,260,17200,5566
115809,11975,12346,16
76581,10943,11053,21
52749,40,58,55
53065,2840,3000,3952
152561,77,85,172
147869,850,860,194
39317,38,39,6
200021,9000,9350,2141
62525,10089,10089,5
40001,3193,3194,15
154169,100,118,320
11185,50,98,413
86597,13053,13054,14
175965,223,223,1
7097,3,866,181
204845,1664,1664,6739
22641,359,360,50
39997,2531,2531,12
112293,300,500,17
76893,4590,4590,12
44465,485,485,9
13893,23940,111111,535
2321,1,3,26825
173041,3,474200,184
184281,184,900,24
173761,15,15,37
60405,23,23,13
177661,64,64,72
162557,44,45,25
182757,138800,138800,3
87885,9727,9897,846
190321,5600,6190,46977
41453,176,176,9
52129,120,145,9
153445,16752,48729,27
6529,135,1005,6499
120269,4999,42388,7
52757,65,65,88
76897,2500,2500,27
19701,100,19378,5629
210821,1455,1500,131
98117,198406,200006,31
39949,147,147,33
1177,25,500000,245
111453,19,20,1186
183597,9999,9999,9
133569,80,125,199
138285,1597,1599,23
178545,20,20,141
4541,8,8,69
168641,550,600,323
112285,1900,999999,21
74706,30,30,13
192746,180,480080,32
29578,15,15,2
76698,100,100000,15
52106,6143,6143,7
52166,4900,4900,30
213386,1100,1180,10
43466,125,150,54
177842,7500,7500,9
32718,29945,99945,368
38790,10,10,15
201698,500,878,1158
193554,60000,74625,244
62666,769,999,336
52206,16546,16546,56
128726,47500,49999,8
39774,800,800,1683
62006,8087,8087,13
183954,1000,1047,1677
12218,99,99,261
76678,3088,3088,56
204842,385,385,7
193246,8415,9000,2158
119022,331,400,73
197762,145,145,2834
200106,200,200,24
85570,4200,4200,73
28470,633,633,1
74718,335,338,58
200566,3265,4493,267
36794,98,98,23
60486,44,1297,345
40098,5105,5105,21
2070,1,1,21
35954,80,80,142
152494,25,250,3343
11406,2550,5999,303
192906,185,474200,122
60398,21,21,116
109138,208,208,8500
159846,461,461,9
41378,5083,5083,22
56046,1,480001,247
132510,9,796,246
12190,111,112,57
109122,3000,30000,19
190326,1280,1330,347318
35794,1567,1567,3669
167862,1909,1948,681
23786,149799,149897,120
5042,6,10,1772
191950,2359,2382,2085
77542,2599,2999,37
40038,813,10211,6
199946,9900,9900,120
28362,5076,5076,516
203862,7501,7501,1081
1702,24,4800024,58
172414,31,31,442
40014,427,427,28
52186,2300,2300,15040
39950,29949,29949,13
56034,99,99,17
139362,50000,145000,266
158778,119,119,97
101662,8000,8400,587
62414,53,53,35
33638,1000,1500,42
40166,1499,1500,86
161314,500,500,16
176854,3000,3500,26
52246,9444,9446,10
172046,16,16,513
178106,180,180,3
129018,70015,110000,385
193954,550,550,1119
191523,1700,1900,51
23111,2025,2025,14
182763,450000,450000,1
76527,169,169,15
38927,28000,28300,51
213387,212,212,6
38971,15,50,66
19975,19702,19702,17
107663,900051,900051,1
38779,1097,1097,25
128999,200,99914,84
38831,5898,5898,11
171287,600,1500,1104
76515,150,150,24
141319,1900,1900,50
23331,10000,12000,19
163155,470,800,55
77531,250,250,158
128011,195004,1288262,6
132515,548,748,82
179019,3496,3496,15
27499,39,39,78
38807,152,156,83
22823,2520,519995,469
36919,652,50000,2313
3171,500,500,31
68055,2000,2500,9
56503,1300,1450,57
32211,139,439,158
32851,104392,104392,107
35563,8,100,498
132223,265,265,32
200579,3900,3900,1671
29535,200078,435538,30
4599,2,3,23
112275,7489,7500,27
10839,30000,87797,3
52163,300,300,27
41119,3,4,1025
127735,999999999,999999999,1
4399,3,5,2621
16747,2500,2500,2
199051,1485,1500,46
187931,199465,199471,380
162551,13,1500,9
25435,25,25,30
52123,800,1000,12
76691,377,377,45
38947,85093,85096,32
40023,9870,16579,37
4391,950,950,12
189147,53000,55676,130
41511,293,495,6680
45987,1400,1400,5
110631,380,385,52
76647,6076,6076,70
192711,2145,2145,15
168419,4597,6000,300
23103,275,320,31
76083,171,7898,351
130903,2857,41599,1666
103795,3269,99970,19
37147,449,449,7
12655,777,778,15738
108359,2479,2529,407
44815,1900,2491,38
192719,2020,2020,16
163207,2000,2000,216
200787,1300,1390,115
38783,274,274,9
38875,4174,4873,83
76583,93586,93586,3
23827,7500,5273730,23
118631,499,499,240
198163,590,590,39
198431,1120,2500,44
173359,2435,2435,8
33451,6,506,36
76563,123,438,9
4879,950900,950900,2
163395,1200,1200,229
1175,4200,4200,6
200035,3871,5398,2355
24051,649,649,26
176867,400,400,4
2595,75,100,335
74647,338,339,116
179287,29,29,3
130179,2600,2600,498
27859,3,3,65
198403,199,850,30569
79283,40000,40000,7
40771,2900,2900,272
35691,300,300,71
3167,8,9,44
7191,1000,1000,1583
40067,98,98,63
108351,3210,3210,70
41427,7000,7000,65
90555,902,902,14
185483,2500,3000,7
18567,288,17200,427
191515,1724,4500,1393
210671,8700,8798,91
3931,3,3,9
40003,3200,3200,14
18631,4195,4198,303
71875,67292,67293,47
64395,69599,69599,32
76551,716,716,16
155811,399,500,205
76547,721,14475,22
44147,539,650,17
17747,8,8,12
192963,27500,32500,43
199055,2599,2999,604
127731,4495190,4495190,5
7067,147,359,5550
163019,99,15000,80
200031,14000,16064,4199
186975,7,12,275
159867,13,13,148
194751,699,735,2279
173059,150,200,14937
17303,140,140,410
33867,999,999,6
210451,277,277,5
147775,379,379,55
11939,1300,250000,32
89675,1229,1229,7
41395,9946,14046,33
112463,92,94,313
182119,390760,390760,5
128219,19,38,4
92055,26888701,26888701,12
205015,274000,278112,9
147119,98000,110000,417
94289,1685,1685,2410
74641,785,785,2596
38961,300,624,66
6037,265,421,20637
153441,397,400,133
159785,6100,10599,165
184553,3519,3519,1
40097,1998,1999,72
171829,180,222,22187
929,6,1175,2552
201725,1995,2000,1558
152641,3495,3495,455
151389,395,395,6
85585,423,424,711
32193,389,398,894
20709,23,24,287
76701,200,200,26
76565,189,190,19
200837,7500,7500,17
38881,12015,12016,11
128761,7,7,33
67277,332,1618,14
187825,35240,35240,51
23329,4,4,12
127681,125,150,4103
23785,6860,29999,869
24053,500,500,91
112297,8999,8999,18
44277,5814,5814,20
198241,800,800,160
40037,1050,1050,11
52205,4494,4494,55
5125,800,800,3
106889,127,127,98
41437,1009,18163,7
52785,8562,8563,39
67401,113,113,24
83065,21500,21500,11
39357,1638,1638,11
158745,131,131,105
23441,553,2219,171
204825,809,833,242
114001,5000,19900,9
132509,1500,1800,20
38845,587,4400,995
38913,7999,8000,28
186677,500079,500079,3
38949,11,25,172
192613,59,59,31
158201,4500,4500,1579
193053,75,999,288764
115353,31,100,92
3729,3,3,160
46377,239,5999,375
74721,224,297,10
3169,2,2,49
4097,10,10,40
71837,38503,38504,38
210841,95,499,383
8173,10,10,104
20869,90,90,93
52113,149,150,9
191949,20,20,2848
204973,2199,2499,4478
24449,10600,10600,323
40105,5518,5518,17
141641,6669,6669,36
158813,127,127,35
19221,75,110,356
38897,20,85,91
40041,5150,5150,96
52217,1400,294800,14
128545,7550,7958,55
40009,1485020,1485020,6
61989,7000,7000,10
20881,8,100,90
158765,4099,4099,7
199981,525,526,1460
204621,1500051,1500051,4
23381,30,35,19
71841,67941,67942,40
127761,429920,1008384,28
128993,2300,6278,27
132197,2250,2250,6
194737,594,700,260
172449,50000,52300,592
1645,23,23,1856
67281,36500,36500,3
201813,800,822,151
74705,1584,299800,31
60577,44,44,37
198265,11800,11800,734
187849,27575,30975,192
5137,101,101,42
5833,200,299,62
38373,6000,25000,38
41389,9485,9485,22
76585,5000,5080,7
2457,3200,3500,85
5997,4,10,283
3241,84,84,7
71829,70378,70379,42
43853,9,1109,790
5569,1004,1004,10
22853,3300,3300,163
142101,514,714,47
206969,16969,19100,283
16005,12122,12122,47
168793,29200,29400,16
144329,40708,499999,689
32717,29995,31195,48
52761,9376,9377,30
67337,942,942,4
197853,88,480089,2877
13445,2098,2999,256
141909,22643,22672,116
74661,9801,9801,112
21845,25500,36400,926
23113,478,478,91
110649,2599,2619,37
175069,222,222,54
76641,5525,5525,57
198261,107499,107500,349
52121,990,990,37
188685,5067,5067,2
76633,200,200,3
178537,9958,9958,3
32209,687,687,18
42433,219,298,269
76665,280,280,45
44493,6079,6079,60
52209,7198,7198,112
184341,669032,669033,25
52133,2584,2584,5
58489,3800,3800,204
198305,108,108,26
3181,4,4,25
34753,95,100,91
76609,35000,100125,6
172413,200,474200,173
38561,2285,2306,7538
63293,3524,3524,5
31905,2599,2999,24
175957,190,190,2
108357,3382,3383,57
8949,281,412,102
44757,69,199,26
72985,100,100,1164
29561,1037,1036337,25
22785,168,9500,4666
77541,8025,549800,20
31941,15000,20098,36
71877,36987,36989,19
67405,264,264,3
40125,2669,2669,51
108349,500,506,26
52773,700,700,25
111669,32,355,1778
173065,100,100,184
56477,50,350,194
19933,53,53,140
28053,42000,42600,3263
40769,12946,12947,1526
2581,1,20,7331
6049,200,200,519
22797,19796,19797,37
158869,150,150,5
39001,700,700,17
108361,12475,12475,91
33093,2924,2924,227
156525,647,879,522
83765,15855,40899,15
153665,65000,65000,4
52765,99,355,55
192097,105,120,71595
193557,2900,3700,1175
25414,2200,2200,2
59594,1500,32934,10
31898,2000,29925,498
162022,5300,5555,570
52338,5064,17900,13
205014,300000,319283,4
197758,22,22,478
38798,300,300,8
20418,99975,99975,6
32410,33398,33398,22
171274,397,400,420
33866,5999,5999,739
184090,1197,474200,227
21546,12000,12250,12
25430,140,140,12
52154,1660977,1660978,7
110634,87499,87500,11
157842,38,38,89
41382,15593,16993,20
191250,2000,3000,17
194846,690,690,15406
198278,1960,1960,11
52190,2592,50000,457
71854,31111,35555,49
38786,95,95,91
52302,4950,4999,96
32470,490,1000,315
39910,300,300,5
169446,637559,2045836,7
76634,446,525,9
194858,499,600,26237
198294,1400,1498,100
3478,59,59,3816
40078,2500,7875,219
22642,3000,6000,61
38862,460,460,18
2594,100,139,58
200034,5999,10050,2864
151542,99798,145000,259
52170,1200,1200,6
178518,3002,3002,1
173362,100,100,68
111454,13,13,1109
49602,1200,12500,498
201222,89,89,50
79314,7351,7425,9
6714,400,400,120
213034,2000,2000,2
198614,34998,35000,2643
213358,2000,2000,9
13454,746,855,76
32062,7500,8083,132
59478,27000,27500,26
129002,2596,2596,18
173762,300,300,52
42702,3009,3009,29
24510,115,2015,10
128314,19999,39999,2354
76138,950,1330,3601
90058,53,390000,31
52094,2392,2416,151
112298,400,199198,40
184682,5502,5502,112
56502,9495,9495,36
172503,700,1200,3
39567,20,30,19
17407,24,25,64
6051,3,16,800
81195,20,25,39
189151,1599,2000,1908
40119,600,600,27
195463,109,109,294
24039,538,538,9
22831,4498,4499,399
68047,990,1000,72
71867,121991,121992,41
4587,89,2089,12
3179,450,200054,26
77547,2277,2300,35
67403,77,96,6
193019,700,700,60
62003,14586,14586,8
39951,304,304,32
76695,299,299,30
163855,78,78,5
52743,110,110,107
34599,16,4965,401
200871,2516,2516,30
41467,181,181,7
189571,40003,66952,2
76555,165,165,6
38991,707,921,52
40115,3519,3519,78
198295,60000,60000,7
113263,50,188,11211
5363,201,50000,21
38767,10,24,1058
89739,150,190,25
200803,6008,6008,14
128547,3420,3420,41
40035,3,99,678
130215,189,189,136
203415,39000,299900,320
109219,700,800,381
40171,2800,2800,85
205471,200,200,3
172091,1500,1500,194
22527,3,269,217
213031,14207,14207,8
140351,138,238,124
130247,65000,65000,56
39967,113,113,9
109147,599,4499,1247
32715,39096,39096,566
194579,1500,1500,1342
195455,700,800,204
213195,250,250,3
136575,3565,3565,11
200047,100000,100000,188
194723,300,500,56
174351,140,166,230
52763,65,65,42
52143,1000,1000,2
24055,575,99900,50
45879,7500,8699,2
23939,300,300,39
172367,190,190,110
128715,80000,80000,10
173163,9900,50000,673
109599,10068,25600,503
87647,1123,2480,66
32423,130,132,740
163147,1500,1500,109
52211,1599,1716,60
52215,11729,11729,35
200451,500,500200,6
13443,200,200,137
5479,15,15,102
178175,229,229,6
204311,293,294,16
191327,4000,7000,20726
76571,3280,99980,20
140567,89181,89181,12
28595,228,247,68
38923,220020,220021,36
39219,500,700,15
6807,1,1,40
110619,223,223,31
172019,9922,9922,11
205171,1350043,1395043,4
88151,4500088,4500088,3
104343,1519,1519,44
68779,3651,18784,95
43011,49,1599,2088
62435,45,45,9
173067,29302,29302,292
27503,120,133,94
112299,1477,1478,12
138875,19,88,183
54291,55500,999900,5
40135,8495,8500,28
22459,398,400,174
40095,5518,5518,17
187887,132091,200000,240
59491,9900,10087,27
194071,3989,3989,18
17307,167,567,154
178539,982,982,4
108363,1268,1269,10
128763,2038,2038,54
100735,320598,326521,4
153443,10000,10000,25
108307,1000,1070,654
43231,444412,444412,22
40103,15000,15000,1
4655,21500,21500,22
188835,499,499,113
166419,331236,331236,3
76519,196,196,20
115807,132,132,26
163151,966,966,7
110645,2549,3400,132
186981,115,115,8
22861,1999,1999,342
34721,18,20,369
187829,54420,54420,57
201417,2332,2332,53
8957,11,20,70
128541,395,499,163
107461,109599,333399,29
59229,9822,39875,110
165017,1380,1380,91
76677,607,607,40
27661,100,100,118
39981,150,159,15
200797,39900,40000,24
76657,3000,3000,109
62669,476,999,489
54469,4705,17356,2
13365,2005,45224,2
130177,151,151,1011
200009,35098,37500,39
22845,1584,20479,86
173173,392,658,1517
81889,9819,9819,2
189145,799021,900028,139
153609,4200,4462,33
76533,143,143,35
151393,72600,116526,10
2325,8,8,152561
76509,100,153,50
174349,125,150,331
58085,2290,19999,514
132513,97442,97444,55
153613,428,828,21
62521,500,500,37
60853,122,122,384
128837,50,50,53
4873,401,401,17
128989,7353,7353,12
178177,5000,5000,7
163105,1500,1500,95
71809,15999,15999,51
39525,538,538,7
76645,400,400,48
110625,875,877,11
56205,10,10,12
140301,4686,4686,14
25425,12,12,31
198221,5940,9478,276
38857,400,503,49
52085,100,100,31
199985,9600,18100,4971
74717,323,324,69
38853,4018,4018,71
169449,300,300,337
172437,1600,1650,5404
136633,900,1075,7143
153617,389,175000,12
201193,92,92,4
44761,301,301,3
151585,2375,2375,40
108297,508,510,983
27857,5,5,34
170165,9944,9996,553
74649,5300,5500,305
23097,2200,4000,3
116149,723,999,752
153033,99997,145000,297
139389,120000,950000,3
109629,455,2054,421
38557,135,991,3054
213377,8864,8864,9
52213,1500,294800,20
191933,97,107,1204
179369,200,200,7
38898,445,445,11
86070,1485,1485,45
62790,123,175,500
4390,250,286,1341
42910,5555500,5555500,1
139270,99999,100000,329
168806,88,88,6
38910,997,998,18
17198,26,499873,232
41450,561518,561518,3
76690,300,656,18
39942,2250,2296,11
40142,3521,3521,76
4398,3016,3016,217
142262,400,400,49
3670,1492,1493,126
191326,47579,47579,1273
204442,400,400,57
25418,12,500000,170
201310,14850,24037,492
93706,357,358,14
38854,5701,20000,26
208746,79900,80000,27
172010,4750,50000,163
163098,2800,2800,119
38966,97,102,18
24338,3,3,107
151390,800,885,18
118898,1,4731,23
87530,15048,15048,9
44274,3023,3023,14
39002,549,819,26
54450,12508,12508,7
23118,175,175,179
76518,165,165,16
3010,553,553,3
38930,397,399,114
44470,400,1408,9
24030,1000,15556,28
97622,99,17200,429
191370,9731,9731,2488
204858,7000,7000,51
76610,13358,13358,14
194826,1964,2083,2782
38926,8573,8574,20
128838,1554,1554,52
176086,2498,2500,103
68358,35009,35009,38
41474,447810,447811,3
5206,500,500,46
128714,21697,21697,6
39966,99,99,24
27658,93,999,180
5374,9566,9566,14
71882,130381,130381,53
122346,159,159,28
44774,530,530,20
39527,570,631,25
43115,1902,15551,18
200791,4200,4300,45
83007,535,29554,253
39207,2595,2595,2
136555,1885,1885,26
19283,3788,3788,13
3727,435,435,21
52127,2310,2310,19
8391,87,87,9
52147,22760,22760,5
128731,143538,15000038,9
24519,75,75,105
111663,26,17200,674
76627,104472,104472,4
62391,443,443,27
41335,10728,10728,18
158759,1757,1757,10
163843,7774,7776,11
110639,1606,1606,42
132235,75000,75000,1
61999,54150,54150,3
110655,4500085,4500086,13
4791,2,2,30
6043,375,42257,16
28123,2300,2300,267
39959,2250,10902,11
76655,210000,210000,1
57067,4000000,4000000,4
32223,487,487,109
43647,8,192,1134
118015,4499,4499,26
192911,891,3060,1812
139315,96000,100000,638
787,1,1,144
39563,23950,24450,2
167043,1473,2000,225
32063,1588,1588,4
42931,28,28,31
38967,1197,1198,16
23787,86067,89970,163
39351,9342,9342,11
179283,54029,54029,4
35761,499,1406,91
205173,400000,670000,204
162981,500,480000,17
108325,100,350,1961
173053,20000,35000,82
79301,100064,100064,3
40013,1900,1931,7
30809,187,1023,48748
62661,25,25,103
62269,74,74,19
194809,499992,500095,236
2745,99922,99922,18
43125,70,600,4811
25901,471,475,41
117437,81,81,30
4593,3,5,231
2685,1500,1550,78
46765,497,497,34
52781,5070,5736,57
32201,175,175,65
38865,931,932,38
159873,5015,5015,20
191389,2300,2600,53546
19269,1398,1398,6
128721,55304,55304,3
193369,300,302,116428
182737,13,14,298
153629,300,300,6
194821,200,390,2359
136569,10000,19900,593
33449,10,10,64
163157,715,716,60
132517,17500,17500,25
45621,399,2999,350
192905,3713,3713,1229
116409,750,10000,1176
184393,270,270,10
42993,300,325,45
62529,11309,1811309,42
39513,25,25,36
40073,352,2999,1252
198293,560,860,183
183109,100099,100099,15
191509,28,28,72
62005,54852,54852,7
132185,3549,3549,13
89893,999,999,1252
52093,400,450,50
133589,224,250,185
3745,10000,299999,42
128853,19,19,108
52249,719,719,54
200113,24400,25045,54425
38837,2989,2989,333
1529,200,659,28688
128841,7500,7589,40
168637,7495,8473,330
117441,616,616,90
200029,61495,64098,961
112289,1500,2000,20
193237,13422,19724,2282
38925,7699,10215,62
90057,434,440000,106
52241,1500,1500,106
41337,35,35,91
31913,200000,200000,4
103797,507,507,270
204841,1500,1500,7
22837,3078,3078,20
114013,74,74,14
56517,785,7800,96
81205,34,34,75
28501,25,38,63
212765,65000,70000,6
127765,336294,336294,19
177025,275,275,31
112177,1149,1450,170
6445,5,5,10
169445,19914,22450,441
179273,368,368,10
25421,100,295,63
194761,2332,4595,5323
11385,75,75,3
171273,385,390,1790
205469,2500,2500,8
178133,43,43,25
152549,1722,1924,2707
24065,500,500,52
158777,7514,7514,2
25897,95000,95000,21
40025,14994,14996,21
163549,3591,3591,64
4585,7,7,44
213385,222,222,4
132193,72,390000,98
108365,600,600,19
192709,2846,2846,1
39905,199,199,12
159789,8799,16253,55
201313,10000,10000,356
192673,160,160,23
136549,100,198,21
200037,10000,18044,3653
124125,600,600,29
22525,3,3,64
144305,3458,4839,10
40113,3400,3400,177
204909,700000,700000,11
197749,49,100,59824
200053,59796,59796,266
52105,99,100,11
92049,27999301,27999301,8
111437,19,19,52
39349,94950,94950,9
131729,45,45,1195
168589,1400,1605,14893
31893,5000,99999,143
3033,4957,4958,1972
163053,19,19,46
74701,20,408,39
52173,1026,1026,3
43653,75000,75000,8
52293,8897,8897,27
109221,73,75,428
29565,14,14,18
76613,14157,14157,5
44281,1000040,1000040,4
59493,247500,250000,19
3177,500,979700,20
133573,13,13,152
33549,55,55,14
71817,119399,119399,66
68741,3599,3599,21
136573,750000,750000,1
188669,66,480066,217
38829,11,11,125
66945,1050402,1050453,2
197857,200,200,111
23529,303,2999,385
12213,71,71,39
151121,21677,21677,10
52021,10000,10000,1400
108301,16999,17200,523
62002,250000,250000,5
200822,1610,1610,49
76646,400,834,22
23354,5,5,19
158850,6000000,9000037,2
204622,480099,499999,57
192654,210,210,32
68786,30002,30002,13
192846,173,190,1474
132526,7499,7568,21
169130,41,41,60
35318,14995,14995,8
38466,3500,3500,70
160554,500,500,36
110646,2758,2797,88
76558,120,120,7
182710,99188,150241,2
175886,11,204,3121
87238,25,6272,314
192726,2128,2128,13
9206,2000,2000,297
20770,11,11,14
198238,7738,7738,213
205170,310000,310000,49
43326,6969,6969,3
52230,125025,125025,60
199646,648,648,5
76578,2800,2800,4
40090,1951,1951,5
24054,15000,15000,18
18230,100,100,34
2458,900,3000,104
76534,149,150,13
163018,5722,5722,147
16166,100,100,60
176870,160,160,1
19234,3750,18784,15
7098,2,480002,28
44958,3100,5999,2280
194122,25000,25000,15
28058,1203,1203,31
19282,2050,2088,10
192634,69,69,76
200846,844800,844800,150
39338,885,1086,2570
40162,4066,4066,21
4558,100,100,16
43694,90000,90000,4
169118,1871,1871,36
192938,23829,26284,2142
90146,193,530,1719
191382,1800,2800,70653
52090,6299,6299,9
176874,200,250,22
41486,20147,20147,4
130218,180,180,261
169138,41,41,35
44286,42503,44203,19
128738,267282,267282,3
130178,4050,4050,129
39958,2868,3043,22
40058,3840,3840,13
184394,10005,10255,2
200030,4082,9997,3001
3826,1428,5528,847
52746,100,100,49
128018,2499800,2499800,2
68134,3598,3599,99
38866,100,138,118
163094,2700,2700,9
175954,2737,2737,2
39562,1050,480050,154
199998,608,609,145
60390,300,300,13
56202,9900,9900,12
179278,99,99,45
38894,28408,28509,81
28118,5543,5543,180
24406,405690,627524,2
35758,421,587,167
184202,48,48,63
6826,11,11,13
38954,584,909,26
162558,79052,79552,43
102542,82,83,459
76506,108,108,18
204838,1800,2000,10
204826,1812,2280,1086
44574,1500,1705,181
76562,700,700,102
4602,3,4,64
194574,2238,2400,73
131746,3499,4800,240
18254,168,168,24
205462,3599,3599,5
184050,511002,511002,7
212774,225,225,6
159466,100,2500,244
193938,42400,44798,706
184346,74824,74825,16
18594,2190,2199,106
89326,25,25,15
41470,290,290,4
4374,120,120,48
178222,19,19,101
159919,72,73,75
158811,300,300,3
30155,96,96,125
199939,40000,51759,942
199975,19900,24816,384
163919,9000,9000,1
25447,800,800,7
20543,59009,59011,17
128843,1530,1530,97
199971,32499,40044,233
102351,150,250,183
158203,3000,3000,70
3387,800,800,19
38987,500,685,46
35759,150,15000,22
43695,146,146,21
204615,430000,430000,27
173079,5555,750000,37
29559,200,200,16
17403,1,4,1091
11403,200,298,52
138295,9994,9994,6
132239,402,402,12
93351,5010,5010,52
44315,400,400,75
39983,150,150,28
71879,307719,307719,189
198311,891,1380,669
71883,288676,320365,31
188827,12000,12000,25
11391,6,6,196
35315,13972,13972,37
36783,2375,29974,1624
177843,17500,17500,7
41495,493,493,4
3299,22,22,14
20007,9916,9916,189
52223,2994,2999,19
1703,4500000,4500000,11
11387,29622,29622,7
193391,168,168,12
39991,252,252,18
4539,6,480006,48
162111,7042691,7042691,3
39203,3257,3257,7
31867,100,100,58
5135,15,15,17
151123,38878,38878,9
59479,5000,5000,18
200039,6774,8174,3185
29579,14,14,4
44287,36753,36754,16
163075,90,90,107
110633,516,517,7
136653,22,22,328
44329,2998,2999,186
212761,2700,2799,11
31677,347,1853818,28
128741,39501,39501,6
85569,1506,7800,289
178113,40,40,31
57193,359,402,56
128729,427495,427497,4
38945,89,95,40
37921,209,263,5454
176869,45,67,61
52089,297,300,67
213029,3298,3299,7
153133,794,798,17
52985,2675,3075,4587
159845,1300,1300,20
4813,300,400,13
140629,1597,57434770,86
79313,25024,25024,3
163153,1400,1400,150
39469,1999,2322,1443
9261,4238,252119,18
179985,330,330,11
172017,520,520,71
7909,74,1518,2152
152897,1370,1371,141
76529,1212,1212,15
203865,9325,9613,371
200805,7065,8365,4
178225,550,550,50
128553,21815,21859,370
191873,114000,114000,99
192769,497,497,20
1701,6,6,49
192957,11500,12298,136
5133,100,150,22
180405,709,709,12
4233,992,992,7320
9357,999904,999904,1
38901,1061,1064,10
204829,8900,8900,974
3013,1000,2500,18
5329,145000,145000,4
24105,39,42,119
32833,299,299,15
38849,50,314,66
56049,90,100,7
128997,200,2400,15
205457,2879,2879,8
195457,590,600,253
71857,28645,28645,9
44265,30500,89582,10
192701,3100,3100,11
173129,2700,2800,624
20861,30,30,659
23101,162,162,34
76573,9000,9000,9
44457,250,450,46
158757,26458,26458,6
180309,2197,2198,10
12361,300,5500,14192
107393,161,175,6
173077,14888,14888,67
128017,8157205,8157205,3
113277,1140,1140,3
79285,27900,27900,6
180317,2500,20591,2214
11409,197,197,3
27501,18,20,62
6533,11,9897,310
45197,1596,1596,8
196585,1500,1797,573
176877,135,135,8
46361,9701,9701,6
6457,29,29,23
39909,750,9999,7
198045,1759,1851,7
213277,600,625,5
173361,180,180,11
200045,78000,78000,24
67397,20,20,25
162517,2300,4150,1382
76561,450,499,31
961,10,20,141
204565,7002,12029,12
4457,294,295,17
38797,170,185,136
153605,450,450,16
192653,182,182,6
40089,3599,3599,12
52137,2986,2986,2
58089,2975,3540,221
21226,150,169,36
212766,783,783,3
39978,225,225,18
200790,921,921,89
128742,150000,150000,8
132230,7400,7400,6
6038,27468,27469,43
192994,27200,31702,4844
22842,431,431,151
128734,332500,332500,4
1210,100,960,11369
45202,2500,4250,8
52238,1327,1327,23
38850,475,497,13
36910,9900,11524,798
192554,905,4500,1319
200802,1900,1900,61
162674,8500,8500,6
79298,100090,100090,7
162010,3500000,3750000,2
67438,2000,19999,130
23386,11,12,13
34762,3,4,78
115502,4009,17200,281
140286,5201,5201,29
17402,199,784,263
192722,2021,2521,4
107462,300,300,9
40102,6083,55563,28
158810,2212,2212,5
143750,80000,125000,210
108342,1500,2200,1572
198498,1000,2225,136
40122,7073,7073,118
43854,25,44,249
213039,7000,7000,10
76891,4986,4986,18
163083,18399,18399,18
158831,145,145,63
79255,624,2500,27886
81923,13,15,15
62675,700,700,91
198291,140000,140000,13
162011,49099,49999,9
200843,4372,4372,9
200107,130000,134075,8
74703,2490,2490,26
54619,10000,10000,3
38995,3805,5005,39
25895,20041,28041,10
58263,13,2569,813
120331,5500,5500,1
6947,1522,2222,24
30355,2507,2507,45
197851,250,250,328
187827,12200,12200,8
151387,9951,9951,3
38879,926,926,17
42431,99,99,29
779,100,100,3
52239,14997,14997,102
133607,18,95,52656
202315,1686,1686,2395
74851,165,17200,768
5567,20,20,1
21031,100,100,20
35503,150099,150099,12
74919,743,743,166
62527,574,574,14
136375,461,461,7
19275,2756,2756,6
76615,300,397,5
76599,491,491,5
163563,525,525,7
54747,2548,2548,18
9451,17,17,25
88491,999,999,708
112115,2465,2466,16
201209,680005,680005,1
213037,287,287,6
79289,28752,28752,5
200049,102500,102500,415
129029,70000,95000,475
31869,822,822,8
71849,111086,111086,55
9197,7595,7600,133
7101,101,101,35
52229,4853,4854,42
18225,89,89,8
105701,24240,24240,45
194801,469800,469812,44
71869,34760,34764,11
178173,162,162,5
205465,1950,1950,4
193565,46800,50000,3788
67289,200000,204709,2
183793,8899,8999,7
38269,1500,1500,2
153633,30001,30001,15
158797,6000,6000,3
25813,171,4800071,8
43005,500,500,39
179297,49933,49933,1
39961,1098526,1098526,1
4557,2483,2483,15
62001,124999,125000,5
56197,51,51,3
5373,3000,9017,2699
200581,3545,3545,614
11941,10000,10000,7
38921,8999,8999,12
194689,445,460,424
155813,400,500,201
185481,423,423,3
132229,1996,1997,10
40169,1500,1500,49
52297,25000,25000,17
32206,203,440,39
46390,12501,12501,8
76618,1450,1450,30
11394,19,19,104
111662,11,12,365
41462,2200,4900,5
52750,19,219,36
2750,999996,999996,13
44314,149,151,88
193894,4446,4755,542
76622,20094,20094,3
33782,100,100,13
33874,2475,2475,480
52758,50,250,82
55982,4,4,10
193226,7128,8861,1218
113290,500,565,16
4814,4,6,11
38890,50001,50002,9
52110,14568,14568,17
113278,970,970,7
19278,900,900,17
76590,99999,99999,1
136574,5060,5060,8
76886,3999,3999,15
38846,28,28,68
108354,1500,10000,161
39934,100,100,23
186726,415,415,36
32850,150000,150000,12
138290,1500,1500,24
23334,29,30,6
187842,1150,1150,1075
188670,23,480023,2867
40182,2000,294800,43
76510,5800,6067,40
52086,100,100,12
67506,509,509,3
81918,20,20,1
39914,376503,376503,4
13362,50,75,7
52298,2500,2500,50
115470,10000,10000,9
30510,18,31,2
188834,2276,2276,9
205866,2013,2013,4
63530,8,9,107
76606,186,186,21
158866,150,1550,19
200782,3000,3058,43
160518,19,19,80
62014,27962,29433,16
4582,12,100,16
60578,2112,2512,46
175970,112,200,17996
62786,896,897,871
128842,5000,5000,44
154706,2828,5999,2247
52174,16471,16471,2
39342,331,1297,6922
76894,3657,6557,42
25894,99999,99999,25
19938,9,9,5
162570,14419,14519,15
20866,269,269,9
213366,300,300,5
153626,549,549,20
80594,321,2500,133
158790,1586,1587,7
201182,250000,250000,4
137558,2200,2337,10
191514,18017,18017,164
39946,1000,1000,1
168506,195,199,154
111442,20,45,926
41398,10003,10003,8
115526,1001,1001,317
213194,258,258,4
30478,1545,1545,2
115806,145,152,22
6050,10,5273730,22
24274,154538,154539,24
23094,450,450,26
39218,44,44,67
44754,130,4800030,8
38794,150,150,26
13851,88,88,1097
192887,7600,10271,720
44619,799,856,89
92051,27888901,27888901,12
25899,29997,43320,9
44963,850,6198,84
39211,20,20,78
39919,100,100,94
192899,1500,1500,4304
120959,1170,1175,369
34767,75,75,35
71827,99362,99363,50
52155,194,194,2
179011,8142,8142,45
204995,291001,294051,22
56151,201,201,1
179275,400,400,4
20419,299932,299932,1
21023,1074,100004,1414
178227,50,84,67
128015,643537349,643537349,1
67507,82,82,2
151651,9912,20812,30
61983,68,68,55
4867,1359,1359,14
52299,43230,43230,16
44143,717,718,9
76575,7025,19999,7
52125,2186,2186,8
18045,5,1800,631
76625,1400,1425,2
169661,2002,2002,59
85501,19,20,92
38989,347,368,8
55985,5,4800005,15
39933,127,127,15
117,2,157,685
17405,304,304,105
62341,201,201,17
61981,563,1500,3574
185477,5000,5000,2
213033,2199,2250,10
200777,738,738,84
52777,1661,1661,21
202401,125,125,38
192953,55000,55872,34
39957,1209,1209,108
22457,14900,17020,2419
81917,801,801,1
90561,15000,15000,203
203413,40000,44897,113
20533,100,100,127
23105,584,584,27
36817,2044,2044,4
118681,203,205,26
105721,35468,35468,5
81921,177289,177289,40
44289,147500,200000,21
41481,152627,152627,9
25437,20,20,25
40145,5530,5530,17
4877,150001,150001,1
109625,198,1638,1024
67357,2501,2501,6
79293,37500,37500,5
74921,200,11831,26
4481,12,12,8
63317,10000,10000,10
30477,1500,1500,24
194829,1435,1440,9067
40077,4000,13255,46
130221,6000,6000,81
19281,37900,37945,9
32725,439,439,12
103789,100,100,4
33825,13116,13116,8
201317,991,999,46
76669,300,300,12
205693,1500,1500,221
44273,1176011,1176011,5
23385,1300,1300,20
24273,77427,77428,31
5473,25,25,17
198401,16798,16800,190
42741,9999976,9999976,1
205241,95,95,48
213041,200,2226,3
39945,109,109,14
18285,547,547,10
127733,8999700,8999700,1
38861,100,100,180
97621,891,900,115
37145,314,314,12
198313,2003270,2003270,7
23109,263,263,3
177841,17500,17500,3
171289,372,17200,947
113273,22000,22000,5
37201,200098,200099,23
111433,175,175,21
163637,12988,12988,1
56198,50002,50002,1
200766,2500,2500,13
172502,9900,9999,5
188682,200,200,282
52122,2351,2351,14
159878,1010,5492,23
198306,84575,140403,86
13546,866,867,4
10918,450,450,26
182766,169942,169942,1
166270,350,350,86
168654,15000,20100,1283
172146,3284,3284,3
138978,519,519,5
200806,1694,1694,33
52126,197,197,16
62658,40,999,882
201206,69901,69901,3
18234,399,399,8
41482,125,125,18
64394,6380,7300,81
38834,4928,4928,3
9154,54,100,617
44778,10000,10000,2
197770,17,117,7829
40086,6518,6518,8
160330,1999991,1999992,25
205466,170,480070,78
139175,1980,1980,307
137643,450,450,5
112279,880,1980,19
38911,100,100,44
46003,750001,750001,8
178535,1500,1500,3
205699,175,175,19
188795,1500045,2000045,7
138979,510,625,1597
1687,4,4,6
32199,520,525,725
162575,1431,1431,110
21227,1980,1980,4
192687,3200,3200,3
71823,99387,99388,48
36903,1300,1300,8033
52247,2633,2633,16
81919,476,545,42
122347,154,155,810
771,40,40,12
93707,23898,23899,3
76675,435,535,68
44327,2954,2999,292
172411,39,474200,115
4375,1060,25000,725
159871,1499900,1499900,70
158927,300,300,79
38919,7290,7291,27
192959,9099,10099,17
34831,550,550,2
62015,299650,299650,14
23095,95,23525,74
111675,68,68,1611
40111,3050,3050,89
71831,80072,80073,53
160611,150040,150040,9
41475,1121,1121,18
41439,1239,1239,11
79307,29900,29900,3
166583,19881,19882,199
52095,215,215,3
136547,665,700,10
2735,99999,99999,3
212771,200,200,5
178131,1500,1500,3
32215,220,389,219
204827,9800,9800,116
11395,30000,30000,1
168315,90000,90000,1019
144397,999908,999908,6
170173,81611,81611,177
68357,3064,3066,48
43645,500,500,3
52117,200,200,6
35501,249880,249884,34
44285,12988,12988,13
4757,11,11,1
41165,2415027,2415027,5
62237,199811,199811,22
52301,30820,30820,28
210445,48500,48500,2
205793,269,269,188
204313,98,98,1
38937,132,548,33
25445,15,25,14
191493,17239,17239,678
52161,4000,4000,2
62657,1260,1260,60
36917,125,135,630
201697,1215,1215,706
46001,6205,6205,3
183733,5495,5495,4
44497,2794,2794,29
74713,99,100,11
52222,4564,4564,56
62514,162,162,128
62274,200,222,7
57058,4093,143412,10
117470,651836,651836,5
65502,9500,9750,2
129286,4885,4885,35
200046,88293,88293,119
39006,1782,1782,102
41602,17532,20000,29
63274,1325,1325,4
5118,944,944,7
182718,296,296,3
32722,1590,1590,2
158754,2867,2867,1
192902,6925,6925,1221
22830,2498,2999,833
172902,100,100,53
52082,719,719,8
21222,21,21,86
9030,9899,9899,10
179014,845,845,3
184690,8900,8900,99
9187,1000,5999,939
52303,28290,30466,419
201191,450000,450000,2
27443,575,575,3
185479,200000,250000,15
4555,3,3,17
71859,53793,53794,55
128743,849723,849723,3
38819,554,554,10
119095,715,715,2
183207,200,200,1
128719,221563,221563,3
76079,479,999,1693
192663,167,167,11
10507,1175,1999,212
151431,23400,399999,14
130219,3000,3100,75
183599,5500,5500,14
52775,4566,4568,117
128835,1448,1448,36
155907,5800,5800,120
200855,989,2357,11
40127,10000,10000,33
4363,5,5,12
44267,22630,22630,5
5427,10003,10003,2
52235,294800,294800,14
40163,11530,11530,74
79303,14000,14000,15
58275,384,384,795
153603,10034,500000,27
118565,199999,199999,21
112185,50000,999999,366
41377,15000,15000,13
120333,608939110,608939110,4
55057,499,499,67
6293,89,90,5
39501,6914,7214,55
116405,2652,2652,191
130181,18999,18999,200
76517,463,463,39
127841,1100,1100,82
168797,290,295,4
179277,1722,1723,12
40057,4822,4822,14
13457,899,899,40
32685,35204,35204,56
13929,7391,7391,24
9333,22,22,50
165733,2400,4069,8
71873,31801,31801,23
201221,20087,20087,2
45201,250,250,2
39569,35,480035,6
24033,700,700,19
25893,99493,99493,30
128737,222559,222559,3
63694,144,144,26
46098,16394,16394,17
76586,4852,9999,6
22846,1334,6971,82
36810,16,2400016,10
136562,100,100,5
76522,166,166,46
120330,500000,500000,1
2738,20006,99906,9
38802,5228,5230,44
41490,1813,1813,1
179370,3670,3670,5
179310,141,142,19
153430,338,338,33
119098,362,362,5
71838,50940,50940,43
52250,5596,5608,6
192838,90,111,7274
201162,62850,62850,5
40150,789,3089,202
113274,995,995,8
109218,149,149,165
52242,4400,4400,12
163910,20066,20066,2
172934,130,964,9891
2682,15,15,57
183110,60060,60060,18
76654,481,481,73
199994,548,577,219
110618,198,298,23
197854,915,922,20
44290,296919,299918,33
9210,13283,13283,480
3390,2999,2999,103
13934,200,297,45
44066,45600,45600,2
39526,1474,1474,11
62770,157139,157139,1
174282,80,80,65
2734,99948,99948,14
185910,49500,49500,197
158830,7500,7500,1
43418,50000076,50000076,1
158794,210000,210000,1
1630,40091,40091,2
10514,53,54,77
5066,1034,1034,1
200818,4805,4805,20
35950,44,9000045,31
39222,59,59,42
4278,503,500004,340
158770,2297,2298,3
44154,745,175000,17
128546,5900,9723,32
194734,625,625,61
192714,401345289,401345289,2
52074,50094,50094,8
76530,140,140,14
71826,99387,99388,38
178130,2061,2061,8
25550,639358,905929,18
110626,475,475,81
193438,2700,2700,3
40010,1870,1870,65
19231,62927,499995,7
176391,264,264,4
89679,9644,9741,6
212763,1800,1800,13
35287,24995,24996,4
74651,1000,1000,68
4479,90,90,7
41451,162424,162424,11
38867,63,350,138
193943,67015,67015,197
8067,8781,8782,5187
187823,3590,30000,23
191323,3973,19800,452
188947,10092,10092,1
76635,191,191,5
213179,8000,8800,8
62771,80,80,8
9399,500001,500001,1471
22847,3960,5041,597
44571,478,478,9
20535,12,12,1
5435,9497,9497,33
34843,1425,1425,1
178223,19,19,5
181713,544,544,1
16169,5001,5001,82
52225,5500,5500,35
62009,108169,108219,3
178549,200000,200000,2
163921,1500,1500,3
76593,8172,8172,4
198505,3999,5017,329
192705,2198,2198,8
133981,45000,45000,5
32849,250023,250023,23
1697,68,68,13
88157,299951,299951,2
178125,54,54,5
90457,5000,44419,24
62017,69899,69899,11
205869,3243,3243,1
128713,70075,70075,4
23977,150008,150008,4
199057,5000,5531,58
44469,300,300,48
29581,282,282,6
44325,1605,2999,279
43521,38728,38728,4
153134,80000,87500,5
21718,4000,4000,203
192702,2000,2000,11
38810,10,24,78
25434,135,135,31
200814,4000,4000,19
38842,400,1000,13
163058,219,219,9
42414,9999976,9999976,3
192958,29300,30126,1938
81198,6120,6120,4
32598,2525,2525,67
88530,44413,44413,1
101630,5000,5000,46
38814,887,887,3
5370,100000,100000,1
200810,7356,7356,5
20074,405,405,86
10310,150,150,54
200634,41500,55777,325
44270,69300,69300,17
198550,1240,1256,2605
200050,376367,376367,5
11414,400,400,3
52102,200,400,21
38818,49,49,19
32222,119,419,107
40022,9540,9540,14
158758,2791,2791,1
140754,200,200,4
79290,9900,9900,8
199058,83500,83500,13
172358,199,474200,160
153706,6000,10000,683
31906,361,380,17
184342,207695,207695,21
184390,400,400,17
52778,7862,17453,9
56234,1684,1684,1
213374,200,200,5
11590,503,803,10
20542,19,121,7
213038,200,200,4
141446,1000,1199,24
43330,255000,402500,4
204234,400,400,16
12434,2999900,2999900,8
180383,25000,50000,4
39003,2178,2178,38
192707,2949,2949,2
24067,100,100,12
71847,30000,30000,19
28459,217,222,145
44087,81500,81500,1
187711,39500,39500,6
200783,3782,3782,24
182775,600000,835374,4
116147,800,850,946
142103,311,311,14
44771,38,38,7
19235,10000,25350,15
170491,11971,11971,3
5379,44854,44854,2
200807,7336,7336,9
192859,623,670,800
27635,62,62,47
34747,1299,1299,61
200831,8938,8938,25
62279,950,950,3
76879,3551,3551,16
62519,38,480038,50
29567,46,46,5
76579,2230,9999,6
52103,2200,2444,29
38785,32,32,44
169149,74,74,9
158857,1600,1600,4
69865,20000,35000,7
31889,118816,118816,5
213201,9800,9800,2
60377,47130310,47130310,1
192721,2500,2500,3
52169,8000,8000,2
18633,1201,1201,115
41485,795,795,3
192857,500,570,10466
23353,1100,1103,44
21177,666599,666599,139
19233,740,9999,17
32773,70001,70001,1
168789,174,999900,3
11393,9,480009,46
39685,68343543,68343543,1
176885,5000,9900,9
76621,9999,9999,4
128717,332405,332405,4
127734,999999999,999999999,1
212646,425,425,7
6890,19,19,6
54834,1,1,6
42430,200,200,18
81406,17,18,143
138294,4508,4508,26
115814,20040,65381,10
111434,299,300,262
159874,500,500,65
76614,6700,6745,5
192966,11076,12486,365
178538,18072,18072,2
38918,13998,13998,26
19726,6000000,6000000,14
5506,5000,5000,1
92054,29555401,29555401,11
21030,1025,1025,42
162666,24550000,24550000,2
25886,990,999,296
162110,9999914,9999914,3
136598,30000,30000,3
140627,5000,5000,5
116407,5000,5000,11
44279,346727,1254588,3
67323,200000,200000,1
40139,3668,3668,16
60491,370,385,14
71839,46881,46881,23
79287,9900,9900,5
195459,100,100,21
159879,150,150,12
54819,683997,683997,1
204567,25000,25000,110
174891,4569,4569,6
199991,577,577,182
153435,62,62,18
38963,399,1706,24
87831,999999999,999999999,1
193379,10099,26599,20537
112095,37857,37857,2
163651,7612,7612,6
58487,14600,15000,154
2295,22,480025,52
76511,1189,1189,31
38847,900,2490,48
60389,60,60,10
44765,227,227,1
192901,480,480,16
74729,246,246,10
182761,2421565,2421565,1
205461,235,235,7
23965,914,914,2
69841,92500,92880,2
30513,20,20,6
38769,97,98,37
198297,189999,189999,20
65501,2000,2000,1
192553,1000,2200,1901
29393,6670,6670,10
38821,900,5473,7
139345,49999900,49999900,5
173125,1389,1589,213
88162,40088,40088,13
44282,5445,5445,19
41446,1709,1709,5
133586,6667,6667,99
173874,130,480030,208
40118,9943,9943,143
117454,14519,14519,10
162554,100,100,11
178546,5000,5000,6
29570,247,247,32
63310,250,250,3
179006,67,67,1
76566,99850,99850,2
127730,999999990,999999990,2
21990,15,15,62
27662,445,445,67
163054,19,19,43
38986,150,199,14
71866,15999,15999,47
40034,9792,9795,19
28290,771637859,771637859,2
34822,43999,43999,1
201170,200000,200000,1
29574,16413,16413,10
124110,177,500,16212
34766,85,87,76
4426,109,109,206
11418,10,10,3
18262,5025,5025,201
29450,26,57,47
76686,100000,100000,5
178542,22,22,1
44266,339740,350000,4
13506,50066,50066,185
52142,4828,4828,4
116406,2500,2500,18
60378,201,201,5
62522,89,89,33
3726,9,10,16
10646,2500,4600,29
200778,40000,40000,11
44775,1530,1530,5
40011,942,942,9
178107,203,203,4
132219,799,799,15
37467,6552,9921,6
40091,1518,1518,4
45979,2166,2166,3
200571,4090,4090,14
180331,161007543,161007543,2
67335,12667,12794,1691
159791,300,300,35
27667,9,200,117
28463,987,987,1
44155,3706,3706,7
192723,2200,2200,4
85583,187,188,318
76535,124,124,8
134051,1999,1999,2
37253,599,599,122
134049,1000,7020,4
132525,139104,139104,5
158873,1887,1887,1
173877,150,150,9
43329,500,500,1
180329,240065,240065,1
61985,2465,2465,19
200577,977,1006,10
74709,40,63,32
128725,41452,41452,8
200569,1100,4400,76
41489,2205,2205,4
200533,150098,150098,6
71825,61365,61365,26
63025,4245,4245,5
176810,2200,2200,1
54830,1706,1706,9
79246,689972,689973,11
128014,999999999,999999999,1
162582,19,19,3
198254,499,499,984
66950,11100011,11100011,1
171346,900004,900004,1
101750,35000,35000,14
71834,55062,55062,18
77546,1565,1582,298
204834,9000,9000,7
163558,149000,149000,11
4874,80,4800080,31
52234,3286,3289,59
192862,1005,474200,278
5530,13116,13116,2
176855,200,200,17
29395,924,924,5
3391,2821,2821,138
3239,2,3,209
153631,5131,5131,21
179023,399,399,8
201207,996860,996860,1
61995,23220,23220,8
200619,28995,28995,8
41443,871,871,4
43123,2221,2221,51
63691,2045,2045,3
27659,1892,20000,66
128159,298262,298262,3
158327,450,450,17
71863,49814,49814,30
43235,783989,783989,1
205039,900000,950000,4214
197779,475,560,5032
198317,7500,9500,880
163897,19933,19933,5
193941,9999,9999,38
40213,900,966,39
36813,48,400025,63
117469,1178402,1178402,5
173049,500,500,40
61993,32899,32899,8
52109,104,9999,9
194577,5718,5949,284
32225,139,439,194
128013,33245107,33245107,1
101749,5000,5000,10
180885,999900,999900,3
1686,193750,193750,3
52134,397421,397421,2
176866,40,480040,38
127714,3999790,3999790,5
182762,5940,5940,1
201398,499,499,21
199938,7000,9477,32
10306,629,629,19
138382,1989,1989,4
179286,423,423,4
38706,50,50,27
92431,50000,50000,26
3671,1000,1092,15
38431,50005,50005,35
20527,52,145,140
179291,228961,228961,2
163783,3731,3731,77
63275,127,127,11
195359,200,200,15
139347,5141,5141,10
163707,248,275,57
132191,51272,51272,2
76607,24999,24999,2
45195,10,10,25
169115,7400,7400,15
200531,75,75,5
29111,1400000,2300077,3
198047,1960,1960,38
44275,14355,14355,9
60493,500,500,7
175053,274,274,13
52233,6047,6048,12
158801,1999,1999,3
169117,244536,244536,6
38833,13,44,857
29577,9971217,9999902,44
90557,998675,999337,2
45909,2507,2507,3
160989,3100,3100,398
60397,99,99,4
162029,6000,6000,280
200825,7496,7496,4
5117,45,45,1
201729,200000,200000,3
31885,30000,30038,4
44293,11645,11645,3
59477,43499,44000,29
43370,9999976,9999976,1
195462,387,387,17
44466,1066,2623,12
52114,2548,2548,3
128846,931,931,94
188790,1199,1199,21
82330,400,400,19
136566,163,163,3
198303,248602,248602,27
76539,100,100,5
192659,197,197,1
90659,222567,250000,23
13455,1275,1975,57
188779,2000,2000,1
5431,2003,2003,7
32599,24900,24900,6
178135,2700,2700,2
38799,18,18,14
45883,2500,23767,25
204991,23475,23475,15
32727,2500,2500,1
18287,1000,1000,19
192863,471,545,5579
44781,80,480080,101
183205,3799,3799,1
92053,26777901,26777901,9
162677,3900,3900,2
13757,1776,5999,945
34825,177691,177691,3
76617,295,295,7
158789,3030,3030,2
44769,38,38,2
162573,13,13,1
132182,900,907,3
86574,22222,33333,4
111450,366,367,663
147774,2594,2594,4
92050,224775,224775,2
200018,51000,58000,714
44146,342,3599,12
79238,800010,896560,2
172410,1176,474200,234
71846,149902,149903,25
39686,150000000,150000000,1
209034,12099,12099,5
132211,427,427,4
2947,999999999,999999999,1
38871,46820,47889,191
76523,21726810,21726812,16
113275,471,471,1
7071,1374,1374,295
46391,10001,14701,31
152543,145,240,3052
43103,2136,2200,1131
158855,3020,3020,4
105723,137685,137685,4
20763,89,89,19
39935,299,300,21
30511,600,600,2
178017,2998,3000,5
76885,12076,12076,10
5361,24999,24999,1
200817,2499,2499,44
158781,2110,2110,3
205221,2093,2093,5
28061,100001,100001,100
188789,149843,149843,6
199965,52500,52500,3
119102,995,995,4
162574,1431,1431,79
38350,502,502,7
36814,21,21,9
201166,650,650,1
180338,200032,404132,2
120270,500001,500001,3
128558,697,697,18
193030,1200,1200,136
5082,199997,399997,91
203411,9056,11854,13
158783,999955,999955,3
76887,9259,9259,16
62275,69,69,13
104339,29900,29900,4
52135,46159,46159,5
43463,28,144,458
36743,76,76,2
112111,9674,9674,4
23383,1,1,3
178787,11100,11500,629
67511,63,63,13
76531,133,134,9
22839,2970,5999,607
44779,24,24,15
53051,38,38,904
136571,250065,250065,2
52291,20046,20046,14
212647,30000,35000,7
152512,750,819,245844
76664,389,392,13
127848,10098,14999,409
89112,1100,2000,29319
192644,163,163,90
191460,12,13,115453
172052,7,7,82230
56516,2548,3182,9149
124120,1,25,97079
192936,10079,11880,29
210456,290000,398280,667
124108,26,131,25170
2924,47,298,4361
194684,122,122,1975
52148,450,450,10
133688,20,25,158
193256,12556,13599,16100
193360,2196801,2987400,555
197720,2800,2800,139
129028,73088,100000,223
197752,124,124,14042
23436,14155,14995,159
172096,1384,1500,7999
128840,18,18,59
38900,4917,44942,59
109128,100,500,99628
198192,1200,3599,2175
17056,1,3,50390
172936,150,297,4168
192636,45,59,8212
72988,20,100,61262
198216,60,599,2393
190328,550,1099,427927
52112,10035,10035,10
58260,2570,2570,150
127836,15,22,821
204828,1200,2337,487
13756,3500,4400,292
168592,17300,17326,46
3864,390,551,5852
152496,26,625,707
208188,220035,232735,111
8932,3,11,162
205468,167,167,11
4232,540,1645,2201
29460,4200,35000,5446
52328,1299,2000,42172
58256,7,7,307
133576,300,322,5861
15992,5,7,3265
71848,39412,149800,41
138728,13,50,24079
193940,47025,48411,3959
10592,399,415,467
8244,49900,75000,390
191464,109,210,111668
38856,270,270,73
154164,20,80,73790
109076,299,319,32680
206968,569,569,417
74848,125,1900,13989
111668,55,75,1432
158204,1999,2400,1394
173108,500,700,6583
171264,38,39,320
7076,19,1015,37281
197792,2425,2599,12560
108360,900,17200,61
201404,28500,88888,53111
192852,508,649,1681
199964,529,529,57
192868,368,372,16286
200036,2588,2695,3642
199956,500,511,378
187712,7,5007,149
192924,9800,18466,174
77468,689,999,1967
21576,200,500,3138
13468,50000,52500,246
193224,5394,15000,107439
192876,899,1300,1862
173128,3500,4095,741
76140,395,11099,3296
152576,10,27,3613718
19704,1000,20054,7650
191468,48,499,1023860
151564,2806,9900,56827
190312,3100,5120,9200
7068,4,100,41806
33444,5,5,342
191872,2518,2548,136
133680,233,237,7682
76888,5550,5850,26
197748,8,35,1997914
27516,2900,25000,238
20816,599,1000,1828
12208,1,85,30359
4364,4,22,13839
47556,652,8900,7205
74860,293,500,678
172232,88,987,160745
124444,1135,1266,2737
20404,240,999,53577
198160,486,590,549
154120,375,400,500
22572,3100,4200,1694
60388,22,22,122
34664,254,259,689
74856,2073,4399,2386
3928,19,73,1778
160484,355,2099,71
168188,1597,1598,925
173036,175,218,7570
43004,50,50,1612
204460,700,940,3484387
191320,13995,14494,6036
193924,220,299,666117
23112,105,6395,3501
193248,23175,27374,1054
172364,200,474200,170
40124,2000,2000,16
174348,99,100,235
34736,498,645,2165
192616,2015,2015,12
82344,96,100,69
38816,88,88,25
205700,68,68,816
32620,4824,5024,4439
199992,682,2089,606
199056,8596,9596,168
192672,168,168,85
109584,24900,26570,236
198504,360,600,129
191472,650,1514,146786
49908,700,732,1106
192652,165,165,63
201400,138,677,13121
22456,5100,5872,5274
32464,100,150,2570
191496,710,900,4105
34752,100,154,404
108348,249,17200,515
118008,3000,29700,33
192872,3,3,998873
152548,403,518,1644
3176,228974,228974,12
193244,9473,11100,15518
205464,179,179,18
172412,304,474200,191
191352,300,4500,2100
74840,395,5025,18077
19268,188,188,6
171840,6,98,78211
192840,594,633,4704
52100,5129,5129,12
44456,5,75,32
32228,15,2500,5904
109992,36,61,1520
8952,2,2,307
35952,84,84,93
194788,2475,4132,419
20424,1255,1360,1537
23440,1280,1658,288
19224,1,1,449
21884,30746,38750,5323
199188,344,344,65
194752,650,856,2202
158860,200,700,31
192880,25,48,722553
20520,12000,15800,1244
52340,34,100,1389
173124,700,734,76
32428,45,9999,9756
201428,5475,5500,223
27668,4,505,5501
52224,13802,13802,73
194796,3700,4797,424
30816,1,1,760
31884,300,338,29
194792,16700,19700,419
124440,244,800,34012
2772,538,625,8782
11404,122,122,10
22576,819,820,75929
12404,3,3,2985
124104,715,2500,37622
23572,160,178,5447
189152,15000,16660,208
181468,1298,1355,1071
112280,1406,1406,10
23576,15118,24722,19
6372,524,2081,3013
104120,6499,12500,665
172408,900,21099,73
113264,11,10029,26099
42780,31,913,111725
190324,17775,20000,59866
198492,420,497,892
4404,565,7500,3047
60576,25,30,328
73260,9,10,367
109156,534,1153,379
108332,140,250,5052
200944,2047,2047,111
32388,5245,5439,5545
34748,10,10,174
89868,3296,12500,243
199204,10,86,432
74844,78,100,45272
19300,1,1,1720
27860,4,4,246
200508,6754,7047,8665
192648,175,275,536
116172,4500,7904,372
2320,1,4,306644
52984,748,4000,21113
64392,17063,150050,1252
9332,99,99,65
24508,12,12,512
15872,3500,23199,109
187704,7,100,54101
124112,30,50,24283
197780,550,1000,81331
113588,540,2500,18155
180168,32,32,115
191348,872,2000,1426
129100,23,23,21038
199952,300,525,407
110624,940,944,45
6260,81,125,247410
169280,500,500,248
2456,38,40,749
153700,257,258,1489
199980,512,4779,27
129000,100,100,58
23424,1574,1700,18240
194864,15893,16205,7689
193952,247,249,4294
194732,2799,3599,143
43400,11021,12495,251
34068,34,100,28321
194572,5097,5419,3116
49084,7998,12500,814
44280,18792,18792,33
3820,375,1599,13624
153604,380,3593,34
200652,4599898,5000000,605
191324,697,1221,1105
192844,91,135,11008
29548,2999,4412,6956
198176,4857,4857,49
192948,28195,29900,1037
25416,287,287,206
7964,1,5,48
104316,9900,11399,3421
169152,38,38,98
22644,125,228,5162
138488,800,1400,13559
171292,1467,2668,2155
136708,15900,37748,417
199344,2229,2588,25621
87264,30000,39999,29
39356,359,360,23
191336,633,800,2637
109124,100,435,288664
44128,5711,9900,2508
142264,187,187,195
203408,42000,47702,242
173060,78,90,3878
17404,1,1,61
111656,15,17200,279
13760,799,9900,1494
58488,20800,20974,4827
41808,11,2500,1921
192628,80,80,119
175052,2099,5000,45
2304,1,10,4192
153512,600,1700,59
200860,427,430,31443
36916,2675,2698,9281
37704,383,485,3186
161344,102020,299800,1566
194824,45,50,5143
2604,13,100,119573
172068,13,13,448
197744,184,378,107152
38912,50,95,68
130172,593,2099,2162
34768,315,315,6
44940,9,10,615
40536,10,10,1316
14344,9,210,813305
39684,196,341,11917
192836,582,650,65456
36904,125,689,8077
194816,2274,2883,388
163784,13,13,154
59596,250,250,17
9260,25,1132,260
62784,160,187,84074
115504,100,130,13817
172368,1150,1550,185
7392,1724,1726,5999
58088,16927,17500,1102
192608,63,63,435
36924,300,99975,1402
155608,38,38,185
190396,57,89,696880
111456,13,13,1717
21592,34,85,655
3664,2,2,295
43852,50,50,292
199948,1242,1424,565
192848,178,248,54430
74864,460,700,1587
3388,90,90,256
36920,118,148,2313
19768,5580,39490,6711
112276,499,900,23
201468,1272,1272,76
14048,100,174,7456
19304,1,1,675
191504,53,113,297
201420,9999,9999,1826
24476,99,100,1796
194800,2290,2800,732
15408,4430,6683,5811
158828,22,22,23
12808,8427,10040,7304
17196,82,2499,3465
200772,1192,1192,47
169132,41,41,103
2592,9,10,152774
28100,45,50,343
40052,8100,15000,33
108344,285,300,372
171268,32,55,1586
1080,10,11,1481
200044,515,1299,509
72096,1099,1148,30056
110628,500,500,93
38804,206,206,101
198200,5203,6211,3427
112156,4097,4099,98
191332,10825,10999,5470
151580,950,950,62
75016,132,163,128
192932,35097,38122,2420
97620,198,354,1756
168956,11099,11731,83
23116,79,79,121
151720,7999,7999,3873
43464,270,300,198
151256,450,759,5621
199216,24234,26000,517
197764,378,794,128961
191372,871,879,3703
90660,300000,300000,45
154124,355,358,864
132204,25,499300,705
200032,7042,7742,7830
193964,800,800,6414
52988,700,733,39150
94288,70,149,583501
23448,34900,35000,1279
129288,2900,3000,152
153612,400,99900,58
2996,10,25,21198
30812,98,98,213
199996,515,525,2103
130176,262,262,306
173160,19900,50000,558
4556,26,26,26
173104,28588,39650,92
128648,19500,24747,340
177660,78,147,824
204836,425,450,9
63388,5017,8517,138
25700,1254,1762,15530
32836,510,510,77
64396,50085,50085,253
104344,15000,15000,23
60224,2074,2274,10414
128632,13,17,16879
133572,13,13,428
36928,449,5966,2750
44208,683,683,4
158188,924,1285,10318
113576,500,700,91
6532,5,9995,1050
194852,1100,1400,17971
128500,184,330,3508
22788,275,17200,157
199984,500,528,154
165016,174,196,305
81196,13,13,61
10940,81,100,144597
111664,211,230,79102
192968,70,225,1706
81412,13,13,343
173100,14000,15500,66
1708,1,100000,2043
201312,500,504,103
200004,888,71704,38
191364,1100,1244,23733
192972,200,3500,2528
177840,142000,142000,5
2836,4,11,8433
193384,182,480082,244
190536,29000,60119,592
2776,1700,1998,1885
147868,1999,4066,409
200852,6500,10000,44
153620,600,9799,32
158380,699,6999,170
33460,3,100,97
111452,14,14,1300
76548,100,100,11
191396,299,19800,5676
200224,42500,60810,4323
43012,76,1000,46208
4380,5,8,47
9144,100,132,516
207956,549,1000,1335
12820,7000,10500,1530
173088,22111,220000,79
107640,6500,99965,1885
59232,4999,6906,44
132184,20,20,146
17012,174,222,7845
172056,13,13,5564
23100,80,80,87
34056,25,38,71900
76612,299993,299993,12
24060,105,105,23
29452,25,100,482
16204,49,99,581456
76592,2298,5449,14
2740,999989,999989,11
191380,421,435,150532
115804,135,135,154
189156,28500,34415,290
25708,4899,8975,14467
192624,65,70,432
128304,149,181,45075
72104,47900,49999,1646
25456,12,12,53
118704,1974,2035,195
129284,3000,3500,11
168652,15700,16800,1544
194968,328,364,152569
82392,1,1,223
52096,200,200,9
213032,500,500,7
136556,18,18,6
129032,799,800,122200
193252,124,9999,143393
20860,30,30,892
198184,130,155,4767
106888,26,26,138
155600,3000,3000,17
194820,1900,1900,69295
163140,1628,1628,295
44768,30,30,3
39512,45,50,568
109140,30,44,110257
72120,25,100,388109
154884,400,400,3099
177040,19,19,388
201832,3844,3845,635
6712,249,250,141
136852,100,100,206
187700,2000,3300,25868
132212,32,32,203
108296,2504,2508,197
130192,2,2,99
53064,175,374,769
110656,4068,4070,171
171832,177,223,8400
43108,289,1223,6254
192916,295,4225,5061
4304,456,586,28779
52180,1800,5700,6797
191340,3498,3795,3492
36912,1150,1325,18834
12804,25,41,3101
38924,47731,153442,13
39520,17,300,286
191400,1400,19800,532
12184,14,100,26838
193956,27,235,6486
5524,400,534,737
197736,70013,80613,506
33452,5,480005,1462
3356,700,3000,5449
168960,1639,1639,55
13464,285,799,12196
76644,498,498,75
7100,18,18,12
115012,79,390000,21
190532,15500,15500,7266
76648,8098,8098,33
25440,14,14,1
210248,120,156,18058
118280,13,13,37
74248,261,303,42613
127732,5000075,289056975,3
194016,88800,104800,617
160400,11,1800,17302
194804,7500,8900,248
194124,810,841,80538
61980,61,350,13499
199940,481,515,185
24272,44119,44167,226
172920,98,250,295
198308,100,124,177
62780,90,93,1930
12216,53,99940,48
163208,31,31,12
43328,150000,150000,1
207088,19949,19950,1997
108340,24,67,4519
40068,150,7875,240
168216,100,1015,38324
193560,28525,28525,386
172092,39,100,99213
168796,516,516,9
52128,125,180,71
41604,30081,31482,28
202712,69,114,260
138292,13,17,614
162560,2088,10000,55
201820,576,576,184
5472,1,1,449
87872,689,1000,388
62276,99,225,6
7912,7,99,90848
4876,72,72,1
200824,300086,300086,20
191524,1461,1759,12432
83120,99998,99998,3
76568,197,198,62
173204,50,99,572252
201320,3851,3851,27
158848,22,22,24
108996,64,351,43860
109184,134,200,422
108324,15,79,10525
173072,14499,14499,186
23676,5,17200,1591
3860,599,928,8467
79868,39852,120000,807
4608,2,2,234
124640,495,695,31438
41812,143,2553,25148
210688,202,3033,1099
198256,121,149,202
200780,1149,1149,68
32576,1,1,34
13444,15,74,2557
28104,1999,1999,1364
25744,4207,4207,3038
201316,7600,7600,338
136544,200,348,47
88532,10,11,82
23380,1469,1469,18
137556,9500,9999,110
58268,13,1099,722
8836,169400,444444,1603
18640,500,9999,1393
193236,25000,29700,1108
116408,500,600,65
197768,6393,63493,1927
210244,10802,10802,11
41100,4583,4934,909
194008,853,1330,216
43572,12,265,1357
166344,13,999,1249
200056,450097,478095,162
168828,21875,69975,26709
194856,1850,1897,1376
110640,900,1493,27
192964,29400,32015,1577
60392,22,30,63
190316,1897,2100,263913
203652,5280,5289,2439
2880,1,2,14230
29740,1600,9912,3286
200768,999,999,53
109152,1373,1550,887
200820,1265,1265,73
38944,10075,10075,57
116428,15,20,143
36860,4000,4854,2744
190320,485,669,252822
74720,98,281,47
111672,35,1500,10272
200000,385,700,221
38876,9602,9602,30
2452,205,1200,56911
38844,210,210,57
27636,62,62,9
33568,250,361,5654
24056,1995,1995,8
193928,75,99,77245
151584,55000,55000,114
172360,23,474200,194
58264,200,500,299
22832,50,75,6815
171828,121,1000,31291
10620,33,200,155173
204092,82000,90000,294
76096,188,188,93
38836,368,368,9
2840,200,250,30144
52976,407,598,18141
9312,43,84046,481
19280,1400,2000,19
179020,285,285,34
20552,760,99995,541
191948,200,200,709
44144,347,385,24
192884,1068,1848,5212
192552,5700,5944,10117
3240,10,9900,162
173192,13,20,2226
152876,1333,6900,13849
34052,185,460,59834
109136,195,1420,19865
38964,200,200,20
9356,220035,300035,8
127840,125,153,220
43104,950,1399,4387
52720,2000,17200,555
194724,675,676,228
36812,178,197,725
39340,2345,2445,1594
12800,158,189,2278
213364,448,448,2
76652,499,499,40
133592,89,124,955
118472,1896,1897,3617
127004,110,130,8174
205684,4930,5799,948
76564,295,297,47
40000,1829,1829,17
36908,550,5048,3042
193936,30000,31100,4706
194692,400,400,128
158856,165,165,5
54836,1892,1892,3
139348,72402,100000,172
180884,7000,7500,4
77544,4165,4165,44
5128,4,5,6
205868,191,191,134
61992,200000,200000,6
38820,13594,13595,30
112160,1011,2419,21
187636,14949,22182,692
204860,7999,7999,411
76572,29999,29999,11
194756,14700,15000,4739
46376,291,4499,550
159468,396,400,463
39952,200,200,8
71808,21199,89998,667
63308,800,1600,421
115512,8852,8852,11
199960,490,500,309
204464,600000,790098,2747
76076,249,249,1336
104104,5989,5999,853
44716,1860,1860,16
171272,25,25,361
172008,3025,50000,346
199476,170,180,55
154888,59,200,629
63128,17500,18368,282
172048,14,513,2939
3340,11781,12000,101
41380,4341,4346,62
193564,100000,105000,2263
171276,11682,12146,1619
35948,8,12,277
168312,669,3999,407
2672,15,100,16551
19700,998,23086,5707
198220,1081,1299,812
193960,175,175,1075
37700,200,319,4965
85504,32,32,158
39220,35,39,156
82960,429,1888,263
192860,388,423,6467
210672,5998,5998,774
15412,321,369,11853
4600,199,399,102
200680,3700,3719,33
204972,150,150,3890
74656,82,85,314
172904,100,100,45
192896,222,245,750
168192,398,400,313
11188,25,35,310
17708,1562,5999,187
82300,150,200,347
111676,300,355,4716
80588,9812,12500,837
52236,2495,2496,24
52748,5995,5997,103
160092,50,95,188
77532,520,520,193
190380,9250,9899,2352
137188,71992,100000,262
23120,200,200,12
153036,144897,144899,379
198196,17920,33669,2156
163700,401,500,60
199052,13900,13990,153
194812,4099,4300,415
157844,35,35,376
52980,30299,79900,931
21536,1755,7777,3568
23768,98,99,555
153636,875,906,86333
8948,2,2,219
52776,6479,6730,56
151608,4658,18248,98
193216,357,2099,7633
23848,200,200,2
200788,1346,1346,69
62672,100,100,254
45060,2551,2759,21
132528,24997,24998,20
199988,3850,3887,351
198312,89900,89900,364
132752,4,5,146
22792,388,1500,12287
192956,9435,9435,91
39212,44,44,29
162012,2593,2594,43
130904,10350,10350,403
139036,91,100,685
166664,57972,57972,205
192700,3466,3466,2
203416,15050,19999,201
76700,2400,2400,188
2680,1,1,485
111652,93,300,10524
25432,20,20,1
198356,300,350,118
208212,10000,56900,5955
83764,14550,24500,38
18588,207,1450,71
194784,88,90,15967
19272,3500,4000,12
171352,400,474200,166
184308,5,5,200
61996,54999,54999,4
198280,3998,4000,647
198232,388,489,1292
200008,9000,9000,181
67388,775,798,28
173056,5313,5399,10395
158212,1100,1548,161
20848,32000,32468,16
198236,1054,1054,28
193208,168,319,102480
19264,3750,15988,19
7228,67,98,1603
143588,88998,100000,404
120328,7499,7499,6
108300,446,1500,909
9336,24,24,17
28464,400,400,11
192728,5400,5500,33
29292,74,74,8
3576,209,245,11531
193944,50000,50000,35
159756,141,141,29
1468,1,101,35951
136636,201,201,38
52772,210,220,196
38988,797,800,42
197776,74,125,4185
41444,1081,1081,7
85584,100,288,1010
199936,522,522,86
204996,220000,220000,332
36932,80,100,567
4604,1,1,87
87392,9373,12500,302
40088,2998,2998,7
109144,15,99,23102
175960,170,175,4
153628,799,799,18
14256,4351,20000,3717
25548,80000,80000,54
33448,61,75,1567
39568,118,118,10
2940,750,750,8
58148,5020,5521,141
4536,2,2,1480
79288,45600,45600,8
122348,86,86,44
108308,2909,2929,287
152640,1700,9999,439
32468,28,28,154
205460,65,65,138
132516,9024,9024,241
4880,38600002,38600002,1
109624,22,147,2412
3712,563,997,9299
41396,4533,4533,40
1520,197,198,144
168624,15068,299969,111
22836,50,50,190
139288,85020,87188,421
10560,1016,1016,144
204072,1500,1999,72447
57192,86,89,178
5136,1049,1049,60
159464,99,2500,690
128724,199998,199998,5
44760,195,195,11
52744,100,135,42
169300,69,100,101
45200,9,9,30
31944,2101,2101,9
192920,3890,3890,112
213384,281,281,4
43116,2900,2900,2300
38432,345193,500000,95
1180,9,85,117
198536,2951,5000,1468
20864,30,33,718
6452,100,119,432
76088,500,5999,833
193896,5746,6000,477
198260,399,399,222
163132,400,400,20
109132,128,900,10990
38852,77,389,204
38884,8041,8041,14
20876,75,90,129
23784,3897,3897,745
194760,4100,4279,619
173084,26500,36666,80
52240,14930,14932,54
104196,49962,61212,2
9060,10000,19985,1219
1696,19,24,25
8392,2166,2166,3
197784,2000,2100,3875
74852,199,200,865
2888,138,199,155
45768,9504,12500,573
130268,688,688,113
74636,97,99,79
37252,99,99,26
22824,1708,5500,1583
68784,66495,66498,35
198188,525,733,189037
94536,80,80,41
38928,273,275,81
119100,891,891,8
173172,497,19799,2074
53072,18,90,10790
183952,399,400,2918
153712,252,252,316
153704,250,290,1320
201408,2280,4531,389
192620,61,61,265
52132,384,384,6
173040,24,1024,281
7972,100,211,8184
31912,900,1976,287
166804,3495,3495,880
128984,508,14108,42
43432,50000002,50000002,1
177716,81,99,610
3828,4042,4042,76
197756,79,85,69497
211400,27313,27555,490
191516,5000,6200,6096
191520,1400,1400,2231
192992,28000,29000,3136
198224,1179,1383,1956
136596,4,4,100
52176,1150,1150,4
3180,7,7,101
39932,313,313,2
198620,9798,9799,227
200028,51896,52598,2268
62656,5,5,124
81204,28,28,6
201424,68,68,265
198240,519,640,354
200796,9800,9800,14
6456,3039,4039,34
119096,1600,1600,9
197760,58,100060,8393
40116,2632,2632,50
62268,35,35,75
28452,15,15,50
39004,80,80,41
162556,19,19,11
163192,100,2000,206
38520,10000,10000,2
112288,111009,175000,43
39516,58,61,7
62012,150011,367811,16
40048,4275,15000,34
49100,95001,95001,44
76676,100,200,39
179308,900,1100,5
160712,8,10,8634
188948,37500,37500,54
38864,642,681,23
193932,25790,25799,1093
175788,50,8900,390555
31672,313,313,702
52752,60,75,37
9172,6745,6748,648
199968,6400,6500,259
163052,93,93,105
39000,13114,13117,35
116812,450000,2499900,38
163076,150,150,116
177256,14,15,150
43488,225,420,338
129020,79900,79999,251
1288,25,70,9915
203412,30099,38800,192
108336,127,151,3590
153444,17044,17045,17
133940,188,190,1121
169332,98,140,458
19284,7850,7977,27
136856,1500,7522,76
191368,2000,3192,1204
52768,21,21,58
38904,4398,4398,15
13888,1099,9000,2279
22528,19,24,1589
173760,729,729,117
39900,391,396,57
112272,3900,4000,69
38800,2183,2183,14
46368,464,464,1
21840,51,470,18645
200828,2370,2370,15
2324,1,4,145023
12432,70055,70055,21
8172,297,367,5193
200836,1244,1244,101
191384,323,7632,6469
188164,109999,110000,238
124116,9991,12489,8940
184392,295,300,11
173080,5555,499900,111
38880,12804,12804,59
40076,2275,2799,619
9264,3041,19999,115
205172,137500,240000,80
127844,55,55,142
3824,1375,2000,149
11284,399952,400052,14
114836,19,500000,2596
191500,4593,4595,603
83156,5,5,256
17304,160,474,412
38372,1400,1530,24
35836,1035,1035,4
74716,46,49,47
5996,1750,2314,310
5504,400,3303,11568
179372,500,555,19
38968,30,30,36
41456,111023,111023,6
115808,150,151,36
109220,95,95,520
3220,5,10,258
159140,119,119,46
192664,195,195,6
200848,2197,2197,27
58280,1999,1999,466
205224,30000,30000,42
49884,3741,3741,19
128768,871,999,5046
168792,1870,2200,11
38888,1100,1199,32
184100,9899,9899,679
187884,135090,200000,195
109148,585,1980,983
194012,42000,81299,610
35720,125,200,500
77264,20000,20000,10
153708,1896,1899,188
159788,9500,9500,135
87580,350,350,291
151444,2998,2998,11
158796,2000,2000,4
200816,2255,2260,43
76524,463,5131,12
52756,59,59,70
41440,102071,102071,8
127764,240500,1582100,14
190452,1279,1280,35473
21224,70,70,45
89888,789,999,913
44268,31949,31949,9
174328,500,5500,5787
184096,13577,13577,359
76092,73,75,1996
193020,800,900,240
87888,3120,7599,420
132224,250000,250000,1
63304,148,1848,404
2608,150,150,4
128764,933,5000,36
200052,315000,315009,43
5428,471,471,21
97624,451,510,124
22452,1014,1016,17873
41400,7325,7329,52
52156,5000,5099,7
52244,1460,294800,34
128980,9896,9898,20
76884,4394,4394,22
38920,3969,4830,51
12644,20,21,10841
113992,1058,2160,128
158808,1000,887900,888
192720,2100,2162,23
67348,2285,2285,18
41584,999900,999900,1002
118592,1433,1433,3
173360,80,80,66
74700,29,30,62
76504,300,300,6
200800,500,600,160
20528,125,125,125
43480,24500,24900,78
200572,1098,1179,142
30820,14,14,6
71836,220047,220047,39
52760,9000,10737,65
24268,34,34,40
128540,60,60,867
15564,10,11,168
76132,2500,85000,2189
44284,44625,44625,17
38824,100,161,49
191360,1397,1545,151
2732,10587,252461,20
89328,297,400,2020
40072,299,8075,115
22376,112842,112842,112
118632,497,497,174
59228,453,453,65
192668,205,205,13
109120,5000,44444,35
34760,5,5,21
118576,23,24,855
42500,150,150,14
27676,15,15,135
38936,45016,1682100,6
21716,2000,2000,347
12360,34716,34720,5968
81408,14,15,13
194576,26510,27010,70
3404,1188,9000,2251
137644,799900,899950,2
190388,500,5000,980
141908,17999,18000,74
198420,230,235,6608
213196,1900,1900,11
24032,760,760,7
33052,100,182,186
7676,95,118,7162
35624,1000,3500,4269
172040,182,571,2655
32600,10000,18985,16
154128,445,450,201
6316,2375,2500,56
168812,1500,1880,3
85568,120,7830,301
16040,5571,45000,92
191388,2638,2638,11971
198508,5087,5246,178
173092,7700,28159,50
179992,99,99,55
38792,25,25,39
173048,53867,53867,72
158936,400,400,4
38788,199,199,25
192940,241238,241238,8
89512,17333,17433,11
71832,60176,60176,16
114016,248,248,142
159920,120,120,89
23736,50,50,793
175924,10985,49900,33
133588,13,13,1886
11940,4875,4875,53
158760,123,123,57
44292,11000,11435,6
74252,123,17200,1088
124436,477,677,385
152812,12000,31228,587
44764,224,224,4
189148,1000,5000,1163
6888,1,1,165
87240,73,74,47
191940,3522,3529,3785
28284,190,198,47
163224,505,4499,1055
163388,1100,1100,45
34764,124,125,128
108328,119,144,2239
128848,270,270,11
152508,200,599,41095
79292,19900,19900,2
128544,10512,12770,30
163156,800,2000,129
140276,25,25,253
201180,2500,2500,1
76684,299,300,31
40152,4999,6925,62
204568,39906,39906,25
76576,299950,299950,1
141640,3511,3511,67
106868,198,198,14
38992,780,780,207
88492,2371,2371,3
38932,3898,3898,18
52188,325,360,3124
67404,100,7855,538
198304,133,133,24
191512,600,1035,894
32720,79900,79900,973
210452,90,99,20
38860,45,9999,230
76540,100,100,21
52204,9073,15000,43
4400,48,48,2276
62016,643474,643474,5
20008,575,79995,394
192632,75,75,16
40100,6500,6500,32
24368,6600,6625,9467
76628,12800,12800,6
176852,130,130,5
108352,500,500,104
192944,19800,23000,90
173032,7,7,14712
155812,360,500,144
11184,10,17,627
39912,898,898,47
19440,20,20,61
198496,6500,7312,558
204708,385000,747011,37
192960,79400,79400,5
58480,59598,59599,2360
11392,13,15,163
128740,496374,509436,4
43652,7,7,464
132524,37995,39994,17
4360,1,1,589
6308,96,110,21669
200568,1500,1850,49
171288,300,17200,977
68140,25,25,151
86432,334,340,74
80592,199,517,1205
128996,200,64295,167
139436,97783,100000,250
44780,71,480071,297
40180,1600,1600,50
151388,7498,7499,7
76668,300,350,68
76688,875,875,30
74704,2887,2889,24
76084,1300,5999,413
200832,518,518,72
79284,30000,30000,5
137288,63595,80000,201
188792,735,735,17
22448,100,17200,518
1476,70,70,17
20004,5049,6049,1107
153624,552,100776,18
180732,3,6,49841
40164,4998,8987,73
3168,1095691,1839836,84
16000,90,94,1145
45628,45,53,44
153608,2089,99900,19
58276,4999,4999,46
28056,1563,1563,2840
176392,388,390,13
130264,385,385,276
41376,14998,14998,20
142336,30,72,14997
31896,1395,99999,224
38872,17199,34853,38
45932,541,999970,58
53068,775,5075,22137
213368,795,795,3
89680,2093,2093,99
13932,5,2125987,40
199060,4540,9900,140
192904,393,474200,134
27500,67,175,190
67444,7166,7166,8
52168,310,310,56
151540,95098,108917,991
213360,8185,8185,2
71872,59862,59863,40
44288,33350,34650,13
52196,64400,199900,1794
152544,65,65,2213
43696,39,39,46
4480,2,2,38
21844,950,972,4585
200808,545,545,120
76656,677,677,13
38868,13001,13001,21
187348,30000,30000,16
40044,9998,15000,37
111444,20,20,1036
92056,440000,465600,17
130248,65055,69478,87
1712,5,92,45
56204,31,32,33
116268,820,890,557
52192,3898,24413,2128
192976,2900,2900,1575
34440,500,1199,213
130216,175,175,84
4392,8514,8514,19
201192,15000,15000,9
38780,300,300,43
180992,1066,1066,3
17032,49557,49807,150
5376,7900,8000,4
23756,4,5,80
38940,41591,45935,29
136560,29900,29900,6
38960,10,15,99
153632,396,396,18
156624,1403761,1403761,3
5784,10,450,5588
163136,500,757,79
192704,2500,2500,6
21024,293,1334,1191
81200,10,10,132
24036,6875,6876,17
40112,5994,5994,165
25412,261,261,24
43492,150,322,39
32220,500,500,63
141320,2000,2000,20
175056,500,500,12
41476,329997,329997,6
132200,647,647,22
11384,2,2,7
56196,634,634,10
109160,637,4499,1057
134860,344,339995,70
159848,295,295,44
178252,300,300,74
40216,2019,2019,3
90044,494,495,25
39916,128098,128098,6
63396,79,80,263
4580,72525,75625,10
52088,3997,3997,29
32716,19996,79996,355
49300,10000,21650,2
62668,998,999,760
4588,39669,39669,7
25868,135000,138999,82
186704,250,250,90
153664,10000,20000,93
62676,192,2051,158
199972,20000,21500,80
194688,800,900,364
76636,100,100,47
12204,75,7560,1600
36784,12500,12560,63
41432,75,75,9
173168,425,462,3108
6048,388,500,173
32200,318,1000,288
152564,2185,2185,180
101748,5000,5000,6
21752,98,98,3215
5500,825,884,2048
62680,883,999,565
176872,150,480050,94
112296,4950,4950,33
163580,300098,300099,3
38772,49,150,105
173076,13200,17500,135
168640,1100,1100,799
52220,500,500,12
167548,2000,2000,80
136548,45,94,27
8956,2000,5328,955
2728,999906,999906,21
7072,60096,69899,15
114008,30,30,9
112292,9799,175000,51
28420,235,235,52
52164,638,638,18
20872,90,90,68
41436,311,345,4
58092,520,1159,614
71720,44500,44600,20
180348,319265,319265,1
43120,4500,4998,3550
140668,3188,3188,40
74724,3059,3097,11
71876,89981,89984,54
184624,35000,35000,62
204308,80,80,16
153440,89,90,231
200576,4350,4350,3225
44332,599,8545,202
32596,19050,19050,13
71844,92643,92645,41
169456,2642,4974,1123
191376,347,500,1783
2684,30,5273730,41
187812,17125,17125,32
200840,37500,40000,15
169220,1997,1998,380
44328,1117,1125,232
168412,17300,21000,571
108920,2,2,189
112284,747,747,16
163548,500,500,57
21072,1,1,355
179300,12500,17500,3
139352,75000,125000,149
213040,3400,3500,18
201216,11900,11900,18
62328,10,10,42
41164,1044714,1044714,5
193552,35900,40496,207
40212,200,200,68
97512,396,10000,722
168448,18144,18245,138
10840,6500,6500,2
52780,6272,6467,10
4340,1,45,9961
11416,10000,11049,8
76640,3199,3199,90
76896,2500,2500,7
11040,48,48,40
152560,160,5999,433
153668,1899,1930,187
76532,100,100,15
2460,2927,3093,1163
41800,5900,25000,4959
158832,21099,21099,4
22460,2394,2394,6
119324,1761,1837,241
110620,1513,160869,6
3676,5,5,86
128548,115000,115000,58
187796,1232,1500,204
185968,345434,345434,3
18224,75,480075,1083
39944,517830,517830,2
33872,1003,1003,15
162516,380,380,34
72092,568,590,54642
153476,600,675,530
20544,862,862,27
40008,3298,3298,24
163692,1100,1463,34
198208,136,137,309
212764,4290,4290,8
38948,4713,4713,15
82328,25,390000,149
197856,1000,1000,590
88156,150038,423503,6
128836,441,441,5
38768,19,20,290
158756,2000,2000,3
9308,100,380,833
52084,519,520,17
44500,169928,169928,6
106824,22,22,109
93208,10000,44900,23
112684,35,35,86
197788,220,527,14163
89676,999924,999924,1
200040,6550,19950,4253
198416,1100,1100,13199
174352,276,276,680
170164,11682,11918,235
132220,32,32,1
39948,187,187,18
192660,25000,99966,7
20868,75,75,50
168636,6747,6757,378
198412,599,599,3753
161348,499,500,22
38896,12979,12979,29
197772,10094,10094,501
81924,5500,5500,110
41976,189,189,34
171436,29,30,1606
11584,1122,1122,10
23984,1,1,1581
43268,100,100,63
180880,699933,699933,1
39996,8518,8518,28
104108,475,475,1513
31892,7499,99969,308
212648,199,199,9
168500,7099,9897,832
15416,1200,2107,1379
10308,50,50,26
176868,45,45,39
76556,149,150,27
171196,2148,2500,1022
33632,25,25,16
18236,1500,1500,6
158868,52599,52599,16
81920,100,100,13
67280,11000,11475,2
176088,5000,5000,7
116276,105,337,477
76692,2400,3177,161
56160,500011,500011,1
39976,100,100,11
23976,1000,150000,10
19260,1879,1884,26
180404,297,300,5
116392,79998,80000,105
76552,100,100,12
74712,28,120,42
4460,6,6,13
4872,25083,25083,2
23104,80,80,84
132232,685,685,13
37160,349,175000,22
4236,14300,14300,1221
136568,2500,2500,2
3448,800,800,39
43124,775,776,1912
65512,9500,10000,25
76680,8000,15000,91
25444,114,114,13
12224,99,99,92
40128,2695,3632,57
98116,126,126,26
41480,853828,853828,3
194580,1700,5500,757
161128,1598,1599,234
59480,14932,14932,25
38848,1000,11495,122
18232,6000,6500,508
29412,2209,2210,193
33824,4990,6044,82
87560,245,575,127
76580,1084,1094,9
58084,522,1999,793
9224,6466,6466,62
3012,41,41,63
52152,5999,5999,3
153616,6625,89900,77
76624,8342,8342,6
172044,15,15,109
192096,100,119,337970
4424,71,79,72
79300,19899,19899,3
32728,4929,4929,5
76080,500,7899,448
140568,1500,50000,10
178216,1000,1000,13
68660,3000000,3000000,1
171428,2574,2913,9175
207040,810,810,6863
37156,75050,75050,12
192856,775,785,301
62660,30,30,138
42428,102,175,78
30476,1000,119500,50
54448,9900,9900,13
128992,2499,7149,36
130180,4461,4461,1195
4384,10,10,206
12364,160,199,2084
108364,17198,17198,36
200616,17552,17553,798
5124,2,2,93
191508,3785,3785,7
191476,600,950,61800
41492,5000,5000,9
154168,6000,6000,1208
74728,2071,2071,156
132192,263,263,9
52764,85,90,82
201164,15000,15000,5
113276,484898,487450,16
166288,285000,285000,13
186684,5092,5792,45
178136,35,35,96
168788,519,519,11
170168,30630,30630,238
114056,99,999900,2474
204700,29040,29735,1789
212688,190,190,4
128312,1200000,1200000,10
158740,180,180,95
86592,649889,649889,38
178228,1000,1000,10
8152,85,89,8
90556,9900,25000,3
195456,565,565,261
212768,7000,7500,3
196584,999,1422,75
117452,400,400,27
193228,9500,45099,5920
56036,430,430,69
38828,161,162,10
20452,1499,2999,423
200792,9500,9500,16
4592,1,1,426
191256,400,588,389
201188,500096,500096,1
192928,28091,35490,903
213044,380,380,6
40360,9900,50000,50
45188,18,18,29
76512,164,164,17
55056,9900,9900,17
74660,105,188,1192
38840,2499,5941,33
140188,165,175,41
6304,49999,49999,7
71860,100033,100033,33
130220,8900,8900,41
123956,5000,6500,84
34756,100,100,12
81404,55,55,38
4596,52499,52499,3
112300,1595,3796,12
52292,10543,10543,21
87232,164558,164558,53
180060,13000,14621,157
39956,290,290,12
200476,178,178,92
178108,265501,265501,24
40040,3785,3785,14
192952,52500,62695,499
40120,4550,4550,53
82444,1800,10000,30
22840,5000,5999,662
76560,2999,19999,35
20540,20907,20907,24
5368,200,200,7
205472,22052,22052,3
155636,39,39,74
52784,7538,8396,6
128844,129,129,33
69772,195483,195483,13
168596,15445,15615,429
35128,324899,325000,172
34832,200,200,7184
23108,94,94,12
7080,8699,22498,22954
132240,12952,12952,13
87764,999,999,707
174104,1846489,1846489,13
128560,999,1000,18
87648,715,720,401
127760,380000,380000,9
71820,97345,97349,57
192656,200,200,5
18512,141994,250000,29
52120,124,124,5
33048,134,297,119
76536,100,100,11
132216,900,900,2
158820,1978,1978,2
38808,161,169,185
17020,50004,50004,266
56052,8061,8061,1
38972,5818,5818,163
38796,235,238,52
1688,13,13,7
27856,5,30,113
62272,40,67,5
44464,10000,10000,2
205872,3300,3300,3
200304,1727,1727,27
140628,16180,16180,9
153480,8360,13955,66
62664,999,999,323
44260,58877,58877,5
29536,49939,242230,22
76136,315,396,2778
13928,1974,1999,169
192912,4573,4573,1204
23384,180,180,12
112164,8701,8701,86
179296,900,900,7
37140,7135,10000,21
2892,931,7631,44
23528,1146,1500,23
29448,55,60,23
38812,15,16,27
76892,2500,3395,11
40160,5416,5416,75
25896,70841,70841,19
153192,330,1999,201
118428,24,63068,52
52124,7562,7562,13
52108,4968,4968,15
40016,855,855,11
24048,360,400,30
107472,149,149,11
188672,8500,8500,7
76632,3446,3446,3
13452,4950,9999,396
178224,400,600,27
3164,29597,29597,32
136552,219,219,2
17408,55,55,13
45056,6244,6244,44
212772,9940,9940,16
7096,18,18,11
38376,400,37648,64
127720,12841726,12841726,1
52172,599,599,7
128720,50000,50000,4
68780,14000,15000,34
205692,2000,2000,310
165692,26323,26323,204
187836,11198,11198,19
162116,3239387,3239387,1
3300,1170,1500000,46
198296,298,5000,173
18300,243600,243600,1
35760,439,144870,16
116148,999,999,919
20532,113,113,6
158844,2985,2985,2
61984,2990,3290,113
192708,2050,2050,5
62520,100,100,121
25428,14,14,44
195360,100,100,13
163912,60033,60033,1
110632,746,746,37
39980,310,310,6
29560,499,499,26
179276,48369,48369,32
87244,447,447,47
113108,300,300,18
126936,2815,2815,54
213184,1800,1800,4
37092,22,71,125
2748,5098,5099,3
160328,18710,18710,7
76604,2562,19999,7
182760,6400065,6400065,1
168232,49991,49991,14
71840,89502,89505,75
144304,3459,3459,75
127368,20000,20000,3
77540,2478,2478,12
44272,6861,6861,22
194736,700,700,34
76588,4519,4519,3
122344,40,41,38
192712,1959,2428,6
52144,1870,1870,1
39908,130,130,15
200264,215001,225076,29
29112,380,400,13
163152,2008,2008,23
44752,100,110,138
128436,1000,38000,17
55984,98,2098,126
77272,995,995,126
198292,668,669,19
15420,23200,23200,63
9088,11500,11500,25
114004,189,1700000,13
44756,30,169,23
133568,331,331,106
201184,125000,125000,7
54620,9900,9900,7
201416,2199,2250,19
10512,1899,1999,1974
62000,150070,156871,10
192724,2200,2200,4
158864,127,127,22
194680,670,670,632
213380,6930,6930,9
87236,94,94,20
8544,99,100,219
177028,4500,4500,25
109628,99,17200,275
2596,201,500,350
38984,898,899,8
194868,2599,2999,36
115352,99829,99829,95
110652,3333,3931,84
71868,63573,63574,47
52248,5999,6491,24
191944,75,145,7108
32212,129,429,88
63316,20001,20001,3
162572,2362,2362,121
187888,135049,200000,231
159868,1209,1209,10
52116,8987,8987,8
38976,318,588,28
52104,100,2235,4
76600,4800,99999,4
169116,2500,2500,1
18944,1299,1299,14
179368,475,475,16
6444,3,3,10
40168,6000,6000,52
52212,11866,11866,81
180412,405,405,14
169660,2002,2002,214
200844,4400,4400,2
174284,525,525,63
111436,19,4093950,55
76528,100,100,3
74832,464,500,484
71856,25989,149800,67
40144,5597,5597,23
76672,722,722,56
41484,500,500,5
31868,225,250,27
58144,19950,19999,160
4852,50000,50000,19
193556,19800,19897,338
4544,26,4800026,112
27660,311,1010,54
76520,151,225,59
76608,69984,69984,4
201724,999954,999954,2
29568,20238,20238,1
159792,44,99,109
204840,98901,100001,14
8364,20,20,91
71880,292648,292649,69
24028,850,850,18
197852,1736,1736,302
128552,25343,25345,84
34220,199999,199999,20
208748,400099,400099,128
44076,4000,4000,3
68196,9999801,9999801,4
25436,15,15,5
76660,777,777,68
16168,525,525,24
5476,3382954,3382954,52
57060,80000,80000,1
74648,1500,1980,554
117568,9650,9650,41
163908,14933,14933,2
163056,500,500,9
113140,960844,960844,4
38980,329,329,20
192688,21800,22000,27
162664,100000,100000,1
112180,3033,3033,28
76544,100,100,19
39984,513,513,1
39968,299,299,8
38908,901,901,31
138980,594,594,1
205016,629999,649999,34
74708,213,222,5
180088,291,390,17
83092,2199900,2199900,21
193420,8000,8000,2
63312,49085664,49085664,4
19236,3435,3435,3
194808,8070,8082,164
52232,1661,1661,16
181388,465,469,20
32948,44990,44991,119
112184,1950099,1950099,6
193468,90000,90098,20
79304,200000,200000,1
44936,122962,122962,13
25652,41778,41779,10
71828,89923,89924,17
108304,4400,5600,17
193368,450,497,5224
198300,48352,49848,207
8928,527252,527252,1
200048,89910,107999,223
200020,40049,45049,891
104348,111220,111220,5
41452,1741,1741,3
117440,532,601,190
108356,499,499,237
158744,1450,1714,6
79296,390016,390016,12
59496,198000,200000,3
82448,12,24,13
13460,14509,14509,3
115812,29870,29870,9
69840,968,968,8
45912,150051,150051,1
90548,4998,4999,6
176860,1700,1700,4
178132,198,198,7
52136,5000,5000,2
200856,37379,37379,24
5048,2,3,82
198212,3400,3463,1339
61988,20000,20000,3
71824,70735,70736,16
5140,90099,90099,57
27664,80,80,13
39360,50,50,5
79312,30064,30064,3
128716,110000,110000,3
155620,20000,20000,3
158752,201,480001,27
32852,220818,220818,4
176864,90,90,11
29580,94,94,16
120168,19,19,195
4428,8,8,3
194768,6599,15042,13648
20384,12000,12000,289
40032,1019,4318,5
196540,1311,1311,275
56968,399,399,1
44156,675,675,9
12436,11049999,11049999,12
192692,3033,3033,1
4540,10,400012,174
39992,2879,2879,4
108980,33,33,10
87228,50,50,95
128744,185055,185055,2
4776,100,100,2
63296,176114,176114,17
24072,100,100,19
45880,2716,2716,8
104340,74354,74354,92
32068,1999,1999,438
187936,134541,200000,188
113912,15,15,1
63348,2000,2000,15
127736,999999999,999999999,1
92052,30199501,30199501,10
39524,669,700,8
213216,200,200,2
22828,383,4499,436
31916,2567,9167,12
176876,150,150,10
188684,2986,2986,4
52160,925,925,7
2744,99923,99923,2
41496,135680,135680,2
198436,1520,1536,56
2512,5000,5000,755
162552,2431,2431,73
38260,250,250,6
30512,25000,25000,1
76696,2000,2999,131
76508,241,243,19
3728,300,300,11
81916,2284,2284,2
179284,29,29,1
127716,1599904,1599904,3
194568,2350,3550,524
115464,7000001,7000001,3
191532,41595,41596,8
192908,1536,3499,1553
10548,2800,2800,2
185476,962,962,8
41464,113,113,4
201220,500009,500009,1
151392,3499,3499,2
52140,428,428,1
11444,22,249,201
151124,10000,10000,19
90552,10072,10072,6
46000,483223,483223,3
57064,5008,5008,1
140204,11266,11266,7
172416,99,474200,118
76620,970000,984999,2
192716,37500,37500,1
105708,42425,42425,5
6296,600,600,2
190936,7528,7528,13
54632,7673813,7673813,5
36816,40,40,3
24276,60640,60640,18
13456,1100,1110,22
52300,31738,31738,13
28468,12552,12552,26
27656,242970,242970,1
10648,9774,9775,36
127712,538986,2906358,2
136564,85,89100,61
67304,1424,1424,1
12212,3,3,61
152296,2000,2000,1
178104,65,71,3
4552,13175,13175,6
213212,200,200,2
74652,296,296,19
38832,1104,1105,6
29564,500,500,26
200024,747,747,624
41488,444,444,15
169956,1999800,1999800,5
68356,522,522,18
52208,2293,2293,114
179288,500000,500000,1
19232,500000,500000,6
200532,242,242,6
62652,500,500,237
117472,6633,6633,23
39204,499615620,499615620,2
2516,4890000,4890000,50
38776,200,200,12
159900,19,19,65
210444,105166,105166,1
128988,99600,99600,39
71864,20064,27514,26
56236,4401,4401,4
163904,33,33,3
200804,2500,2500,60
3776,32068327,32068327,1
128732,146698,146698,2
213180,274,274,3
200784,5840,5840,17
52228,4524,4524,4
158872,75,100,5
191328,11499,11500,4988
18237,25,25,3
183955,1038,1038,6880
3175,12139,12139,2
193945,2000,59978,3221
213361,200,200,2
192919,42978,42978,319
13461,1100,1100,26
39223,38,38,5
192693,3088,3088,1
33803,9999999,9999999,1
192961,41900,41900,683
192935,44066,44066,695
140753,1200,1500,9
171278,24395,24400,1219
198268,3400,3655,255
54633,1496118,1496118,1
192689,7252,7252,3
22529,212,212,5
9358,9900,9900,3
192929,7689,49100000,6
128985,500,11824,51
198535,4351,4351,29
13364,500,500,5
117474,19,19,15
117473,375,375,15
63692,102,102,23
76598,29203,73890,5
133893,710,710,15
205115,283500,283500,18
192945,52000,474200,1536
6306,9099,9549,2
187648,49100000,49100000,2
213045,10000,10000,6
41466,413,413,1
18227,8540,8540,11
42465,9999902,9999902,1
40914,9999976,9999976,1
182715,100000,100000,1
45783,9999902,9999902,1
42743,9999902,9999902,1
40897,9999976,9999976,1
110638,3087,3087,12
197793,4099,5000,58349
30509,1291841,1291841,2
42960,9999902,9999902,1
199976,2749,2749,799
198316,90000,90000,32
52296,27428,27428,31
205244,724309,724309,3
52774,10833,10834,54
42462,9999976,9999976,1
188762,5289,5396,13
190235,1123904,1123904,40
25431,15,15,7
204992,30000,30000,773
198259,400000,400000,2
128158,700429154,700429154,1
22834,1000,8807,29
158819,2584,2584,2
55973,3,3,1
76587,1049,1054,4
52216,14084,14084,29
31918,279000,279000,6
31888,100076,672782,4
71845,75036,75036,12
31900,64900,70000,8
71858,35033,35034,14
105705,19911,19911,29
27651,4,4,5
184051,488817,500017,7
184049,190000,250000,6
198210,639,639,10
198213,4900,4900,30
162112,434643553,434643553,1
204709,499900,500000,11
192965,49100000,49100000,1
199944,3000,3000,22
119097,901,901,1
168791,3,3,3
52158,9806,9806,2
39940,900,900,4
119157,120000000,120000000,5
31866,200,200,21
52157,43226,43226,4
140631,1749,1749,4
140299,14979,14979,24
141208,3480,3480,14
153567,49538,50038,5
13935,88,135,47
41461,113,113,6
76616,2500,2999,4
52214,33468,33468,116
27729,999911,999911,2
4784,50,51,149
200565,2787,2787,14
151610,27500,27500,202
128839,125,125,66
10305,81228,81228,2
162113,50000000,524999999,2
29576,11,11,1
187211,55041297,55041297,8
40053,3500,4000,3
201194,8500,8500,2
184201,385,385,34
62651,58,100,24
198506,3836,3836,5
5631,395,400,874
118902,200,220,12
42545,100,100,3
16170,122,122,23
213388,200,200,3
40215,855,855,6
63272,501,501,3
24232,1004,1004,2
33092,908,908,2
178541,19,19,1
205237,299901,299901,3
57066,513,513,6
76623,1425,1425,1
147776,2300,2300,33
42458,883324,883324,1
188760,1600,480000,14
191864,5907,5907,5
184344,154669301,154669301,10
184343,1446616,1446616,10
184347,6408792,6408792,13
12431,5001,5001,7
211810,1000,1000,28
44776,100,100,3
56241,1700,1700,1
188681,4800064,4800064,38
38429,475537,475537,27
38428,50099,50099,42
38430,50044,50044,45
184345,150080185,150080185,14
178134,420,420,3
3771,2,480001,653
176393,2422,2422,1
25443,116,116,3
201319,14850,15000,457
178536,651,651,5
40361,19927,19927,4
87248,2619,2619,19
128016,19081865,19081865,1
184340,700029,700029,21
31862,999999997,999999997,4
65893,290000,290000,102
65892,490000,490000,34
191260,2855,3045,70
40036,1,1,1
200305,3350,3350,42
69955,237558,237558,1
27655,16,16,133
200099,16929,16929,204
40081,1569,9000,53
188836,1463325,1463325,3
56158,32500,33302,22
92527,18068305,18113702,2
22844,2076,2076,23
161126,19,900,7
20433,5735221,5735221,1
169146,1321,1321,1
92741,666924,1200666,178
23330,500,500,1
180879,99033,99033,1
175241,25,1000001,294
44331,825,825,168
201584,843,945,4678
198044,10000,10000,7
76597,7351,7351,7
6052,362,9957,68
176887,4800006,4800006,2
57194,1133,4678,119
52237,8412,8412,5
52245,6990,6991,4
107528,211,480030,558
62004,50905,115477,8
108350,1002,1002,2
62011,44023,44023,5
200764,1400,1400,1
79291,300000,300000,1
128730,129445,230011,5
128735,211799,349900,4
60394,32,32,21
198497,1500,1500,1
198494,145230,145230,3
18632,1201,1201,18
194048,100,480044,6172
38917,10355,10355,13
67230,2,2,41
63318,100001,100001,1
163902,11522,11522,3
200853,7964,7964,3
158867,4318,4318,6
43122,1700,1700,48
207087,488000,488000,309
180340,100065,100065,1
180515,100033,100033,1
180326,100065,100065,1
180343,100065,100065,1
180385,50090,50090,1
33576,127,127,8
18222,31,4800031,96
212649,185,185,4
208736,313,313,1
38781,198,198,45
7296,37,37,7
41509,4,4,18
52149,72459,72459,5
54833,45001,45001,4
189154,1899900,2400000,74
178552,29,29,18
213205,200,200,2
213203,1000,1000,2
213206,200,200,3
31945,450015,450015,2
213028,20000,20000,2
57065,159892245,159892245,3
57061,17500,17500,1
62010,50054,50054,5
9061,2500,2500,118
92550,999901,999901,1
55975,3,4800003,36
74622,62693052,62693052,1
23988,1,1,10
160942,71293,71293,1
39977,267,3217,2
147669,47500,50001,276
42432,123,123,12
25442,4800050,4800050,11
108649,180000,180000,1
4656,1,1,27
22835,4105,4105,1
5122,4800005,4800005,12
33236,3,3,13
169673,134,420034,150
192710,219563,219563,1
112155,43485,43485,7
62008,180088,180088,7
40028,4691,4691,2
62323,11651,11652,3
169674,299,99999,261
169675,87300,90099,56
60858,10069,19999,174
138384,14926,14926,2
83094,699,768,21
5871,10005,30005,2
110627,1210041,1210041,19
38583,4194490,4194490,2
24404,1518712,1518712,2
163104,487315643,487315643,5
133681,822,900,3510
200623,150098,734798,22
17030,478800,478800,10
163109,12298,14415,10
18635,82452,82452,9
62524,65,65,1
39974,500096,500096,3
52020,4001,4001,987
67256,4703956,4703956,1
180341,900000065,900000065,2
60396,22,22,2
2091,4387073,4387073,1
45602,999999999,999999999,5
128850,999999930,999999930,35
43321,999999999,999999999,1
38774,15,15,7
107392,37,37,4
45196,23,23,148
63024,32,32,4
128718,557126,557126,1
134053,3274604,3274604,1
19276,500088,1287888,3
52167,2550,2998,2
1082,100,100,22
55978,480004,480004,39
32601,1566,1566,7
32217,283,419,209
41498,33772,130530,3
52146,22464,22464,3
153431,1394,3892,25
169296,436316,436316,5
31917,1487898,1487898,2
61997,1487888,1487888,5
29562,100,1132750,2
43086,289,289,2
19274,57144,1000088,9
82450,411,411,3
19230,900000,1050099,9
62013,23744,23744,9
31908,25078,1245578,5
31904,60000,1145477,5
156627,17900,17900,47
44263,21500,583699,4
187191,99556470,99556470,1
144285,999999999,999999999,1
44264,1000000,1247889,7
187594,999999999,999999999,41
67297,175000000,175000000,1
200614,900,5586,108
19774,598260,598260,2
92525,999999996,999999996,1
196440,350,350,3
62665,999,999,10
62654,2000,5407,12535
147777,4,4,8
43478,42525,42525,49
163695,10019,10019,19
29571,1000,9900,10
63271,9945,9945,1
5740,23,1300,678
79286,45123,45123,2
6305,35001,35001,1
8923,10565701,10565701,16
4422,97,108,12
44758,234,234,48
180476,519,519,1
2930,6448308,6448308,1
105704,1000,1000,14
18641,10,85,106
105702,20,20,12
87892,76,76,1
200012,195000,195000,211
104046,2,2,6
34537,38,38,6
29799,50,50,4
6451,74,74,52
152718,19,19,81
210245,10000,10000,74
45978,10000,10000,13
20846,5615,5615,1
62655,6,8,6
201178,800000,2762500,2
34758,622,13435,11
724,154,154,1
74644,2236,2236,48
33546,16,16,6
4775,137,137,1
39938,999999999,999999999,2
194869,4877,4878,3
28461,9266,15800,21
76601,47499,47499,1
28458,3966,3966,8
83064,373,398,371
35949,1000,1000,163
41530,20000000,20000000,4
25452,6000000,6000000,1
6949,15000000,15000000,1
12003,2508,2508,2
44777,88,88,1
162565,17965,17965,56
45757,2,2,1
5429,1000,1000,1
38264,1000,1000,1
52175,2500,2500,4
5432,375,375,5
57059,500,500,1
38581,2500,2500,1
179017,29,29,1
152867,60,60,4
140269,50073,50073,5
163051,1700,1700,24
13458,3503,3503,25
31676,3212,3212,2
3386,1355,1355,6
32198,106,106,34
79299,112338,112338,2
110648,2808421,2808421,3
46766,399,399,5
200580,2423,2423,2
193389,2037,2037,5
198500,69999,69999,2
69864,120041,120041,3
173912,45000,45000,1
128728,59828,59828,2
128736,267892,267892,2
51950,4999,7450,581
128739,96167,96167,3
128727,105000,105000,2
34824,9051,9051,1
45981,3751,3751,1
79311,12900,12900,2
147210,120001,120001,1
107476,22500,22500,48
43396,999999999,999999999,1
17034,99901,99901,18
52207,8000,8000,100
24057,291046,291046,1
3703,2501,2501,9
29401,2505,2505,15
138986,5094,5094,19
180614,2553,2553,1
38823,5223,5223,44
138987,5019,5019,19
141213,5019,5019,2
140339,5004,5004,19
141207,5019,5019,10
140337,5008,5008,19
140340,5076,5076,20
30814,864,864,1
153566,5000038,5000038,1
162681,145593,145593,4
153568,5000038,5000038,1
153570,5000038,5000038,1
153569,5000038,5000038,1
21569,14999,14999,16
76728,5918,5918,3
32196,722,722,60
32224,410,410,14
194083,999999999,999999999,2
11417,30,30,2
144408,316,316,3
136545,180,180,3
136559,1393,1393,2
198164,119,119,143
45999,2,2,1
159872,82911,82911,5
11291,175,423,4327
163100,110,110,5
163060,21,21,5
129099,1000,1000,2
198228,3999,3999,5
35314,533,533,3
5566,860,860,1
71852,36043,887820,4
199194,38,38,14
178115,1415347,1415347,1
43536,847820,847820,1
42956,269454,269454,1
52130,11996,11996,3
143853,40000,40000,5
158792,2325,2325,1
179293,49999,49999,8
37674,542102,542102,1
52151,50275,50275,4
42434,201,201,4
44953,999,999,4
4096,999999999,999999999,1
39941,999999999,999999999,5
163688,999999999,999999999,3
11846,2197676,2197676,1
67257,431398746,431398746,1
139312,3085373,3085373,1
6298,69118272,69118272,1
179292,312929,312929,1
200850,4799275,4799275,3
49632,5,5,7
22795,16,5503,236
205873,239999,239999,1
153666,173,173,2
5095,1,1,38
105720,1148600,1148600,4
155909,25158500,25158500,5
178174,2204,2204,1
169948,7942838,7942838,19
39939,900,900,6
41460,15902,15902,6
188811,2613,2613,7
179015,3585353,3585353,4
39936,157248610,157248610,1
162566,100,100,8
141215,224799,224799,3
50438,26381,26381,3
87806,9999901,9999901,3
192950,50000,50000,1
187911,10149,10149,2
209033,1959,1959,10
21595,198,257,61
22841,76,76,3
163844,430,430,2
49625,2095,2095,1
133564,290,290,436
76569,151,151,3
20436,240000,240000,1
23764,11022,11022,2
23841,4944,4944,2
173911,2599,2599,1
11325,100,100,7280
132189,2034,2034,1
190880,100,100,289
81407,144,144,3
40158,2500,2500,1
45194,400000,500000,12
10309,372,372,18
1478,1999,1999,5
160502,345,345,998
12430,99999,99999,1
12433,99999,99999,5
32686,1537,1537,2
128733,120914,120914,1
44772,30,30,3
141212,19,19,20
158858,2026,2026,1
117471,19,19,1
58262,14,14,7
54623,500000,500000,2
44616,53,53,18
205467,7099,7099,1
34754,107,107,2
4093,410,410,3
12214,114,114,3
20432,650000,650000,1
30466,1900,1900,8
159145,10000,10000,1
158779,999900,999900,2
42994,2318,2318,1
34861,27,27,1
168790,301,301,1
50816,53916,450016,19
104341,134338,134338,20
198507,151,151,2
173908,395,395,1
152099,1,1,3
117475,223,223,4
128845,600,600,38
100738,451,451,5
166420,50013,50013,2
39998,1797,1797,1
44617,2531,2531,58
41455,9275,9275,1
22848,9999,9999,339
11390,2,2,3
32453,580531,580531,5
36801,18,18,1
11408,14,14,1
128722,111481,111481,1
158788,410000,410000,2
158736,12089,12089,1
178220,2329,2329,1
76594,24168,24168,1
113585,1815,1815,17
183204,1314,1314,1
188946,2292,2292,4
201321,28500,28500,1
182118,99509,99509,3
205044,780000,780000,1
45980,10051,10051,1
183208,1314,1314,3
32079,450058,450058,2
158382,320,320,32
28467,4125,4125,2
192900,46,46,1
81400,9200019,9200019,1
