item_id,min_price,median,quantity
17012,100,102,5326
173859,20,24,464
202070,44,44,17080
34749,10,10,125
179271,200,299,231
192658,183,183,8538
36907,200,315,15757
200772,4700,4800,74
134051,98,700,725
36743,400,400,28
154705,250,3708,1609
129032,569,1061,147824
173130,2700,448400,459
198318,75585,78888,1221
43501,75,95,499
200030,2850,3000,1314
10940,70,96,282143
36924,678,25000,1672
147775,9069,9069,177
3857,7,20,16625
1210,119,66600,4414
171829,200,4904,23480
36927,4275,4295,95
49908,734,943,1024
785,188,400,12192
192951,19000,19000,55
71873,13927,14927,58
9313,5,500,627
22448,545,1200,4283
36918,425,426,73
27677,4,7,1116
202712,39,40,359
24477,2,10,11646
124118,24,2500,15930
36933,430,432,143
159827,69,100,365
191333,1097,1710,660
27682,16,2520,3174
198619,19896,19896,10
38425,3000,3075,6210
179315,7,7,87207
197762,99,99,1665
74660,435,443,2711
172057,10,39,7345
20535,198,199,17
20520,10875,39600,15741
38518,999,999,61
6451,8,10,361
19304,1,1,439
27671,130,3050,13441
171271,33,7033,265
202071,41,41,3402
197784,1728,2050,5304
61980,150,167,12438
19306,2,2,379
40067,595,699,129
111601,298,325,4221
20527,199,200,22
53069,14,21,1278
192636,59,59,9398
6532,2,31,2941
200614,500,500,199
109138,5,17,14025
90146,84,249,2489
38887,5498,5999,48
197775,60,68,2140
63307,2999,2999,287
76505,100,200,215
201318,500,830,183
163842,536,107658,30
138728,20,120,6450
111667,65,76,1697
199936,520,522,136
43127,1800,20000,7500
38924,74892,74895,23
111663,22,38,2428
128540,25,25,367
2581,1,20,4841
20526,69,70,29
20533,74,75,18
27662,200,295,241
36908,200,565,6116
42998,199,199,27
128304,114,190,33623
20416,6001,6001,21
40093,100,173,484
108337,495,495,317
115807,1485,1585,78
14047,10,14,412500
197777,30,49,5128
192846,180,300,2248
2453,166,713,43115
192648,155,480062,818
23117,94,99,296
192609,58,58,75
192859,319,326,902
194819,772,780,4513
199945,525,525,116
22641,3000,4500,53
193554,89900,92798,84
108327,124,3000,1462
192605,166,166,117
60838,3890,3890,2785
200576,2500,3000,312
37700,328,349,2115
192673,160,160,27
192622,65,65,200
192617,64,64,579
21215,32,49595,718
192621,66,66,276
191872,2033,5530,67
213184,4255044,4455044,4
191359,10000,11800,14711
5465,1,2500,11171
213366,277,277,1
110610,10,667,67851
213041,281,281,5
213042,242,242,6
74861,369,609,3016
31898,250,4752035,275
133553,48,50,25
213377,780,780,11
197790,325,902,27449
143681,3,4,3093
74247,69,349,704696
198187,791,892,2325
109693,135,140,484397
198217,75,80,66
82443,2015,2015,188
9312,22,500,542
18253,398,398,40
191350,7222,8029,390
190533,16690,16697,2161
82442,3200,3298,178
118061,600,623,1883
111245,146,433,76642
191949,35,38,966
201469,3,563,23739
2771,215,300,5852
21884,36620,57498,2502
111557,89,300,883086
191493,13500,14455,800
194862,44599,48199,2529
72120,20,100,290768
7075,9,11,9345
104138,1405,10800,735
52104,98,98,1
197721,1300,1900,243
191374,2149,2639,1975
41369,96,500,293
152577,200,5900,119940
2863,5,45,776
5784,23,27,1247
21153,55,3302,1570
199987,1800,1899,140
193564,120098,120098,598
210249,27050,29254,3704
27501,27,27,97
200039,5918,6997,2292
191400,500,767,640
153050,15,225,105861
152546,59,63,4792
15872,2524,2525,18
188658,140,182,191147
97546,218,248,261
193922,50,63,670983
124108,123,123,17675
15419,7200,29900,8880
72988,17,89,23698
213203,883,883,4
36783,4500,5040,1087
29548,3029,3986,9631
723,4,5,1137
21887,390,644,2226
43572,120,1810,812
193252,93,93,128061
129034,5100,5900,17789
116148,723,999,1469
128768,100,999,3321
192689,99011,99011,10
35794,7995,7995,1359
4337,23,33,14218
34664,225,226,1389
23426,42448,89900,4653
57191,210,210,1177
191362,1299,1960,241
130177,259,265,2324
7392,1252,1499,4781
44482,9,10,252
12203,1,1003,39212
172230,10,98,766870
192907,100,190,210
191375,400,550,384
201399,257,599,16906
76061,11500,18870,56685
194808,4000,6011,154
138729,2,3,4587
190315,104,166,1021770
194815,1492,2078,624
32428,50,17200,9398
21569,30272,30272,160
24060,300,300,54
30183,200,1099,1923
192975,40,68,3069
115803,175,199,79
154897,7,7,22226
111656,175,1870,947
116268,470,480,562
29453,4,1800,1192
192914,83,83,460
192912,292,327,343
12037,3,75,35856
192908,165,299,1802
192905,198,430,564
23782,9602,15455,493
200021,6000,6495,1756
160298,8,8,17143
192903,200,448400,122
19699,1110,11096,8188
160092,6949,6950,55
191399,597,694,1116
19704,472,9336,7597
89868,4000,12500,272
41801,165,4565,3190
170168,18965,18966,195
42546,14,14,1052
192840,200,341,3049
4232,300,513,6179
204235,20,23,489
192097,59,61,256723
162515,157,157,2688
41807,3429,3510,814
59230,149,149,25
41167,200,300,67
6470,58,60,7557
73260,12,12,212
76098,95,100,241
27515,8000,19900,1174
72104,40699,48600,4734
21536,2790,4999,3445
151565,1600,1950,55938
17406,62,10000,579
173083,5061,10586,33
10620,20,29,352543
173204,21,99,1590389
147669,3000,3000,26
172406,53,75,253
173082,5000,12196,67
173104,19980,24880,42
21570,8890,8890,487
13458,35,41,41
124102,700,1011,194045
33548,88,90,58
194800,9700,49900,202
194791,5544,35959,92
172413,60,448400,156
2770,125,333,282411
19702,434,8423,10602
173086,9900,9900,50
177661,67,69,69
172092,21,82,126954
20873,94,100,43
172231,35,330,868068
163225,25,1589,1662
152550,375,375,162
76089,87,999,2421
169673,1999,2011,128
38682,10,11,90271
8173,226,226,142
204463,233798,237585,4201
173070,14700,14800,147
153603,6500,299900,27
124104,450,675,88942
36917,138,145,200
20528,224,225,33
21882,33,85,4016
173079,9978,9978,51
153617,9262,9355,21
172052,7,7,49023
133557,13,13,809
173084,11740,11940,68
124101,410,682,151897
173081,14427,14600,42
169674,2386,100098,749
20518,71,72,21
1251,1,8,2083
20532,73,74,13
124103,495,799,56697
33549,136,136,64
31892,474,499900,283
168185,650,650,110576
31886,2100,2102,27
20531,199,200,9
31894,1100,2800,42
193213,10,136,38739
151567,45,1352,896831
39469,2174,2300,9665
191461,5,45,1513334
109222,61,61,420
158771,32,49,174
39151,997,999,10009
22447,55,29900,14950
191462,19,20,803426
113588,556,4000,4885
143750,45499,104823,202
7100,1,1,26
143588,46688,99900,346
89112,649,5000,35055
22851,290,290,105
39524,50000,65000,55
204370,5500,5500,1296
22854,2300,9999,154
5473,5,5,90
171292,810,999,3379
204991,23900,23900,233
4582,8,8,12
171291,495,2500,3529
109221,53,55,612
171290,225,999,4353
201166,1090,1090,4
192644,177,198,142
1708,1,1,218
27854,3,3,558
108362,2850001,2850001,2
3685,3,29900,17361
171315,900,1437,24625
1074,58,87,43
109220,35,35,637
13422,500,879,3242
4536,1,10,1332
152510,1550,2900,35144
173073,8026,9071,158
3402,10,10,4
132227,20030,20030,5
173076,10077,11977,13
152511,211,338,34701
12184,18,2310,12366
13757,225,5999,1440
155609,39,39,101
17407,32,43,54
152509,185,341,77998
13888,420,9000,7239
43321,2500000,2500000,3
173093,25018,25018,23
158821,140,140,35
39525,44444,650099,21
152508,288,500,22405
201467,348,348,1993
201466,51,51,5571
152507,220,297,60671
152506,200,341,52517
152505,250,612,31037
129018,75060,150000,299
168796,245050,245050,21
191373,194,219,1403
190327,9296,10587,164866
175053,294,294,23
153647,522,1020,18
190322,1255,2592,259283
191519,757,1461,1552
111665,16,31,1746
132233,22,27,240
132217,271,407,45
124121,1,75,212539
197765,80,100,10363
190313,2300,3598,179102
132204,22,24,269
190394,76,100,1604406
132212,21,21,129
138727,40,41,803
176868,67,67,29
8171,85,120,5576
208212,9000,13000,6032
74721,251,252,9
56551,44490,44492,22
22832,54,65,7797
197745,365,368,734375
43011,79,14065,3738
62786,840,850,1586
43013,133,319,89027
163222,73,4499,593
43102,4449,4534,2205
198193,1050,2086,4395
198192,999,3599,2393
137287,56917,58117,451
153487,28,1999,1680
136564,29,30,14
22829,75,94,581
171270,123,162,545
33454,5,5,326
422,2,2,531
40536,30,50,2469
192847,122,161,39925
199948,500,569,178
7974,10,30,35776
171275,1300,1388,756
3220,12,12,333
44963,2490,2495,44
102543,75,75,1025
191468,82,180,214279
171352,1307,1319,221
194694,100,119,47
191475,495,525,7833
174350,15,15,1059
172041,222,270,900
201047,2800,2900,319
194123,100,199,135461
191466,195,308,65037
197742,33,100,402887
176811,88,88,371
193215,29,39,1011675
5373,6100,6350,2946
178537,499,499,8
193211,22,69,2388077
191472,2500,3190,63016
193218,395,440,67423
158380,900,6999,957
10285,57,70,2626
3357,511,1634,5183
4480,25,25,42
4424,15,15,100
193214,28,37,416937
2452,201,1200,58068
4419,75,75,172
104104,2600,12500,288
109991,58,359,1353
2450,200,1490,46507
183823,125,199,602
4426,112,112,353
191464,90,448400,12780
184090,1855,1900,439
190532,18591,19999,2568
193053,17,999,309630
193217,143,415,158616
7067,75,180,3827
3356,511,2500,5989
197741,5,34,1421475
37567,25,125,239
200780,1149,1149,52
154124,350,4200,677
190326,918,1100,294076
141527,18,18,76
192631,64,64,477
200768,1500,1500,29
197788,162,163,87489
192624,70,70,617
192719,2100,2100,31
180318,23,23,168
204464,919300,936700,1719
173124,700,700,22
187700,1018,5499,51274
194827,99900,118275,353
123919,200,799,1773823
8838,1135,2218,57283
31906,300,348,32
204460,600,824,1561266
194789,2244,4253,343
139786,12700,17388,782
194790,2399,4168,350
27676,135,150,650
139437,39149,78899,344
38961,376,477,104
193210,14,99,1536850
27422,17,2475,3853
139315,82000,100000,396
152541,100,600,152669
139314,40000,100000,537
137191,65000,82688,408
192887,5940,6400,684
147119,88100,90999,465
112158,110,150,977
15408,7499,19800,3222
192625,85,105,615
139503,93,93,129
2934,113,230,36383
190321,3696,5490,139186
4404,897,7560,3827
12364,226,499,1762
2321,2,4,23499
6260,2,2,30739
4342,49,51,10936
14341,53,69,8996
4382,1177,18081,915
6261,17,45,13200
4371,627,7500,1466
187701,2475,5799,78240
5075,1,2,138
191467,82,150,39400
8932,8,9,65
11185,19,23,259
11186,7,8,166
151721,794,810,560
154166,170,320,453
11188,16,19,142
193246,6048,9582,9122
151720,199,300,587
194863,20685,25000,3249
7071,1550,1550,476
157844,35,35,265
52180,2900,6538,12613
193254,4542,4548,46664
192848,174,175,36300
158874,108,108,63
27668,4,1210,3320
191321,684,1499,725
111650,11,21,475
191338,11699,17266,1789
81408,82,82,53
108328,201,300,1416
198256,8800,25000,110
38878,23991,25000,66
38786,98,100,99
191318,794,921,344
102351,225,290,133
77543,4500,4500,199
39516,83088,83090,28
110642,1210,1549,63
190328,835,1000,465769
111672,40,84,3958
38865,1144,1144,41
128548,108398,108399,37
173908,1397,1398,23
174383,5999,5999,5
39334,255,374,14007
194852,1900,1982,16512
38872,35071,40651,30
74717,447,449,140
191460,5,30,70666
190380,13299,13299,339
187829,35000,35000,105
205468,167,167,10
12365,3,4,24657
62391,475,475,18
173035,10,36,60799
5498,100,182,3825
205460,1000,1000,252
193208,70,224,56100
38260,174,174,7
154722,6,75,370835
106825,177,179,83
29570,125,500000025,5
36812,340,444,145
192619,64,64,155
110609,100,375,122432
201400,263,1000,1445
192724,2199,2199,5
107462,129,134,22
33470,20,69,44213
39513,80,80,39
190396,48,59,1590326
108980,50,50,46
127847,1498,1498,523
190395,49,56,96518
197747,8,75,435077
152495,90,98,322
191945,1000,1320,2190
198417,5132,5300,7699
197754,10,16,619451
20868,72,86,38
32897,11,1500,37906
17202,4,50,10695859
76529,110,110,43
52103,3900,3900,29
192705,2198,106148,6
52221,3564,3565,62
205459,701,824,39
116923,40,66,113
80433,1248,1613,2153
7971,740,4999,1726
160059,2,5,13944
168828,14000,29700,30191
176086,564,564,45
182733,165,165,37
58262,10,10,83
176885,18010,18010,1
153494,155,500,199
190324,12975,19364,91198
191469,163,237,108112
58142,9,509,624
178104,800,1303,4
178137,20000,20000,1
33445,6,6,226
192608,110,215,639
191396,90,100091,3841
147869,292,292,27
62778,231,2965,14735
194575,6897,6897,7584
59029,32,33,33
124105,815,967,7531
201424,100,500,453
58257,7,7,634
207023,1720,1720,75657
168529,1999,9999,829
173038,3,3,561
158773,127,127,86
2320,1,1,98897
198279,507,511,100
168310,238,240,877
33638,399,399,56
198265,11800,11800,20
194071,3999,4000,18
155631,39,39,135
194035,1826,1827,59
195543,5,50,65
41603,990,990,64
109223,20,72,1659
12206,100,4274,1576
62779,19,62,1926
19268,498,498,9
37702,481,489,3190
111658,15,26,636
7080,6499,29950,42105
186975,19,19,204
193958,81,81,731
58086,3100,3100,5
199935,500,501,145
58085,2500,19999,580
169334,105,5068,287
52162,120,120,9
52134,199963,199963,9
194823,1800,1800,14613
67438,5900,19999,112
168303,8,42,15784
191339,4000,4450,676
13442,107,125,229
87577,375,375,339
5500,740,812,2394
198491,80,95,774
190312,2700,3499,6992
210246,17498,17600,485
58094,500,700,149
194013,74490,74495,1260
87230,40,49,785
71808,18800,89900,915
44601,8,8,346
6372,600,3841,23849
193231,5309,14983,3374
33460,3,3,155
111670,44,51,1926
44314,127,127,92
45789,6500,15000,395
194817,1200,1653,320
1711,2,2,335
200074,2000,2300,19894
2459,704,2975,75285
4340,6,78,11178
39905,365,400,17
192862,322,338,1414
139338,45095,65000,234
136825,46400,65000,200
76678,900,900,36
52203,3575,6975,47
77542,4323,4411,198
8827,900,11095,32848
2836,1,99,88049
58256,7,7,446
172232,117,900,954716
152876,1300,79900,31967
23446,400,450,1485
153636,905,1099,30414
171831,175,4099,27522
152576,14,19,3630273
14344,20,100,802412
72094,1400,1495,12100
34057,115,988,1050048
58090,67,68,477
172094,6,167,321520
173202,2,11,2793660
171438,11,11,1466
72096,1000,1044,23068
25700,1119,1754,14818
25699,275,1200,4751
77467,2971,2972,3206
44739,133,350,212
77589,40,49,697
31941,5000,999999,21
12202,5,4500,9097
194864,23900,24596,13706
52976,455,636,67307
42997,300,999,17314
153625,365,365,8
38793,14,15,207
153628,600,600,17
199999,500,500,136
153632,271,271,5
193933,12514,17299,1267
168663,300,8900,3218
192928,18000,21288,1402
6889,500,1500,8398
200570,5060,5500,6698
31908,49900,55555,14
31909,309900,310000,8
31893,1325,4800099,301
172438,375,390,6369
173034,58,2000,52179
173037,20,77,50346
113264,11,99900,23525
154889,62,64,1815
166343,24,25,1186
178114,150,150,45
203411,9899,9899,65
205417,4500,4550,14
19700,710,9949,3367
33052,100,100,68
19698,643,9397,8573
27661,9,9,162
102218,29449,49599,428
27666,922,999,350
178551,125,200,12
193555,130075,499995,294
19705,665,5569,5045
3728,5,5,178
19706,471,9980,1873
38873,40066,40077,324
192662,176,176,295
171830,200,354,10060
3371,1,1,27870
53066,6,27,5112
38780,50,50,73
13455,1493,1493,604
52110,12359,12359,27
76657,149,150,22
180445,29900,35800,818
201422,11000,18595,796
158378,15,100,48566
12804,20,37,4034
191327,5857,5858,3277
36810,350,590,73
36809,246,312,12
191377,1048,1471,685
12810,3877,5000,4508
6317,1975,1975,98
153613,325,99900,11
109585,948,30000,3240
199219,1968,1968,502
13468,49995,99900,2540
200575,240,399,64
200572,522,549,41
74853,20000,20000,3954
204622,566600,570000,22
4339,28,41,33603
191933,15,30,666
31882,250,275,21
178222,21,21,383
199055,300,2500,620
152549,594,940,3936
111675,36,78,849
108330,63,99,3956
76140,300,7020,1684
31885,87840,87840,13
192695,1985,1985,57
31904,20076,30076,13
193945,339,49939,10675
124461,1850,2000,12757
13457,52,55,328
112278,400,5000,17
192895,43,50,657
111662,44,44,656
111652,82,102,14368
112290,1000,1500,28
200002,500,500,103
52148,687,687,14
198199,6700,6736,1192
76648,100,105,23
32470,1353,1500,462
158212,580,593,126
76510,150,170,16
89678,100,125,26
31671,15,90,1107
200051,47574,48177,123
76514,100,100,56
94289,1020,1704,3357
76618,896,924,10
76690,250,252,19
76545,300,400,20
76502,158,159,60
13935,46,50,108
52147,17475,17475,15
200001,500,500,84
177660,7,12,360
198495,4400,6000,73
31911,393,458,78
208187,380000,400000,17
76616,1000,1300,20
171370,25,25,783
30817,1,1,13172
27859,4,6,162
192626,66,100066,1115
41427,1548,1948,46
168641,1315,448400,169
33448,61,1000000,798
40211,199,200,292
13926,18097,79814,10098
174322,3262,3262,3
27860,4,4,277
43268,299,299,58
41119,15,35,5271
44599,7,8,623
72238,523,1900,25652
76649,684,791,59
76893,4599,4599,17
6452,2,2500,263
76611,811,955,9
152544,66,75,9510
158377,2000,29516,24
2604,2,2,28382
138292,90,300,692
52088,3497,3497,9
4555,7,7,14
29454,78,78,58
60392,21,21,61
90556,5511,7512,7
172054,7,7,34255
90552,99998,924999,4
192552,3500,4500,251
191360,447,447,97
45621,911,2999,408
191943,13,15,507
90548,1400000,1599999,7
192938,20000,40042,1207
67415,62,62,1022
128554,2457,2671,190
90558,376,376,7
200938,4335,4335,5626
90553,1199898,1199898,55
100735,40000,50000,7
190378,5300,5300,469
192715,166,166,24
171840,7,11,50322
2454,58,58,1314
76506,140,146,70
17203,19900,50000,4909
109076,299,299,11000
124116,9000,24920,11535
199957,500,500,174
76526,100,135,69
90554,598,798,6
113274,4192,4192,3
199958,500,500,53
76576,240,240,13
44330,409,630,1041
76568,100,120,77
199959,500,500,73
76634,319,540,20
76520,100,170,39
52209,200,200,134
52980,32000,34329,761
76509,100,100,79
116981,2,2,2104
4656,1,1,64
159,4,90,71848
108329,200,296,401
192927,2500,5000,33
76521,100,200,9
16169,140,140,64
81409,14,480012,384
39682,299,2000,2819
33451,10,10,104
31910,255,266,187
21721,199,199,832
76646,200,200,23
76653,185,186,64
199981,1000,2200,1462
76512,125,125,9
211810,75,95,297
201311,1574,6580,817
40533,296,1000,876
39681,2399,4500,15626
130903,29753,37482,2431
128988,18998,18999,26
154886,13,999,618
21033,9904,9904,4
190538,14500,14511,1626
200031,4200,4299,1904
8959,79,84,101
129017,38166,94033,237
200038,5400,5500,1269
193256,7522,23387,24111
166344,30,1999,2164
197769,145,145,1135
176862,40,40,67
38375,88,95,136
188761,2800,19999,1001
28399,3,2100,3379
176852,175,175,21
81413,13,14,676
117568,1699,1700,101
184393,248,248,12
178133,43,43,203
76644,599,599,48
200615,1722,2957,634
192615,63,63,50037
136558,120,125,80
177659,47,98,213
199193,900,900,38
173191,29,64,7974
191328,8800,10197,5865
173090,11286,11286,35
4608,2,2,167
173102,13900,14300,79
173071,17522,18622,19
192610,61,61,447
8766,2,24,593
152513,144,522,75346
1179,1,2,3752
89679,900,9743,12
173163,19280,50000,233
194810,1500,2291,393
81414,13,19,389
173097,10000,999999,64
76555,300,358,50
95373,76999,90000,766
76552,150,180,23
76559,100,129,47
177840,19206,19206,16
200016,76613,101613,52
177843,82000,82005,21
128553,36500,36500,341
177841,48500,48500,5
193368,275,392,50226
1205,2,2,297
165755,750,850,1152
200028,22337,22772,994
94288,100,199,404821
212767,36500,37125,7
199991,505,511,11
201991,20900,26969,5138
200005,1500,1990,88
200224,31097,32499,2462
72093,70,180,63904
74844,102,145,32725
191476,493,530,93234
199994,517,517,33
193050,5,15,1736817
199989,500,750,414
172437,1400,1400,2723
177040,19,19,479
193567,1400,1400,3591
33447,431,1000000,783
177842,64505,64505,19
194768,4500,5004,13756
22446,95,225,124963
38881,10071,10075,17
198208,750,750,141
13446,91,94,1027
23440,590,599,34
204828,957,1008,298
161053,30,33,946
158797,1800,1850,2
158466,81,81,5
112274,570,575,18
194695,763,763,309
158849,1674,1675,7
195462,500,503,244
31915,299,99999,382
199970,39900,39900,169
193893,97,97,341
174041,1600,1600,61
52113,100,148,21
199984,500,500,222
174348,100,100,180
62676,3,70,290
56550,44800,48798,63
152639,2295,75000,1207
42942,17,22,76
169451,1900,1900,2970
34751,17,28,47
34762,41,45,95
34765,40,200,50
7228,40,40,91
200010,2245,3900,90
31905,280,284,31
12224,262,262,24
198223,1149,1149,3292
38372,2450,2500,32
198614,19095,21500,1014
2680,1,2,1465
23676,22,22,663
19026,42204,42204,16
200305,363,363,156
108307,6099,6099,147
198550,1463,1495,2311
112297,1399,1499,22
108306,12500,12500,417
62790,13,25,142
38373,2400,3750,68
112296,400,400,22
108304,7500,7500,17
205170,249800,249898,68
112294,4547,4547,12
2589,5,18,259558
198293,584,594,252
108308,11875,12500,118
112293,3312,3345,6
210673,65500,65500,545
112292,1039,1039,11
108391,3900,3900,101
193928,85,90,177776
112291,900,900,9
198315,98999,98999,48
112289,500,500,24
108302,500,500,235
192968,40,1575,1125
2592,5,21,33828
133680,200,6999,8741
5997,45,45,1133
108309,15000,15000,50
155907,1000,10000,6
192941,3990,5822,301
187936,190097,190098,346
192974,40,9945,1831
52133,858,958,8
112276,2535,2560,18
7191,484,500,8462
193253,638,646,211365
4359,174,591,5113
20871,62,62,38
20867,61,66,42
20870,62,62,47
192901,200,285,88
20875,61,62,124
191512,1281,1281,1568
171285,1302,1550,3297
190388,349,50000,781
189153,574,889,1319
6657,2500,2688,32835
43852,49,50,784
108363,6000,6000,4
160398,19,29,5202
108296,1499,1700,271
3771,2,500000,1253
4539,1,6,133
2723,1,2,78
76132,4050,150099,2636
192717,2024,2024,147
108305,1333,1448,816
40199,900,1100,12412
108299,1000,1123,176
23098,150,150,61
130250,1497,1498,377
52119,3900,3900,23
173043,3,3,534
89674,560,560,68
39933,1035,1035,46
160712,7,7,6673
187712,3,3,128
6522,2100,2635,6400
162570,645,645,20
189150,2602,199995,1141
28284,199,200,45
201468,1272,1272,106
180168,43,50,63
189152,8000,250000,152
168793,35000,59900,13
39340,2202,2398,6476
31896,1075,999975,285
19276,768,2730,67
194812,1122,1213,381
189151,300,9999,373
189149,10000,11111,222
199194,410,410,72
189148,502,543,325
168825,8400,9100,40300
189146,555,90000,302
63530,808,808,351
32620,3073,9910,10778
39223,1138,1138,1
8167,745,1600,6229
43851,30,30,501
52116,8889,8889,14
76560,327,13000,5
39912,500,500,23
38782,39,39,589
52123,3000,3000,11
38803,14,15,358
38807,492,597,123
38817,11,15,640
187636,12799,17568,610
39220,187,187,259
168217,870,992,97815
187635,70000,90000,135
187634,2000,2613,269
171439,10,1922,655
12435,35,100044,148
187633,1050,1100,462
54442,466,466,55
81197,12,14,107
4370,2,2,224
124442,1119,1464,7971
107393,549,1050,35
154990,27500,29018,172
11407,21,21,31
109584,49990,300016,482
6358,215,1308,34368
152496,49,999,523
6530,1,2,4930
81203,69,70,57
52157,13607,14522,9
76658,1080,1080,106
172089,87,495,198023
28595,164,164,27
23095,120,324,113
158869,130,130,17
32229,31,9060,1814
158210,31,31,77
173041,20,448400,183
113261,38,98,1761
55974,500,90000,17
204613,5850,6000,24
132514,17200,18975,4363
55982,44,220000,22
97620,139,159,122
74249,4,75,1222747
97619,196,196,442
191331,850,1699,773
4776,11,11,20
153715,1279,1490,1339
193926,10097,11097,359
779,701,701,7
41434,323,323,3
132213,985,989,5
204996,349950,349950,362
39341,900,1504,6720
6533,99,195,743
97621,112,151,980
192894,30,40,1086
79011,40,70,14519
204973,1746,1800,5811
62413,22,22,179
205466,7693,480018,82
108979,124,124,73
124110,18,20,11473
106889,127,127,19
106867,30,30,296
106875,147,147,11
107528,33,100000,1050
107517,24,24,386
107518,169,179,14
107469,24,24,102
108977,11,11,420
108978,109,109,51
192611,60,62,300
197748,5,34,207194
205700,68,68,586
4775,400,869,28
33444,5,5,265
5376,400,424,10
200014,32838,33039,598
5368,400,400,15
175054,299,299,22
72986,94,150,1486
192650,170,170,31
124115,444,600,35806
192675,186,186,37
192688,2497,2497,4
192651,350,375,52
31916,325,325,23
23784,2499,2500,201
191379,419,474,3483
44759,141,141,95
187704,7,7,34203
44758,20,23,378
14529,21,24,849
191499,5599,5599,173
192976,2100,2100,433
152543,86,99,4554
33782,697,697,38
2460,2994,2995,3396
41482,105,112,25
198233,7735,7735,368
198237,474,474,670
52098,2970,2970,20
74659,138,138,59
109625,104,130,988
37097,3,3,69
199972,32190,500096,23
8154,34,1141,23669
10939,125,500,44316
9318,14,100,551
124113,167,659,136699
194016,88500,88700,1039
133940,200,200,3751
168449,18449,18500,82
168596,15699,22721,119
171273,200,200,1499
210247,3000,3050,134
10938,98,756,9056
194571,4500,4500,157
4399,2,3,5372
52720,899,12500,11019
172936,294,369,1471
25463,588,625,130
120293,18,18,157
108324,57,85,6559
184392,700,700,19
128716,349695,349796,5
128733,94696,94696,14
128732,110000,147900,8
128715,600000,645450,22
128714,9498,9498,8
3404,3050,9950,2877
128717,349900,350000,5
79292,69352,69352,1
2673,548,9800,2805
52718,262,299,1721
5504,450,3000,12100
79289,30064,30064,3
19768,6125,19429,10279
128743,200000,229999,9
124444,1026,1026,1387
128724,250000,299600,8
128722,287445,287445,13
128744,298251,298251,18
193952,78,88,26525
190534,11395,15406,907
79312,29090,29090,12
158381,99,150,481
118007,23,1925,1820
200018,33500,33500,1432
13760,485,9984,5651
132753,13,13,479
68779,6759,6759,41
24028,12317,12317,19
159140,119,119,20
199996,1200,1905,1212
104127,1998,1999,479
157842,38,38,10
24051,800,800,14
130264,975,4800075,73
128725,87733,87733,13
130268,390,4800090,25
79287,45064,45064,5
178787,10990,11300,1952
128719,250750,250750,6
18335,79400,99900,6474
79297,45095,45095,5
191366,3580,3585,175
43115,975,2380,2605
128734,259951,260051,3
128735,175590,175590,6
44270,12400,12400,29
43117,105,199,1239
44279,252999,252999,26
188836,5000,5000,7
128731,364875,364875,16
44262,11831,11831,3
79299,266600,266600,5
185476,1200,1200,29
17196,570,1000,2194
79298,12960,12961,6
44156,1000,1000,94
136550,150,175,11
44157,3360,4560,63
79301,100064,100064,1
136852,30,30,177
44155,4500,4500,38
79304,87296,87296,5
44143,800,800,64
185480,800,800,10
79302,8000,8000,7
128730,144758,144758,3
79293,80000,99990,5
136565,400,400,3
188760,3500,3500,10
79296,345095,345095,10
192900,140,140,58
11382,119748,749900,2512
20874,60,66,70
79309,105064,105064,4
79307,15000,15000,10
102541,75,75,754
79290,133200,316600,4
19235,1217,1665,14
128729,18795,18800,3
188789,60000,80000,2
128727,345002,345002,11
206968,1200,1401,62
199993,500,500,151
199992,1695,1699,198
21592,1,500,70
21561,1,1,142
204730,139,184,315
79313,285521,285521,3
17194,40,1000,8643
21562,1,1,133
136563,150,150,2
79284,21100,22200,9
128720,349800,349900,6
6458,73,74,976
81404,24,25,89
185481,800,800,11
81412,14,14,73
38828,34,34,179
199998,800,1300,1901
38938,19,20,130
81403,15,17,130
140188,230,352,107
153624,8000,8000,25
153631,1450,1450,25
81411,13,13,98
38928,97,97,97
197744,178,374,69116
153607,9500,9500,13
192635,61,61,687
43652,12,50,106
25428,14,4800014,77
25426,12,480012,469
173092,17499,17499,9
192652,165,165,52
58093,10538,11238,258
192620,61,61,111
192899,599,600,9136
173089,35041,35041,24
158189,18,29,7453
192727,2284,2284,8
194970,6431,7455,23658
173099,14926,14926,27
58145,109,16525,273
128728,327470,327470,4
192657,164,164,50
192704,2075,2075,4
128741,782351,782351,1
173103,32777,45099,61
19263,1386,528915,21
191384,160,297,23954
118006,17,20,450
203412,45000,45000,13
190316,1111,1635,761017
183950,882,882,755
142264,99,100,272
168662,503,1523,6548
109184,4,6,164
76092,98,98,323
38884,13193,13201,98
89683,64,65,45
190451,1433,1587,37832
15564,16,16,77
18640,1300,9999,932
182581,935,1042,6787
24508,12,12,1731
192897,830,838,79
172097,117,130,520024
16168,2402,2402,104
203408,40000,40000,97
188671,1000,480095,240
192898,1625,1625,4128
192672,168,168,76
3820,175,1500,13081
178113,39,39,47
25418,12,4999999,218
178134,200,200,8
178178,39,1000000,438
178173,122,122,10
38303,55,55,151
199944,12500,12500,70
81202,3,4,139
155598,33,34,80
205462,6000,6000,3
39690,1299,1889,1515
190450,14340,15997,19107
52986,1200,5000,9959
140587,936,936,961
176871,121,121,9
205461,192,192,8
158760,123,123,22
158778,119,119,42
118711,1021,1129,32119
202065,59,59,67
176874,119,119,85
199476,2,3,17
83156,3,3,349
182715,315,250157,2
180332,165,165,1
137274,54998,100000,298
197743,99,426,63605
192674,175,4800080,105
201420,12393,12400,1469
166664,9896,9896,99
74848,233,250,8222
82392,3,3,280
81200,10,10,100
127835,98,100,295
40360,1927,2027,69
124117,100,2450,14313
39527,199,90000,82
15415,67000,68200,4627
169675,2390,100099,638
192647,182,182,138
193934,11120,11125,4211
160711,86,97,2634
83006,270,430,132
151133,49951,99900,276
12607,2100,2483,260
201205,785,785,3
62505,94,94,63
40168,2881,2881,74
40145,1044,1045,19
113262,10,18,13223
108996,12,387,121563
111659,149,223,17938
163075,400,400,64
116170,50,50,574
44941,5,5,333
168646,747,898,9532
17404,2,4,13
111671,80,93,52410
204992,17400,17400,399
151393,9405,9452,6
111664,77,118,61293
71806,64900,69800,117
151389,1999,1999,3
198200,5160,5160,3915
33048,18,20,189
17747,14,14,18
52191,6000,35000,1476
198196,15000,16991,1567
192877,280,410,13904
156930,96,219,125866
83765,12500,15153,33
187702,7,907,9714
18225,775,775,2
4357,10,21,6034
34747,545,805,102
2304,1,15,5057
76517,100,273,26
43853,41,42,746
191334,1252,7525,8203
197735,73135,73135,36
194542,50000,59696,206
116271,818,980,22308
201401,1249,1515,7612
201421,9000,9500,1841
197780,208,208,29720
178550,25,25,639
193224,7890,9006,9094
179314,7,20,24203
194820,1969,1997,9690
118280,13,13,98
109123,499,725,32775
210658,5000,7160,18
155607,4500,20000,24
204845,1651,1651,331
36925,72,214,589
2595,9,13,131
2593,85,100,80
2798,99,125,207
199960,500,500,175
194813,900,2378,283
200810,120056,120056,3
193563,200,200,121
203415,9969,9969,162
192669,162,162,31
19269,1000,1500,5
190314,5900,6089,46381
191501,7389,7389,1015
74725,115,130,8928
192929,6900,7027,76
178115,65099,73849,4
39909,155,155,15
193389,170,170,13
158836,1500,1500,3
41436,150,150,14
180309,2199,2199,2
158746,100,65541,30
176866,40,40,191
192956,2500,3994,231
41444,1850,1850,7
173874,130,130,75
39981,100,100,20
173871,36,54,71
192730,176,176,58
39940,187,187,20
192630,68,68,162
192613,59,59,20
192664,188,188,7
41489,100,100,3
128315,414900,549999,1020
158863,119,119,75
168193,359,40000,2223
168191,502,505,789
41453,513,513,6
67510,40,40,60
192623,160,170,153
39915,100,100,44
191361,457,665,982
112182,4990,4990,132
191520,997,997,537
158747,108,108,22
192683,174,174,36
192654,175,175,28
192629,39,59,352
76567,100,157,18
158806,126,126,55
38937,100,100,115
136377,11,12,658
38853,1075,1075,45
200944,900,1960,77
38818,12,25,92
20863,32,32,425
20860,37,38,649
199977,3499,4499,393
20858,32,32,467
20865,32,32,487
20859,37,38,469
20861,33,45,267
88532,9,9,64
111458,300,300,1562
3669,100,100,38
192614,67,88,403
192686,3210,12825,3
11418,100,100,20
192628,63,63,136
191337,934,1087,940
128650,36,100,67955
199952,500,500,337
171841,13,14,23130
158848,93,93,25
17058,5,3729,485
210671,39900,39999,28
187836,30098,30098,24
198299,116,5955,176
124438,1,45,121450
124439,1,2,62154
198418,214,221,4248
31883,277,99985,84
142335,1,88,14314
204623,1150095,1189999,74
172042,1300,1600,399
55985,261,261,29
138486,1096,1097,1693
7910,100,472,12533
58487,7900,8400,86
158861,132,132,23
59496,200000,200000,23
144329,31000,36001,544
191397,250,304,3459
20862,32,32,436
17057,1,1,184
59489,122235,122757,28
23988,20001,20001,17
20866,86,114,30
192836,466,549,13094
8950,10,77,82
59480,34567,44400,21
20869,66,90,34
162026,30013,5273730,11
8948,3,3,254
18662,253,299,657
43465,4,6,69
4306,5,11,115345
39357,50,90,9
18230,295,295,32
191352,323,848,780
104105,274,274,727
39203,269,269,2
197778,155,155,10628
2838,56,56,1087
4338,3,10,98161
4422,41,41,55
109119,174,225,30848
8846,1074,2184,32319
21151,112,124,1048
2594,564,564,35
414,4,65,114
3382,4,19,546
40035,400,400,33
40036,2096,2096,69
44570,200,200,47
44575,391,391,221
205413,555098,920000,1619
37701,24,58,66976
168791,599500,800055,35
158745,115,115,61
35953,8,9,163
194684,155,399,22879
20864,32,32,710
168593,14098,14098,103
74252,64,540,20929
191368,4695,4800,2121
158770,2900,2900,5
169135,41,48,63
23079,98,110,176
13454,1100,1500,128
169145,66,66,30
16204,38,70,78046
108336,106,143,2518
12800,144,155,2232
111666,25,34,1903
169130,41,41,48
163701,80,90,43
193228,6041,20000,2175
198238,12629,12729,571
74863,350,1998,1924
193250,36986,36994,775
168636,10489,11000,244
19305,3,11,1626
198437,26343,26343,40
23783,4065,4065,1559
155601,36,36,164
31917,120327,120328,16
11754,48,49,2391
197852,513,513,356
194688,550,550,359
23736,28,29,938
190530,7949,7950,1579
116407,390058,390058,26
76637,140,185,62
191319,900,2500,1229
8169,199,245,1652
19258,1000,500000,36
192871,19687,19688,3209
33458,3,3,131
169132,41,41,50
109626,268,375,360
11939,400,400,30
200813,658,658,43
200832,503,503,71
115012,128,390000,18
130247,99751,99753,162
2313,3,3,92
168822,1600,3499,55043
22452,479,523,6109
24268,23,23,59
10286,45,64,104163
69955,901,901,2
43467,3,3,66
59493,44500,45000,16
118414,1000,9999,5105
43463,9,23,131
3383,90,1999,1164
11940,50,50,38
128648,8295,12498,315
29292,900,925,76
113139,300051,300051,2
190531,9000,9103,5217
36784,12000,12450,61
27667,110,180,150
29750,9900,24180,272
200824,3986,3986,40
128632,22,44,5220
112277,563,563,13
112273,5035,6500,29
53068,776,4515,23390
2799,2,2,931
113140,870000,870000,5
72163,1280,1284,2473
74646,376,1299,536
207022,745,797,5815
43000,999,999,111
201404,20094,80000,29034
43480,7612,7612,2019
7077,4,80000,9606
42993,317,317,1
192661,178,178,41
34766,866,866,64
35949,199,199,351
34757,195,396,28
201325,49900,54300,6410
34756,13130,13130,12
34763,46,48,182
34760,7,400,32
34759,15,15,117
39520,5,6,203
155610,41,41,137
158864,127,127,34
56477,22,191,163
5133,104,104,9
132982,74983,74983,43
200022,5775,5775,880
52763,100,3652,19
191329,23500,23500,19479
127991,200,243,4076
191341,6196,9994,68005
154707,625,5999,1428
109219,500,875,714
115805,125,188,64
120257,519,1200,1023
201403,2900,2992,9577
193255,1303,1430,212849
87888,1700,1700,412
191398,1560,3325,5236
197858,100,179,400
4358,2,2,1511
192977,44,9944,1584
74845,392,392,287
11941,798,798,29
191365,1798,2000,3841
200057,74487,74492,355
62530,1,1,14
168446,12600,12634,337
40073,150,2999,1342
41751,46,46,175
168447,13275,13410,124
168448,15640,15749,150
38886,750,39160,21
172362,111,448400,163
177962,90,99,260
171268,58,775,565
168192,351,525,398
154706,1425,5999,2304
171267,150,198,1129
19701,832,20000,1961
200000,500,500,98
24404,5500,5500,5
24403,5000,5000,21
168189,499,10000,1503
24405,5000,5000,28
200049,59990,59990,710
199969,600,800,122
38946,143970,143971,36
168188,2500,3000,1019
124437,23,71,451440
109627,49,50,407
191471,2720,2850,118857
198310,101,124,40
63306,1500,1896,475
153635,4,7,160599
116276,50,98,285
63304,299,1875,276
63396,98,98,149
193251,236,248,184114
14530,59,425,430
79291,101992,101992,3
114017,3,3,64
111441,490,500,644
199986,809,898,360
58269,10,100,465
191470,2300,2839,9623
33874,1388,1388,120
194541,80046,92448,265
40769,7248,7248,2021
2678,1,1,158814
22577,497,700,5130
179293,50000,50000,17
37091,3,7,117
129100,23,23,5457
7081,7500,19998,22859
114015,3,3,106
151121,50000,84882,27
198211,244,244,218
153434,99,100,60
2458,500,555,260
187805,29459,29459,303
163700,17,17,34
199961,508,508,50
38814,2191,2193,37
194579,199,2200,880
193936,31500,32020,2615
133593,40,48,1106
163698,24,35,29
111522,10,12,100
54833,82626,82626,7
191322,499,900,761
52243,1498,1498,54
198224,1184,1285,2076
58266,262,266,180
198222,1100,1115,2949
2684,50,200,72
194049,199,480095,1722
198549,1200,1200,5241
31900,99900,99900,5
787,6,6,36
194010,1200,8996,4464
69237,20,43,420
5477,25,25,64
12218,75,75,36
168650,4,9,10993
4470,3,10028,104407
83157,2,2,335
81195,3,3,35
2772,485,680,4242
49100,85001,85001,20
180430,13,13,241
6359,289,1000,7077
81205,18,20,66
38801,1658,2300,26
82328,88,300000,142
2776,1811,2995,1362
9233,5,7,399
4234,860,872,22969
4305,53,100,11128
114056,50,100,638
4364,9,13,14398
13546,58,59,6
200003,503,508,25
200004,691,691,105
200007,7590,7590,365
13930,3,3,97
142262,4425,4425,82
173057,50,98,138368
200046,92985,96796,303
132200,700,700,8
32227,169,7500,3801
53072,10,18,804
12204,81,2900,4290
194737,600,949,605
4606,1,2,261
6297,199,199,11
60393,50,50,21
5829,9,9,86
90044,699,699,7
194735,5000,5000,145
199956,500,514,318
192095,65,80,8213
6370,973,1412,9001
38794,47,47,44
152875,338,985,100243
7072,15000,24475,18
194798,6575,79900,76
192872,3,3,866738
38812,362,364,56
52329,800,1365,48703
38836,171,171,41
199942,500,500,177
153616,300,89900,64
33575,200,200,171
171828,700,1000,28277
38864,391,2955,9
109133,80,136,4486
109628,172,188,388
154164,25,122,105728
58264,37,38,33
58267,11,15,202
192946,15000,17023,35
30821,12,12,66
25421,14,14,23
192966,9000,13103,248
200106,187,187,14
30820,200,200,25
774,100,122,13232
25886,1471,2500,1532
192663,165,165,9
192616,2525,2525,33
198436,10043,10043,40
179368,7498,7498,18
194792,2943,2944,120
194814,2049,2493,334
194803,4975,5726,161
194816,2075,2527,356
37093,19,81,24
194797,47133,64900,160
194786,1990,4626,366
194807,4516,7845,50
192702,8000,8000,15
193029,9509,9509,16
56150,29699,29899,12
159867,14,14,115
129285,3800,3950,72
4599,2,2,87
173042,40,300,271
162663,196,196,4
172051,50,15000,6359
60398,21,21,117
21222,19,19,97
136375,700,801,18
4405,99,100,151
197736,138500,138570,678
204442,400,400,15
33452,5,2100,1912
168790,300,300,14
92058,88801,88801,5
193560,34900,34900,68
74712,70,134,44
158759,2000,2000,3
76642,391,391,56
108333,317,324,1450
168215,760,1180,21074
178225,400,400,37
171276,12292,13921,585
116149,499,999,856
182737,14,15,306
194785,330000,330000,71
60486,44,44,270
176887,4800006,4800006,4
199997,1249,1391,350
158736,4599,4793,2
173362,100,100,36
55054,27594,27594,16
194755,11200,11200,20578
155603,57,250000,841
127840,2000,4380,87
33546,22,22,16
7912,4,45,42807
3576,299,394,9230
22459,348,350,185
152579,910,1106,10415
168314,15,50,730
38945,846,1212,49
158839,34,390000,166
158857,2249,3649,3
167861,800,876,2126
158870,44,972,361
193030,955,955,189
175241,7,480008,656
158860,121,121,20
163077,15,15,57
25411,15,16,30
155636,70,87,79
39965,413,413,26
41490,225,225,8
67385,350,370,42
159959,65,70,6701
198311,1400,1979,224
155605,331,332,98
20709,9,15,170
158859,110,110,188
158808,132,33614,1660
10593,1998,15199,636
198176,5000,5000,319
198201,431,431,48
193236,27700,27700,960
208748,339999,339999,223
158779,2506,2506,1
21114,1,1,69
10586,13000,19999,59
153512,2400,2500,36
191502,50,100,144
160484,73,73,14
191509,30,30,131
61986,99,100,184
155593,60,300069,231
158752,200,4800000,40
19221,1,2,424
4231,493,2594,1189
152512,883,1000,194587
192646,159,159,241
75026,63,63,184
191503,30,45,577
205464,179,207,45
192937,7949,29143,184
109132,99,2075,11378
27858,3,3,196
41731,6,7000,1754
33631,5,5,82
25409,38,43,132
158750,698,998,8
76513,100,286,193
76533,297,297,43
60485,21,21,863
76534,100,115,45
76563,100,100,48
76569,100,119,27
61978,2795,2796,4755
194857,350,690,5843
76638,170,99900,23
171286,2032,2798,1523
177256,74,74,70
19222,2,5,162
41976,1209,1209,17
114008,25,25,10
5263,1501,1501,37
74822,7,8,108
11444,255,255,362
118415,14911,14911,330
4787,6,6,48
22527,3,3,244
158813,135,135,31
192833,198,198,20785
158744,7918,7918,5
22528,17,18,1623
104126,5990,12500,509
130181,15000,15000,2294
158867,249,250,16
130180,2285,2899,1371
87885,5675,11000,962
33824,8900,10905,56
139289,43214,100000,199
18294,2400,2576,118
194754,24498,26900,2535
192722,8680,8950,4
192687,190000,222500,8
13754,750,40000,781
113111,75,975,4002
120150,82,87,388
537,45,45,3
45190,10,21,63
62269,62,62,15
45194,1,1,37
132230,1416,1416,6
15992,8,3000,5136
158838,2299,2598,10
163695,9069,9585,326
58489,3489,3489,78
22451,39497,69800,4124
169143,10097,10097,1
169139,90,90,3
153665,293,1989,34
169149,90,95,24
165017,355,371,507
200059,74000,74000,369
153664,285,300,41
71877,17923,17924,36
175056,1700,1873,10
172059,55,69,11325
57192,68,97,272
178786,65,88,6267
172056,50,70,7115
158756,2297,2297,1
132185,1523,1523,9
172058,32,39,9055
9355,16,16,3
132229,755,774,4
81194,4,4,546
193384,182,182,36
19933,122,122,13
62271,89,89,205
29739,399,50047,77369
115815,55543,55543,31
186677,35000,35000,3
185479,105,105,21
34068,65,285,87515
185482,2600,2800,2
176872,154,480054,94
184391,294,294,13
172439,360,375,7697
176881,100000,100000,4
52226,500,500,85
2455,35,1031,634
176869,45,45,106
178135,5400,5500,10
21877,9,15,129343
176865,100,100,78
176855,178,178,12
45195,125,125,15
163051,519,519,4
8831,1200,1591,12841
2515,1998,1999,1021
3030,1000,1999,3557
172053,7,107,41086
29451,4,5,347
92741,649899,738994,87
3670,1493,1494,91
191376,200,225,1384
191950,1275,1275,1140
200573,3799,3799,1603
46376,2200,4499,501
87228,690,690,75
111651,22,28,209
192911,329,400,41
133575,13,13,836
133573,15,24,221
200841,1694,1694,54
205222,1000,1000,3
154899,7,13,47128
28100,299,369,351
27655,3,4,100
193552,24000,29525,635
2683,50,50,46
6290,6,6,1198
5525,3,3,317
62519,100,226,96
112449,1,3,3018
12404,17,17,2064
3299,1,1,53
160705,4,4,8238
7068,6,74,5936
3301,31,22200,75
108920,8,9,113
724,60,60,89
5095,5,6,77
8150,3,9,6301
5527,28,29,517
60577,44,44,61
23756,120,1002,128
61982,1,290000,4
19299,1,1,285
8153,43120,99900,4798
12208,5,9,1406
7078,27,40,25277
32905,2,99,3398
4592,2,2,1758
103795,10010,15000,13
103786,479,479,18
1707,1,7,525
1206,2900,19900,10481
60576,21,21,156
7909,89,100,3283
4600,42,42,34
8146,7,8,7
19223,3,9,2018
33547,36,36,25
733,4,4,259
11370,1272,3899,66355
6888,2,3,174
11942,599,599,14
5128,50,50,3
197770,12,12,4677
194811,1592,1866,151
39212,25,25,31
2841,200,285,19304
158828,22,22,21
5469,28,2500,10460
193957,250,300,388
171301,35,448400,115
23380,2000,2000,16
169146,7100,7160,4
117,131,55501,9906
19284,2048,2048,17
191383,5970,7499,42487
41339,200,500,136
201317,1068,1186,240
137239,27994,67446,177
109131,100,342,29802
34721,20,20,66
74851,215,225,1327
38809,98,300,53
38847,420,720,51
198219,339,391,941
38799,15,1004,22
7074,55,200,92
38839,99,100,37
38866,173,174,107
38867,14,90,307
38825,21,23,148
200804,2900000,2900000,95
200790,1098,1098,139
199980,545,682,736
153442,4500,5511,116
44947,495,496,19
200837,7645,7645,48
200835,1080,1080,74
200814,5794,6694,72
23448,34900,35000,1429
118428,25,100,69
193470,140,1000,67622
200797,9700,100000,43
191260,2185,2700,284
20424,450,1037,6898
198493,49900,54000,689
200771,4195,4195,24
36921,330,30044,1110
3169,119,200,73
158823,287,287,10
197785,1900,2095,3653
191382,2297,2298,17347
38777,15,15,76
23787,72099,72128,547
17011,20,49,3643
58263,11,480010,200
172346,25,5876,306
152631,77,77,16555
7076,33,38,10213
80431,1276,1276,714
119102,3598,4098,5
33081,1490,1490,12
119101,9798,9847,3
25899,87721,87721,38
198308,875,879,336
198175,316,316,146
172146,1682,1682,7
123918,988,2157,520140
76588,4199,4200,21
142117,50,55,7077
19274,2000,3500,14
19233,597,797,19
36926,100,400,1334
198194,937,1475,3960
31679,5800,7600,8
64397,544946,950074,992
1645,2,2,545
8172,496,596,204
153662,6977,30088,175
199995,840,840,463
38558,1372,5925,6759
38949,11,15,239
38967,743,745,77
194733,630,700,59
25708,4900,7400,26709
199938,80000,89999,29
38374,1450,1950,91
35623,3280,3659,2758
200853,15000,18000,17
154126,1290,1298,195
112321,185,250,2124
3928,9,18,640
29460,6083,49997,14910
32067,225,1499,1312
28103,499,1999,1027
173039,5,50,231
3388,255,255,56
3828,2783,2784,53
32230,115,5067,1889
136551,700,899,13
40097,799,900,84
191370,4498,6990,351
52752,549,593,91
4784,6,6,114
90058,54,287472,29
105704,300,300,23
58084,899,1999,717
198305,346,361,52
6052,35,75,126
191513,4758,5110,2165
191326,8390,11000,1293
38848,49,49,18
38845,39,40,100
166804,4298,4387,407
193954,178,179,26193
76087,199,6807,487
200037,6082,6788,3038
76096,189,420,114
30810,23,910,50261
19281,5094,7595,14
200040,5054,5454,1213
104099,2500,12500,636
36910,8200,17500,19422
108343,57,84,4639
158862,142,142,87
155608,32,32,141
76093,98,999,720
137556,4000,4000,280
38820,2399,2399,29
80593,8,8,82
80592,133,500,739
80595,56,76,138
76084,1299,5999,413
80594,570,571,77
67511,100,100,25
192942,28115,45508,725
52768,28,29,83
89893,355,999,1974
133591,318,318,834
89888,455,999,1290
42780,575,600,53753
194967,177,233,197776
194968,196,294,122368
168313,15,20,1185
194969,167,230,230750
168498,8900,14900,590
33457,3,67,63
154167,260,260,97
83092,2121196,2121197,20
191474,439,458,132699
200582,2226,2872,6220
197759,324,324,2934
76668,750,880,80
76672,299,343,111
159466,100,129,51
24449,3000,3431,4369
138488,600,1875,3128
38888,1376,1377,24
38889,28005,28005,174
74839,500,2545,3177
74838,500,99900,1252
56160,920090,920090,3
72095,7095,7100,10550
74857,969,969,277
27437,91,2500,6091
2675,10,2475,8918
2674,540,9999,6388
2775,2796,2800,2447
116266,220,340,1345
192972,65,180,569
23077,89,94,198
205868,191,191,108
198397,559,600,6897
2997,19,23,203490
204829,2352,2500,1550
41800,9900,35100,917
168797,190,190,12
21071,150,2464,8063
201428,6500,6500,325
130258,160,162,30
77531,9108,10000,188
74645,1361,1513,161
191498,2939,2939,39435
132223,285,300,36
107472,108,108,34
106824,21,21,86
172044,130,299,681
75038,250,6497,1318
39774,915,1244,5261
172048,70,129,1499
36932,275,895,6002
172045,50,8525,13015
38772,40,50,73
191385,220,1000000,4504
43109,444,7096,36601
18224,18086,299991,2444
43105,1265,1958,6977
194795,4542,6373,140
176807,137,240826,8
191386,413,799,8242
79253,200,6000,64754
4291,14,14,2366
32902,2,87300,8619
194048,492,48052,9926
132184,199,480020,492
197737,50055,52172,33
192685,2200,2200,6
203407,20000,20000,187
193387,250,250,1
199951,600,749,145
168419,7000,7000,477
191357,2593,3200,1125
205870,193,193,21
57067,3600000,3600000,5
38965,20238,20240,13
192993,13142,13365,3896
130246,99658,99699,72
52121,100,275,114
191256,400,400,410
199188,200,200,71
21224,70,70,49
38874,7472,7478,54
193927,25,29,485324
132219,855,899,14
189143,144,179,37768
61979,1155,1157,3250
30476,25200,47500,7
6048,100,268,477
194690,485,6963,1921
56968,3590,3590,8
205221,700,700,6
6362,2,30,2655
163054,500,500,63
2888,20,20,93
5136,5,4800002,49
171437,69,1984,679
108439,4999,50000,945
154881,75,225,1620
59231,956,956,98
198047,1999,1999,30
56033,160,160,46
22791,470,880,785
37705,680,700,4846
176089,4800080,4800080,2
25813,1947,621974,14
24476,4366,99900,231
158327,950,998,112
44757,250,4800020,13
2319,310,1290,74769
25435,12,12,91
35948,8,200013,220
7097,70,5074,92
171195,50000,50000,32
208189,450000,500097,167
115806,145,145,33
190331,7900,8934,108325
198302,899,900,27
12207,18,18,372
124640,398,950,107509
2835,3,100,29210
33576,125,125,24
6289,1,100,107460
38875,3772,4143,22
137558,3610,3799,27
151257,1500,4400,3665
193561,15265,16593,745
173160,15200,50000,610
201312,999,1846,241
177715,70,117,160
41485,200,200,5
52144,137,137,7
31944,5712,6050,19
5114,22,22,116
111444,49,49,441
30477,18,18,1
3170,75,75,32
172934,300,9999,11436
13460,17888,17889,4
44754,3695195,3695195,11
2295,2,4800011,50
191393,85,269,10574
197760,340,50001,20431
194825,400,480002,2071
11392,35327,500000,98
6712,50,201,103
4365,10,12,611
173075,14060,16869,290
173074,15999,16121,204
11391,3,4999999,104
11394,150,4999999,82
128839,225,225,63
25456,81,135,552
198298,100,101,80
1177,3,3,49
193956,68,69,419
198304,100,100,19
56036,175,480075,9
34330,504,504,291
85584,399,400,872
173937,1568,1568,19
173077,13488,13720,38
74852,395,400,1472
173072,16400,16401,159
138983,37381,37381,2
173094,29200,29707,175
32249,30,5045,2962
109992,115,312,4609
52078,2500,5857,9036
192850,105,129,20973
12655,482,1238,33517
818,1000,25090,1978
13758,199,4500,7553
64670,10,10,1317
190320,346,455,212295
76661,400,151550,40
109118,96,900,78419
4813,200,480022,22
112299,520,520,18
200785,4639,4639,9
112281,400,400,7
184202,19,19,31
112286,700,700,15
83097,2,2,28
142101,3099,3100,70
49602,780,780,1003
64392,18715,31206,1883
64394,25603,150000,208
4607,1,1,49
139036,3656,5018,365
24231,79,80,22
5374,1175,1175,54
109136,85,2500,21050
76645,291,291,41
76650,350,384,74
76641,240,249,60
4601,12,480012,344
41475,223,223,26
52128,124,124,18
173110,399,594,5367
173172,299,450,1019
76666,175,175,68
76674,878,878,100
76662,291,291,72
12359,55,68,21427
76663,400,498,27
76667,400,50150,4
76670,800,800,84
41483,450,563,12
39955,100,100,8
52142,294,294,19
43120,4700,4700,4020
76539,125,150,17
52118,417,10148,9
184096,8879,25295,264
52166,638,638,14
194015,39900,39900,146
158382,333,333,424
173171,399,500,837
212647,1000,1000,9
200476,600,600,79
173109,399,594,2354
52089,90,90,68
52093,171,171,18
41446,200,200,10
2892,9,9,4
38261,100009,100010,22
168786,249,297,5
41439,475,475,4
5363,8800,8800,1
151564,929,2437,71976
40011,333,333,47
152545,76,100,32820
204859,499,200000,1228
171833,500,919,15842
52102,290,390,24
19183,1,2,16927
39942,112,112,17
41460,113,113,5
39935,109,109,10
76556,100,110,27
113263,25,241,10258
52155,249,249,2
76687,150,574,33
158201,5590,6000,514
43118,4500,4500,1354
76680,200,342,56
39339,2125,2399,9199
198416,3963,3973,6592
139362,49900,145000,322
43106,199,608,17873
76688,330,335,36
76685,311,338,40
12223,5,2510,3922
43108,179,1234,6872
154891,13,13,2336
27669,48,422,1054
30458,76,76,41
27855,3,3,217
192952,35850,43099,920
81055,25,25,546
90407,16,5016,19464
193247,13510,19174,8949
191351,597,2500,319
194050,93,123,27047
2924,6,820,5901
8364,19,26,444
17222,12,50,248
66945,599922,612025,4
201193,200090,200090,27
194826,3010,3910,3381
191324,794,448400,1011
175955,15000,50037,139
34860,10000,10000,2
52977,536,572,3447
167738,35,49,512176
46361,4499,4499,4
45907,100,100,2
3927,89,90,9541
132190,696,696,6
2940,63,63,15
173912,83549,83549,1
45979,26812,26812,6
158801,1898,1898,2
118392,98,98,3
132211,3497,3497,11
16203,768,1299,14993
9060,6000,6400,94
44753,133,133,10
11590,1002,1002,16
4392,10826,10826,136
34054,52,92,1931155
44773,292,292,59
12363,22500,27577,8374
3673,417,417,21
6947,4,4,8
15409,4999999,4999999,17
13452,9796,9995,605
100734,4096,4096,7
118630,1179,1279,247
158202,6000,20000,878
90557,2499999,2499999,4
17030,40065,40065,10
89639,99,225,393
4096,999999996,999999996,5
19441,18,24,8790
43653,10997,10997,10
168789,319,319,11
29580,16,216,11
192656,7043,7043,4
4552,1092,1092,11
192869,22000,27500,3286
192861,538,1375,29923
55978,99,480099,60
192858,375,375,22329
43694,8999,8999,2
191349,1340,1856,620
192857,321,353,8653
192856,321,368,961
44752,22,22,36
30355,1305,1305,79
132239,282,282,9
192853,321,321,3173
191332,9800,12599,743
32464,105,398,1132
197766,203,203,24517
93970,144,144,16
127845,1055,1056,7
62521,416,416,56
198241,1010,11192,1155
197720,6175,6500,121
198198,7399,7799,623
177025,2095,5095,73
107603,40,42,47
43658,800,800,6
34843,223,223,2
192841,167,186,16092
44772,86,87,216
173359,11997,11997,5
132186,384,384,13
106868,189,189,44
34841,2870,2870,10
45999,16999,16999,3
52190,6000,50000,1550
71810,68400,89542,662
133913,204,287,122
24511,75,98,1123
36814,63,65,62
18222,369,480031,104
22785,175,9500,3288
36811,28,28,191
85506,64,2020,1975
198197,22400,31000,1576
4602,2,2,29
191864,70000,70000,11
33462,3,62,74
24054,2100,4887,11
24055,1458,1458,17
24065,576,576,20
17056,2,73,26303
124671,7775,10000,18058
191861,2500001,2500001,55
21213,49,200,7191
133576,392,498,5638
172416,34,38,1168
59479,10000,1499800,11
42931,323,325,139
41338,13,15,143
130217,175,175,207
200836,1249,1249,83
130215,200,200,108
46000,374,374,4
171278,9185,9300,2240
171349,95,98,551
45981,92258,92258,2
3674,2,5,24
127838,2400,2400,58
107476,22499,22499,48
147210,52000,52249,2
127839,4000,4400,476
162674,994,994,3
127837,2069,21743,109
11403,21,21,14
76519,100,107,17
138290,1000,1000,39
159850,3326,3326,14
127841,3964,3964,99
67401,31,31,9
159873,5086,5086,15
27442,1800,1899,3
163018,10000,10000,61
187699,1453,3736,42796
163083,10000,20099,99
163098,2546,2546,76
163105,2000,2000,34
195457,2170,2170,158
21552,4400,4400,333
29393,10775,16373,205
6291,1,145,26977
29394,1508,2335,194
29395,603,603,75
52326,1700,4449,37610
82344,576,576,21
74841,99,1500,53500
33236,4,5,128
3181,175,186,48
153634,300,99999,52
153630,2093,2598,7
173761,49,49,27
153629,4700,4700,17
153612,3598,99900,50
108341,57,68,1427
22449,140,399,41456
62276,165,165,33
62277,23,24,71
31903,299,9999,448
124111,7,5075,12419
154898,10,90,25820
34537,800,975,23
29799,454,454,16
171263,24,4124,371
111668,19,27,927
153490,78,104,304
24406,1000,1000,9
22529,499900,499900,170
173060,73,75,10124
193258,198,300,40324
41802,37,59,6836
197750,31,79,16524
152561,30,30,147
36782,10,60,2931
32388,8099,12009,13951
90551,4000,4798,78
24338,3,3,121
3775,4,4,5
12735,28,28,15
5117,22,43,13
62275,35,35,1
8483,49998,49998,24
132216,899,899,11
27441,35,39,25
60390,29,29,1
5125,2196,2196,2
173877,147,147,2
97161,115,115,17
87234,220,300,829
11404,49,49,27
62520,246,248,420
193360,2469998,2650080,153
90555,246,246,43
24246,75,320,15309
5237,95,96,4
127834,130,134,1375
23097,200,200,106
193369,274,292,108894
158757,4500,4500,2
191353,457,7000,5403
38862,35,35,38
31889,425159,425159,3
76131,900,50000,4693
21845,23498,23524,1020
168654,18969,39999,458
76137,435,7800,7295
108335,109,999,34571
198502,9954,9954,309
198496,4298,4664,94
194730,140,174,184317
199204,87,480068,730
204092,72000,72897,84
194824,100,475245,2153
130174,158,158,632
171832,208,379,30466
118901,1000,5000,37
40085,177718,177723,2
192835,450,575,1041
52747,6798,6799,55
52746,511,576,74
23094,710,810,229
52754,14372,14376,33
24243,950,1029,2966
4604,2,2,359
52748,4186,4889,197
130218,245,250,133
58088,18499,18600,676
9308,2,12,662
207086,49999,49999,89
200578,1044,1149,36
36912,1198,1476,30311
154165,5,14,307517
155629,70,977,649
155618,38,480040,938
44756,90,480000,67
200054,199500,219999,1313
204701,70098,70098,63
183955,818,998,2257
109217,90,150,808
27429,5,2500,2474
18631,4158,4276,359
198290,103,199,82
199189,170,171,68
198165,3775,3812,357
153479,3600,8989,221
44922,7697,11868,1027
43107,1215,2812,5330
82445,1400,2100,28
199937,2400,2500,73
168311,77,100,2088
197753,328,17200,4874
133590,22,36,1878
159471,7,10,107
77541,6800,6800,183
68140,2,2,193
141319,125088,125969,37
85221,10684,12500,599
19231,2588,2588,12
132752,23,25,230
173040,49,4749,525
45087,43,200,6760
52988,565,825,62050
43123,1000,1452,701
34599,40,1400,495
19259,3800,3800,20
19270,3500,3999,13
153633,900,900,14
210245,6500,7000,61
19279,25000,25000,18
19280,1000,1200,11
141320,1000,1000,22
124661,6200,6200,184
142336,10,175,22072
68660,399500,399750,2
80587,12292,12500,600
132231,23,23,200
8170,223,362,15516
60224,2564,2595,19570
199051,99,135,24
76640,530,538,88
76675,400,435,15
76076,326,999,568
140753,350,350,7
172921,198,27599,256
200304,239,239,96
198278,886,963,17
193924,359,379,1228077
198185,70,9095,7980
765,279,698,21979
201409,142499,179900,500
158203,71,72,58
39317,49,49,9
7098,77,4800077,87
56046,1,480001,300
37092,98,99,107
22786,175,364,21003
171266,38,80,1416
173161,7400,12856,520
79254,146,422,14429
43466,95,96,117
193950,50,861,739
193925,1110,1500,3367
43464,298,399,90
27502,150,150,33
2677,182,5000,8847
163651,10097,10097,2
191364,1600,1876,799
122348,159,159,83
132183,300,300,40
122346,100,100,20
122344,50,50,101
122343,158,158,154
89329,438,438,133
108331,404,412,382
108340,125,137,732
2070,1,1,58
33461,27,75,73
31673,100,200,98
5134,350,350,8
25453,20,20,43
81402,28,50,93
8151,899,900,181
200507,2300,27500,5817
2447,411,698,57802
8839,1224,2282,30085
198229,2709,2989,316
194009,250,448500,1305
193245,5815,8721,1379
193242,2643,39599,323
198413,223,231,50310
198419,190,492,14391
194758,5099,5099,1070
191495,19018,19047,7952
198412,198,200,26822
194767,3749,4050,4671
194858,400,405,78427
198420,217,500,3457
194855,1999,2198,18644
191494,12485,14099,10234
198422,49,69,234032
194761,2247,2300,4946
194846,349,400,71112
198415,3770,4157,3137
62518,23,23,222
191497,2200,2300,45292
191948,198,448400,331
194859,7855,14099,307
191496,2567,2760,835
198421,39,90,29653
197774,25,72,3747
188672,1500,50000,17
142406,400,799,177
193931,799,1300,18786
193939,47999,48499,1467
193938,54961,85099,423
193940,48350,50910,3049
38980,288,289,55
193937,33000,37400,1765
193930,375,375,4948
193935,32000,40089,442
193932,24991,65599,333
128999,2550,5090,100
129000,450,17040,15
15994,380,400,2492
129002,2435,2435,11
194756,19600,23900,2727
9332,75,75,13
43695,17500,17500,21
52985,1187,1400,7950
194856,1588,1775,752
152638,8800,14999,671
193929,899,1076,722
112285,990,1000,32
43647,8,16,884
191380,495,498,53522
112283,4075,4075,19
112279,1000,1000,20
52760,7500,7500,26
171287,979,979,4454
205470,20226,99569,226
79010,44,231,8057
82300,173,174,70
191363,755,100076,2191
194822,299,750,6515
173875,2143,480043,6
44780,298,480000,319
29740,3278,49999,18623
3358,1093,1814,7231
108326,69,168,1107
155615,36,36,167
43012,149,2097,51196
38822,20,25,126
22790,200,265,949
76085,497,5999,897
193923,385,539,193006
193244,13499,19798,2713
3177,2760011,2760011,7
129286,2500,4100,90
172069,50,293,928
22789,222,298,4599
11184,5,10,345
3369,1100,7560,1345
44128,5700,49900,10563
3355,556,795,1487
130265,4800095,4800095,15
188795,15000,15000,8
186017,3132,3133,1660
159826,522,1127,176
31912,285,300,27
194850,3498,3499,388
25898,24036,24079,34
24067,700,700,49
8953,3,480005,50
40177,3600,3600,48
23111,355,355,81
52214,490,1050,15
58268,10,100,321
14048,63,70,23323
147870,76,77,12
198414,471,495,8220
185968,65042,65042,6
198255,80220,80220,243
191465,122,140,102089
138196,438,438,2
13362,14819,14819,5
201405,13859,13998,10209
201406,12887,40000,19957
191388,2844,2848,48685
36903,175,195,6770
52186,2299,2388,7682
3240,93,301,24
23529,2017,2999,317
3241,95,700,184
4375,1909,25000,1987
116119,5,5,71
10560,891,891,337
52195,6294,25099,2836
172449,34999,35000,365
172055,7,107,68813
4865,3,3,95
197791,47,61,6486
176087,2500,2500,37
193951,124,280020,9924
190452,1324,1324,65189
197746,28,73,113049
74846,2525,2525,1472
124120,10,25,48518
201832,3290,3500,769
97512,529,1428,2104
108332,122,125,3063
194567,332,365,82
79238,668315,668315,4
130222,3325,18817,81
192553,179,237,327
62784,100,132,71726
5996,1099,2382,366
19262,5625,5625,22
41812,84,4500,25558
192902,449,716,2602
7070,21,40,4365
162022,5950,100000,122
187931,119998,120000,576
140630,56592,58093,304
190330,899,1073,74086
190329,8200,8434,94405
53051,33,33,736
204311,195,195,17
20008,1862,99797,338
22825,491,1999,732
194124,510,540,71842
149755,2881,12495,448
137644,12500,12500,1
56035,480025,480025,40
4814,5,5,20
193019,500,500,40
113576,10,10,35
75037,500,900,72
58091,855,13525,350
106870,275,480044,782
58092,220,400,376
132199,300,300,123
58146,199,200,135
44781,2099,10099,39
154121,372,389,375
41266,3800,3897,289
52242,2500,3056,56
128989,18500,20200,4
175886,4,4,6806
85570,3550,4750,32
193261,3,75,135690
191940,2099,2554,12897
5637,495,615,196
193226,5023,7811,799
193248,22000,25900,974
20676,471,475,3
193230,4539,6437,7787
20679,274,300,40
193238,23624,23750,3000
193237,12584,14073,1603
20545,275,275,6
200055,69995,72499,213
193249,17010,17047,3854
193223,1200,3300,27916
20541,271,275,6
193216,396,1500,5849
193227,5179,5197,1044
193243,2700,6099,609
20677,274,274,3
193229,7324,7324,2509
20678,475,475,7
193222,1670,5511,6845
198188,431,450,3814
189541,8349,8350,2810
198184,98,107,5905
198189,1467,3067,3043
197757,200,286,182460
198195,15399,18599,438
190536,29482,44078,452
190537,17101,23805,707
190311,288,288,1162891
44574,1000,1000,75
61983,20000,20000,21
198191,1400,3178,16544
61984,2001,2001,5
200580,1000,1040,17
193378,5921,5921,816
61985,3410,3777,91
193259,98,99,296396
200568,1567,1568,24
198186,599,1860,2429
76679,180,191,20
190535,42549,42569,1401
189543,15034,28000,4452
189542,5795,7537,7805
197756,65,71,152715
204994,334993,498599,443
160710,20,39,3919
191518,128,130,2035
10290,20,50,13444
76078,449,555,604
76676,550,628,59
39683,16499,16800,487
85504,1000,1000,53
191394,1300,99999,1679
1701,19,100030,28
200652,3899998,4995000,261
192703,2090,2090,4
53070,16,5057,4130
126934,999,999,22
172063,700,700,1461
814,6,142,824
7972,5,5,11108
163145,467,467,71
52843,14995,100000,1898
129284,1750,1800,24
154168,2000,2900,1383
109624,15,100,4484
39562,480040,480040,165
87579,370,375,451
205698,2577,2577,8
45628,19,19,39
179272,22519,22519,55
179273,1115,1115,39
136606,215,215,63
193963,125,150,2951
17198,30,100000,184
192723,2198,2199,6
44277,550000,555555,22
33866,799,5999,626
44274,121011,121011,15
205012,100000,105932,21
44281,66825,66825,14
44275,9900,9999,4
39502,389499,389499,22
154885,40,65,2176
192096,62,62,139346
39944,500,500,1
38849,295,300,31
162516,92,94,50
11393,40,480055,100
87238,125,200,1005
192634,80,480083,270
182121,83,83,15
74919,582,582,106
75016,93,297,436
87236,157,157,45
81406,15,18,107
200843,6458,6558,3
204790,24,50,709
4289,11,280,352027
23105,300,300,7
163207,1477,1477,50
109120,1750,1750,12
192690,225000,225000,25
78883,28423,35000,1226
87872,150,200,1097
63246,2,8,246
32209,200,200,21
3012,20,20,65
23572,178,499900,2696
47831,100,100,24
54627,719999,719999,7
192860,321,321,2146
172419,95,111,183
23116,99,99,65
40000,197,397,14
172061,50,60,871
180409,890,1101,32
172062,330,331,1149
198833,5000,5049,14
179308,1999,2000,19
25440,66328,4800014,22
179278,99,100,16
179277,804,904,11
114004,100,999900,18
193565,41300,44053,312
200822,2810,2810,21
41100,5500,10000,1378
71825,36949,36949,18
191378,320,899,8468
4097,75,80,37
153051,8,35,151523
172096,1097,5000,14785
130172,419,700,2965
40039,900,1000,54
192747,61,61,1358
3864,590,845,1167
15410,1500,4461,8410
955,5,6,42
87226,85,200,662
188682,26962,480095,53
172010,1500,50000,215
77101,14992,15000,643
204702,219000,219000,159
168642,500,448400,148
208747,95000,108800,27
136654,88,89,705
183951,235,238,2960
22837,375,395,66
79102,200,500,205
2318,105,275,75810
5466,1,1502,26713
192845,148,149,50455
3180,11,22,56
172407,54,448400,126
58265,199,497,50
97624,412,84105,121
141910,23699,23700,313
183952,250,250,1552
198297,90033,250000,39
43535,6606,12500,394
1710,100,100,131
153713,255,255,217
22374,390000,390000,61
115351,31,31,16
200793,1575,1575,88
38850,499,540,30
178123,2500000,2500000,1
81410,149,150,66
35562,338,6423,22373
6529,7,10,427
136569,1500,6000,208
192994,21999,22000,2270
116408,900,3921,68
1475,699,868,147
168645,6,598,12896
203417,22174,23090,157
52207,19997,421800,22
192978,50,10647,655
71869,18909,18910,6
207087,119900,119900,215
116172,1330,1330,341
87560,340,435,63
3662,99,99,75
34825,141000,141000,3
172043,7588,12398,2180
56503,6900,7000,51
6037,295,500,21223
193420,21086,23286,4
124107,10,904,18331
32728,3000,3000,55
31887,300,300,47
83007,395,50000,55
200061,2975,3892,49866
133588,19,29,1326
42500,159,159,20
4587,12,12,10
133589,117,200,1333
4586,8,8,23
163691,4,8,62
6471,36,216,5572
5137,3,4,22
81201,43,43,116
87559,340,400,110
2449,277,700,31061
158188,921,5503,6100
156525,3000,3000,169
174352,2361,2361,55
174349,30,5540,59
198498,2800,4500,27
194568,737,737,229
192967,14030,25004,1399
192958,19134,30000,1160
199059,799,799,22
200569,676,840,69
198535,798,899,78
192935,52000,52000,324
159788,8496,8496,157
187831,70097,70097,378
40098,4516,4516,52
40044,8120,8120,32
192866,323,350,2898
171441,100,1998,601
4541,9,9,39
6807,1,2,194
41601,1499,1500,212
198236,1900,1900,22
108348,511,511,419
193964,470,475,8079
74847,290,396,9808
74856,1399,2000,8413
23436,12499,12499,25
199054,4999,4999,323
43004,40,65,208
194580,500,697,130
200027,36740,36900,871
151718,67500,67500,887
29571,700,700,10
18944,3900,3900,60
173058,6000,9984,23323
194794,8856,10521,304
199056,4700,4700,817
12430,9901,9901,2
172046,13,13,426
191336,993,448400,340
201315,500,657,426
74849,119,2551,16939
201402,200,200,24389
172363,109,119,212
160399,284,298,1951
9155,2500,5999,299
32851,104392,104392,98
41602,8838,8838,17
38923,237789,237790,40
70139,66380,66380,8
76531,100,108,15
71823,39900,39900,57
193962,300,300,38
40115,3074,3074,76
205043,4400000,4490000,3
71871,12404,335986,8
32839,250091,300461,9
200034,1290,1995,827
118015,4640,4640,63
52979,149,3075,13458
25707,2000,2947,8498
205793,600,600,324
76522,100,213,53
24066,576,576,21
38927,38000,39090,20
71867,12981,851324,5
22842,1500,1500,23
52090,1503,1503,15
41486,6671,18285,4
32410,155872,155872,26
52238,90,90,72
35318,20011,51186,28
59594,4500,5000,13
52230,22563,22570,80
52298,5731,5731,47
76894,18000,26350,53
139438,39797,100000,236
38863,45107,103311,33
76542,100,100,56
68358,9106,9106,50
52206,29000,30000,81
204858,6570,6570,79
153478,6420,13245,73
19943,20000,22256,193
132525,9502,30002,31
39954,6220,6220,10
38998,50171,50173,30
128980,6094,6494,80
153610,500,500,14
171196,776,976,56
205690,141,178,83
74708,230,231,110
68786,31689,31766,17
38831,2366,2371,41
132530,436795,436795,7
71846,149780,149782,30
38894,12496,12497,71
76682,100,100000,17
200791,4000,4000,33
23766,450081,450081,10
40106,1475,1475,16
24478,100,100,11841
154169,200,299,6918
39996,10000,10000,27
52291,9554,19832,13
24274,100035,109323,4
40045,3332,249800,21
200789,3000,3000,5
115814,35000,35000,4
52302,2310,2333,28
6042,2222,7325,104
40102,10018,10018,17
39992,105913,105913,8
40010,9575,9575,75
39997,10085,10085,29
38851,19008,25199,39
200773,4244,4244,10
56502,390,399,78
200852,1069,1439,28
198291,75625,75822,20
198314,500,507,191
198232,200,448,307
198254,292,3878,264
198260,181,9000,46
198620,175,9000,29
198621,29963,29963,183
76692,2079,2079,43
59596,400,500,47
128314,29400,98535,1896
200013,50000,80022,95
52327,600,870,11892
155600,748,748,11
86592,649895,15000000,619
128985,375,500,30
128983,400,400,33
128984,900,900,13
198261,162750,162850,331
111436,59,66,245
162574,1100,1100,43
37663,57550,99900,3443
107640,7500,99900,1795
36930,2470,2475,281
133688,29,61,102
23441,328,760,200
172364,98,448400,153
151585,7546,7546,14
4457,572,572,335
56051,1102,1102,2
87648,1500,1500,6
159825,487,1285,1048
41456,4500,4500,13
39927,6505,6505,17
52325,1500,3499,20321
53038,1000,1200,65203
173032,17,85,23756
71807,30000,40000,169
3821,3079,7199,27102
41495,1800,1800,4
39956,100,100,16
198296,849,849,52
201408,1336,1336,158
39001,1067,1270,54
38779,275,278,67
10561,1129,4730,864
38989,246,247,92
38810,195,200,126
5051,14,20,258
155635,50,500000,33
71845,115173,115174,36
40128,5500,294800,29
76511,100,200,19
41379,3500,3500,47
76527,291,292,10
71882,49700,49800,25
212770,427,427,5
83764,12400,12400,202
53010,139,153,22481
71720,43045,43750,43
151651,58164,58164,6
172920,29,21529,250
169445,10546,10546,1196
83763,12300,12379,282
173170,260,265,602
199195,1515,2214,1716
192910,140,146,161
22838,3199,3199,98
54449,500,500,31
186522,8720,8721,349
161344,250060,294000,755
52777,833,833,29
76698,5140,5146,61
52111,1596,2596,12
158855,2021,2021,2
49110,99997,99997,11
158865,127,127,58
158379,10,102,974
113290,776,799,44
158751,38,38,511
68198,16,23,392
168487,886,1521,21256
193262,4,105,33090
166288,285000,285000,11
192627,90,90,93
194008,594,350094,430
25548,50000,283097,21
174353,4,99,176212
104316,19099,28500,1328
200820,1245,1265,34
139890,79900,106900,2878
159787,9300,9600,56
6662,1900,2100,19633
198258,40096,48996,125
124125,3650,17511,62
198306,19569,59967,29
151431,15000,15000,13
198303,150099,150099,3
52217,945,945,45
198300,31724,33032,103
40112,3600,3600,189
71881,254036,264347,103
139398,4000,390000,18
7096,75,100,23
152557,244,19447,219
152812,11300,12950,1725
163692,425,450,26
76579,900,900,7
38625,425,2525,599
74650,945,998,382
201729,1200038,1200038,1
210688,18,977704,46
168755,1550000,1575000,13
13893,19998,20000,569
40082,13000000,183632693,4
38912,80,90,25
38968,28,47,74
162666,24550000,24550000,2
118576,123,125,326
201883,88500,250091,762
198209,495,895,134
201178,1000000,2862500,2
20404,100,250,1956
23445,3000,3400,1647
127759,90,1535,15376
11409,1203,1203,25
71879,254066,254066,75
76561,100,308,45
52204,950,5086,18
108339,43,43,2228
86597,49998,59129,44
31869,500,500,17
198313,2317295,2317295,4
137269,59699,72500,233
24048,941,1041,3
40048,5322,5322,32
23101,500,199800,25
40032,885,885,12
41435,685,685,7
114836,55,60,570
25893,100000,100000,20
68780,4897,5097,54
204615,1000000,2000032,79
25896,39264,39264,20
129020,39851,72234,203
52232,2557,2957,33
24053,100,100,42
52224,2595,4369,125
32849,190091,190091,23
38920,3689,3689,39
137267,40000,60000,290
25901,113,5058,19
52761,6580,6581,63
29576,199900,199900,6
41445,1814,1814,13
55056,18477,18477,11
74653,23,25,322
151608,17563,17563,168
74656,43,50,298
71875,8525,15027,45
32409,30064,30064,12
41376,13889,13889,25
124669,416,692,49663
52719,225,499,113628
6371,900,2510,8363
8957,25,35,120
4594,8,8,277
198440,400000,400000,10
114931,340,340,43821
44455,60,509,29
45189,400,1456429,31
3176,120046,120046,15
34055,46,96,795183
52249,531,531,70
68741,2099,2099,18
40088,4533,4533,9
71861,20903,20903,14
41377,12000,12000,29
40016,1514,2014,17
85501,6,6,11
50816,7500,10000,73
74636,700,700,107
38783,808,808,15
40173,2800,2800,97
71847,24996,24999,17
52295,5975,5975,16
52769,3043,3444,33
58087,19700,19757,128
29536,123200,123242,24
52237,1590,1590,20
33185,160389,160390,45
127681,499,662,3035
139339,30077,100000,172
137188,25097,72500,240
52149,9985,12687,4
52297,8000,8000,12
71874,17976,17976,117
127760,220000,220000,11
90057,373,373,117
76896,8287,8291,41
4593,10,10,103
71827,34901,34902,14
23099,1248,1249,9
8952,3,3,319
173048,40589,4381931,61
128995,8827,17828,29
29562,3984763,3984763,2
71828,89849,89850,20
139435,70698,145000,341
156624,1403700,1403700,4
71860,100033,100033,37
76652,896,898,20
200035,1642,1790,1948
200015,39999,40000,34
114001,740,740,3
38264,1000,9756700,3
13459,599,677,23
63348,900,1200,20
194562,913,450000,489
162681,388700,388700,3
127761,222230,222230,10
44936,102241,102241,25
52220,5193,294800,40
128997,1432,1432,47
68785,50493,50497,37
71856,31744,875583,4
39949,113,113,22
71831,39948,66233,30
168959,58253,58253,32
38893,4899,4967,220
52234,490,490,75
38940,40256,40269,44
35503,137804,137804,38
115812,29900,32500,27
38935,50096,55850,28
71836,37888,37889,27
71872,10901,10901,30
3859,1218,1592,22783
3575,599,700,16921
39360,50,50,2
39358,100,100,2
132524,100004,100004,4
62656,14,17,235
201407,7993,8001,28
139358,30098,68952,358
139442,59999,100000,151
52219,1681,1681,76
52212,17499,17499,44
62662,20,999,363
137288,54383,115614,178
188164,110000,110000,114
31868,2446,2547,111
49084,5618,12500,589
87277,358,375,1535
141898,59999,100000,261
129019,58165,59779,238
139348,27957,100000,166
42751,4062,12500,134
167539,4000,12500,607
43551,4026,10026,173
139271,62196,145000,244
139270,52006,69307,387
137250,64090,64699,235
137249,29999,100000,172
137238,39993,100000,165
139288,63699,100000,277
52776,6783,6790,58
43369,15000,20000,1795
55057,9950,10000,109
137293,63592,64998,383
104122,1200,12500,394
19236,1009,1009,25
129029,55025,100000,278
129028,60794,100000,174
139417,69698,77370,380
139436,62900,100000,266
139278,65000,125000,123
136826,36000,65000,225
192769,14000,14000,52
43334,6382,12500,405
184100,6000,100000,140
184097,9196,9196,617
129021,59194,60400,393
65502,8000,8000,1
162027,8811,100000,98
44208,6177,6177,2
65512,5500,6000,22
44315,1398,1399,107
163149,37,44,11
163019,169,10000,36
187884,159998,200000,272
4425,552,552,123
151540,79598,86103,840
139310,79978,100000,381
153437,12,12,70
139311,81480,150000,350
211270,10596,10596,73
3667,8,2500,9358
147868,2900,2900,251
109599,79950,80000,296
55975,99,4800099,99
134860,700,700,211
166583,19999,20000,114
194725,697,698,3007
152641,2184,5570,664
79538,7154,7154,456
173051,19999,50000,63
200043,533,6000,353
172368,529,529,36
172050,400,400,610
39361,115,115,4
116810,100,100,685
199052,1899,1942,96
162558,8088,8588,93
205173,247399,700000,19
3300,300,132597,310
158818,10099,17499,45
21747,99,100,643
100738,3020,3020,22
198247,686,990,3006
116811,90,90,732
4360,7,7,1301
191367,498,698,3151
200048,65994,65994,105
7296,292,292,7
192921,9310,22622,266
192554,500,628,461
21558,1,50000,333
100739,7,1234567,1133
109134,40,1200,8015
34850,1245,1245,140
5740,32,500,1975
52328,1600,3344,59531
186662,24000,24000,239
199976,1300,11039,445
153031,70000,145000,283
35947,8,9,171
35557,5000,13467,529
199057,89,30108,143
858,1,10001,3834
929,30,30,918
192918,15000,15000,109
168652,15000,39999,729
171351,52,75,544
76086,259,308,734
9210,11049,13000,1132
191358,3899,4822,775
199978,500,11039,218
23984,2,2202,1113
21557,1,3,465
21559,14,50000,309
153445,21008,21013,119
172367,109,5596,67
76088,360,5999,846
9315,1799,1799,138
76697,2550,2550,62
44493,4359,4362,69
153709,2176,2177,233
168506,150,175,138
200009,20000,40099,31
12217,5178,5178,173
199971,24565,25089,92
199975,22074,23044,19
128016,259778573,259778573,13
109629,547,554,536
163152,422,444,7
97623,140,144,166
109143,40,49,19877
210456,339698,2300000,598
163154,545,545,64
23785,8000,8000,297
4400,30,30,1795
7079,11,13,5679
153443,15818,17575,90
52188,111,193,277
151538,74399,145000,253
132528,6860,7000,15
76080,380,500,451
35285,470,615,22
74250,28,100,1197086
113289,85,85,271
168653,15000,39999,630
16202,331,1287,9141
213038,4299,4299,6
40079,488,500,320
115504,116,120,23317
44761,385,400,12
4236,9999,21900,2225
213194,258,258,3
109125,200,345,230349
43398,12323,12500,414
190953,13,13,284
128851,26496,42050,63
56516,2970,2985,13294
118704,500,500,463
139352,55998,125000,131
169300,500,12448,51
155814,99,500,178
46379,646,4499,1184
163223,240,7572,404
173062,9998,50000,62
194736,1300,1300,194
193955,495,495,2268
34861,200,245,110
175924,18000,50000,94
168489,17858,19999,1343
192934,7000,40092,174
5503,50,1501,30692
200619,53995,53995,92
67749,1300,1300,622
192653,182,182,13
200105,65,65,27
111450,13,13,960
12433,100031,100032,15
192924,15000,40126,143
128544,7497,15148,90
201222,65,65,19
200786,1989,1989,28
198220,1107,1413,649
43400,9595,12495,283
139312,1799679,1799700,24
40919,1986,12500,388
171203,10394,25845,77
23427,7398,17598,14090
30809,197,1999,54669
191371,15895,17500,2770
168501,5015,18343,42
72092,500,1569,42518
40070,315,1999,744
85559,25,64,285
82441,101,297,22992
35952,9,9,63
24291,495,498,536
34125,143,158,122
21881,54,99900,15659
33443,5,5,90
173059,260,375,52917
191500,4791,4794,1290
192925,26970,39797,1365
179286,100,100,7
117453,69,82,89
128219,25,25,4
128541,3920,4400,239
36934,268,20088,4513
128543,5048,6148,120
153480,9500,9850,130
128545,10379,10393,71
200036,1497,1880,787
191515,3500,3500,1457
192979,5275,7016,761
152640,7480,75000,260
43350,300,375,2222
3826,480,485,299
200113,14177,15995,58424
158826,5070,5070,8
5785,29,33,2327
104108,374,374,3944
173053,19800,20000,119
132225,1850,1950,6
199058,7098,7098,274
29425,300,1999,7878
194966,179,255,348799
38376,1999,1999,42
52749,46,55,40
76580,380,389,40
191506,11,387,377
200019,25000,25000,352
198221,4421,4421,173
129022,34650,100000,214
76572,200,400,26
191524,4700,4799,2133
152542,3,99,144805
198283,14000,14000,1320
191525,7069,7499,2693
153033,96391,100000,428
194724,300,407,263
191507,595,596,1052
191516,1511,3614,553
199979,569,6000,132
153597,7776,7777,56709
192973,7000,10000,526
199985,1600,36815,116
52126,100,123,17
199990,1000,2685,350
203763,745,1000,1460
158204,5599,21989,652
199962,508,508,43
44722,73,900,148
44278,25299,25299,15
44290,192060,999999,31
5082,179545,179546,130
53065,3475,5900,6381
9399,500001,500001,1470
173192,35,40,3036
30610,5,5,11
39980,130,130,25
4625,1445,2216,22608
87883,1900,10076,198
7966,98,33398,17837
52301,9917,9917,45
12644,25,25,1226
203762,1252,1276,2915
76656,122,123,11
76673,113,113,28
77545,4900,7663,166
89680,2500,2540,88
8956,3700,3900,148
52751,87,1087,22
200053,37800,37800,342
27663,150,200,70
22682,9321,9900,4471
38841,65,74,207
202401,150,150,102
21929,77,100,483
52086,425,425,53
52241,2500,2500,49
1687,4,4,4
53039,26000,40300,1760
21752,310,4500,1429
15412,299,346,6053
192712,1932,1932,10
172935,19,70,4709
43007,145,192,3193
38840,4785,4789,70
113530,36,36,50
197751,51,51,2431
76094,3,3,873
172347,39,39,358
172412,115,448400,134
1468,50,135,47071
86070,828,900,34
87232,600,600,59
87246,75,200,773
87248,5000,5000,44
39948,355,355,21
12799,170,170,843
41462,113,113,10
6308,50,86,8005
132194,850000,850000,3
77532,1177,1177,157
108356,800,800,64
109124,200,340,330496
108359,3864,3864,63
38880,15873,15873,18
109142,3,9,6381
166270,54,7154,40
176882,4500,4750,2
153707,1600,489100,112
191523,6071,6272,73
60399,44,44,43
3676,6429,6429,71
68197,18,18,113
37602,1001,1001,26
111456,12,13,1606
111455,13,13,381
168812,3518,3520,4
191381,1498,1498,10953
184049,99912,99912,2
62341,12,49,37
129158,1,8,1009
192842,172,6900,43476
71883,257456,257457,88
111438,89,841,746
7099,3,3,3
199946,2700,2732,131
23384,2,2,24
192922,39999,40000,933
11385,340,340,17
24479,13870,14599,663
191505,4175,4375,771
45912,45098,45098,7
43394,13980,16980,1333
192963,27569,27569,41
168795,2900,2900,11
183203,4998,4998,8
183208,9998,9998,3
56047,22,22,26
54831,54,54,97
155811,128,500,149
155812,475,495,74
194732,4598,4620,261
155813,490,500,220
192948,21284,23510,1426
191944,45,60,3044
54620,2501,2501,10
50438,37709,37709,5
174328,570,600,1057
35951,9,9,236
200023,6265,6670,389
39342,224,250,14500
39343,500,598,23000
158205,3,3,5113
136544,95,95,6
92431,179952,179952,3
38868,13693,13695,33
198423,115,115,11524
95482,25,5025,213
95481,25,5025,363
109139,10,25,18349
16167,5,5,64
183953,1000,1325,3847
11415,54,60,50
199943,550,550,141
117439,69,89,86
87242,75,175,861
117442,69,89,121
86073,322,322,24
152494,90,216,531
171264,60,75,323
40124,4500,4500,27
67399,182,182,3
1080,3,15,468
33042,175,175,116
194751,474,474,1399
77272,1587,1587,27
127844,100,150,370
20540,13999,14000,4
133571,19,200,541
20435,156000,156000,7
193391,168,168,11
52112,176,176,9
41397,135,6081,16
1181,11,11,98
4380,25,44,151
37118,1,23,3595
38954,244,663,35
205016,1788869,2000096,30
57099,200,400,191
63291,35,35,50
198240,1277,1330,239
2665,1,1,2732
10562,8,8,657
74710,50,50,45
23737,99,140,401
23334,2,2,20
174104,19054110,19054110,1
183110,4998,4998,1
23385,650,650,27
23381,7,7,8
13365,400,400,4
128990,9999,10000,40
209034,187500,187500,11
18588,300,300,144
201725,682,682,790
21991,33,45,3350
23786,141797,141800,300
194868,1000,1000,22
180624,325,325,2
194869,2333,4481,3
136598,450,450,11
87881,5600,12500,372
194870,699,699,11
22457,9900,10052,2417
46002,800,800,3
179300,24998,24998,1
46001,700,700,1
194793,155500,166800,168
177028,95,95,5
57059,475,475,8
146406,52499,52499,79
163844,499,799,10
180880,49998,49998,1
71817,24487,24489,55
40180,1350,1350,111
57064,30658,40329,2
198497,28400,28400,36
63337,8500,8500,1
151719,1543,10099,4944
151579,3475,5061,6668
63343,29000,29000,1
180347,66633,66633,1
38427,9902,9902,91
180885,29000,29000,1
163901,16000,16000,8
118898,45,45,2
4407,50,88,137
5431,600,600,1
63310,7000,7000,17
172501,60000,60000,3
15993,450,2600,158
18512,700,700,3
204836,1200,1200,23
30816,1,1,1332
83065,12000,12000,1
65506,2000,2000,1
29564,400,400,50
65511,1000,1000,1
29800,80,80,7
85583,775,775,788
180333,2498,2498,1
65509,1000,1000,1
10918,175,175,14
54817,2000,2000,1
69839,50000,4800000,11
45197,95,95,9
116406,1000,2049,71
4367,600,600,29
4366,30,400,124
24189,23,223,13
59595,250,250,32
200581,2235,2317,22
117454,796,796,8
38706,216,216,187
187348,42500,42500,17
128499,1622,2439,202
177026,4792,4793,42
87392,9598,11971,744
52744,100,100,9
199973,5000,8800,89
128537,575,800,100
38679,10,15,3069
10514,18,18,174
111433,100,100,117
160053,1134,1139,938
200815,6040,6400,9
18641,100,100,89
6714,246,300,3068
67404,50,83,41
192913,100,105,1389
21718,1100,1915,865
43386,3999,12500,275
136856,46941,50000,51
205866,2099,2348,4
200616,8452,8537,863
201313,7698,7853,297
211400,22500,25000,530
80588,5700,12500,1027
193896,400,611,523
109141,13,17,12308
8165,850,1461,212
12803,3210,3210,1865
200042,999,6000,1424
200017,67900,70000,77
200812,8944,8944,7
42459,1820,2320,843
19225,4,5,152
21589,3,5,65
52770,29,132,50
109128,200,345,183010
198253,28099,28099,1
109129,200,345,212437
194799,2522,5900,213
183109,7500,9975,21
109126,200,335,352605
169333,147,10087,1044
193961,140,300,1489
111445,75,118,1112
200803,6595,6595,17
172410,172,448400,280
192957,5586,8374,132
38766,11,15,5980
38833,14,44,968
52555,357,482,8352
205224,1200,4076,28
22445,145,275,95970
52173,2368,2368,10
39957,400,400,7
76701,1200,1200,43
111437,98,125,594
24032,2546,2546,11
76606,218,218,21
21024,481,1279,1216
38768,15,15,184
120959,5000,5000,270
110635,328,330,84
43009,38,142,12466
108323,98,246,2637
200029,47992,48000,867
9260,99,190,992
110647,3316,3319,99
110631,281,282,44
43854,80,950,196
127846,1283,1283,281
76097,100,250,2563
6373,390,99990,189
9206,2700,5999,400
168500,7399,19999,310
191401,2058,2384,20102
22824,2115,2125,137
79251,70,75,55035
44146,220,285,44
44144,295,300,50
44165,95,100,46
37147,100,100,55
153219,400928,400928,11
29448,50,50,22
39218,124,124,12
193031,700,19150,3897
39209,30,30,52
39210,218,218,4
173760,69,69,300
31902,375,399,24
172365,85,1947179,74
153622,6000,49900,13
29547,12000,12319,2090
22644,121,2500,3640
23793,3100,3100,3821
15416,500,999999999,12165
153626,1400,1400,15
110624,1225,1227,89
112090,740,1999,1319
172415,192,352,101
153609,1300,1400,28
110625,954,956,78
110639,3768,3768,60
76565,100,523,21
153608,600,99900,18
110646,4296,4299,115
172411,70,174,245
110649,5288,5382,126
153627,400,400,8
43001,95,1999,261
127843,100,100,231
43850,9991,15000,358
158871,24998,37500,13
169332,89,2361,772
22202,510,929,2272
20381,19498,20279,2428
174282,22,22,43
76136,512,499900,8276
39916,110406,110406,6
155810,9215,9215,58
12205,13,33,10442
37704,399,444,2782
128842,129,129,33
130183,1200,6000,3205
28420,55,55,135
3825,4498,4499,262
199966,7750,9998,135
31079,7300,7900,1294
172904,7338,8632,140
130175,190,293,2492
2251,4,1799,4460
40105,4697,4697,14
40014,800,800,16
86026,29,29,28
40058,2087,2087,60
39998,7791,7792,24
130176,168,168,1723
25521,6001,104595,10
128849,1805,1805,122
23575,18,18,198
20878,66,90,57
20879,66,90,64
20881,66,90,49
22861,2000,2400,252
1015,2,2,3762
37145,200,200,37
10310,250,250,60
10308,249,249,22
136557,19,19,10
136556,45,45,24
136555,1050,1050,4
62653,205,205,66
192843,103,117,2036
179276,19,19,1
160483,16,16,31
111431,48,50,688
3730,25,1873,4790
193020,918,918,276
27498,80,80,143
19227,250000,250000,5
19273,700,750,14
27499,200,399,113
35563,180,180,492
133592,866,866,1600
194122,10000,10000,6
6457,2,2,10
76523,31253472,31253472,11
20074,220,220,60
200800,586,586,72
79311,9561,9561,7
61981,899,899,2755
43571,2,2,730
52129,254,254,3
172902,3400,3500,27
40167,1000,1000,92
52233,3078,3079,17
76574,200,211,9
39952,150,225,18
40017,5508,5508,32
204972,350,350,11670
76654,370,375,100
41466,215,225,12
74834,298,5000,2507
23109,507,507,11
39943,2618,2618,1
23118,90,90,21
41437,1040,1040,8
52125,1575,1575,29
39950,29886,29886,215
52300,9912,9912,21
39976,100,225,10
39991,377,377,24
104120,1777,12500,389
192876,393,396,966
76892,4575,4575,40
112180,7732,7732,32
114016,248,248,70
163558,315000,315000,12
24058,499,2044,241
52247,2585,2585,25
52135,2221,3422,6
76590,50660,84561,77
44465,2350,2399,61
207085,9498,9498,42
162029,6000,8811,180
115804,132,140,196
193895,2249,2250,1012
151387,10000,449900,6
151390,2599,2599,15
80591,55,55,275
178116,2277000,2277000,2
169456,1570,6600,1122
86069,1012,1099,51
38584,12405,12405,84
9317,49500,49500,23
9314,899,899,44
52771,159,500,60
44458,50,50,99
172008,3900,40000,421
43121,175,175,363
43122,2400,2500,4938
19261,10089,10089,7
4384,95,170,195
10559,361,474,190
44327,394,2999,296
159464,48,48,137
11285,60001,60001,20
76083,1649,6859,487
40109,700,900,219
204841,4200,4200,8
204835,239676,239676,9
204842,4300,4300,20
192837,140,2500,4115
76689,250,678,20
76699,2500,2500,79
119324,864,864,51
42701,1263,1409,61
18237,4097,4097,10
111673,60,62,618
2287,1,2,140
6811,950,950,35
41166,1800,1800,57
204565,42760,42866,39
62660,32,40,82
176853,38,38,176
201164,7049,7049,8
140668,200,200,63
41611,17674,17892,22
36931,700,1349,2131
136342,10,10,858
130216,188,200,203
173129,2600,2700,467
19234,200,200,7
19232,2449,2449,21
173173,295,299,788
81175,8,8,4
23571,89000,89500,133
170165,9030,9031,244
183954,1000,1000,10269
54447,400,400,45
205457,20900,22950,6
192668,2100,2100,11
198487,100,174,43006
36919,999,1100,330
130178,2058,2058,1098
44466,2962,2979,52
38964,99,100,35
52179,3063,12099,10188
58258,14,14,24
58259,14,14,25
58279,750013,750013,2
58280,2500013,2500013,2
22572,4013,4015,436
76540,100,100,32
129289,108900,299940,610
59229,2009,2009,141
35954,399,399,148
32576,4,5,164
88156,200038,272838,2
201046,500,709,1996
43646,40,40,2321
118899,200,200,43
179005,127,127,1
191873,89700,89700,14
39002,209,536,22
45056,4988,5196,69
62677,25,25,306
45768,10799,12500,393
108360,2400,2400,218
179310,207,217,11
198174,898,898,14
108352,4600,4600,48
173101,13638,13638,21
22836,98,99,352
173085,24250,24250,22
136567,60,60,45
199982,500,750,631
116409,1250,15000,1369
199947,549,549,289
205684,12054,448400,226
199940,594,645,200
24059,350,350,40
197722,1600,2184,9175
128793,25,42,63
67277,193,193,27
1686,88,88,5
200807,29036,29036,11
4558,100,100,8
154888,18,21,713
71809,8999,14000,213
32685,49999,49999,71
783,219,2515,1272
200574,882,882,24
200571,4983,4983,14
13851,13,49904,225
192944,9900,16998,42
200045,58800,59500,55
22794,760,876,175
25744,8000,9405,3728
34907,226,226,7
38431,4902,4902,10
38781,100,100,107
201724,1837629,1837629,6
200056,229491,229491,140
193557,2699,2699,349
46766,1506,1506,27
46765,1186,1186,31
153714,250,250,166
40166,1200,1200,120
192916,125,207,3001
153710,250,250,107
153712,251,251,372
153711,275,275,256
40169,2000,2000,64
194576,6800,6899,311
38429,10037,189137,94
34052,230,998,590962
174283,19,19,201
52095,339,339,20
39958,690,3043,30
52105,148,148,37
49600,1,1,19
76571,287,290,28
41447,220,320,17
39978,100,100,13
63296,60000,60000,13
3387,2372,2373,56
40025,9827,9828,29
38430,3099,10000,51
39691,224,224,99
52164,100,2500,19
76538,100,163,57
39951,130,130,54
76614,10194,10402,10
141641,7716,7717,23
52161,128,255,6
41593,8523,8530,410
39917,500,510,38
62237,710890,710890,65
113142,45099,45099,4
154887,18,18,1878
128841,29900,29900,24
113135,150051,150051,2
25802,9306,9306,27447
171272,40,45,693
172500,1500,2000,2
46003,600,600,1
45191,500,600,15
154884,69,69,3925
54469,6500,6500,1
63316,19500,19500,1
205240,27000,27000,1
194691,81,81,23065
13366,107000,107000,1
38269,475,475,2
67310,7500,7500,5
205686,23099,24900,142
4580,3744,3744,3
36794,250,250,11
188670,13,13,42
184390,306,240156,6
212768,1100,1100,7
212688,280,280,3
136546,41,41,2
132234,268,268,28
213182,2200,2200,5
213360,7500,7500,2
35791,1000,1000,1
213384,315,315,5
62652,8,18,429
25650,108,149,194
136708,12585,20045,199
140347,84,84,97
159467,160,160,164
179012,30529183,30529183,2
180404,792,800,17
159468,88,988,384
112301,1000,1000,14
129287,1900,1900,27
3239,2,2,314
154127,466,484,91
52750,15,15,62
38776,257,261,40
38790,39,39,108
79249,480,580,67
63388,14500,15000,34
197783,1997,1998,11080
11384,239,2439,21
27681,55,5075,4639
770,88,188,8
18232,6498,7000,1464
119094,982,982,12
39353,350,710,4
69865,45000,49349,10
133681,294,492,262
69864,80000,88000,10
4402,6228,6990,138
200871,300,374,56
35624,299,483,3467
114013,272,272,16
769,39,2201,16640
197793,4139,4139,18487
127713,2500000,2500000,1
116405,1750,7000,54
39351,2500,2500,7
127714,3679576,3679576,4
197857,74,74,94
107461,25,39,43
45200,788,1100,31
22850,299,1200,439
191325,599,11111,920
193551,500,19541,1025
200769,478,478,68
112156,4525,4525,59
33823,7178,50000,148
6299,5,5,27
180733,800,898,7145
198294,648,700,341
29534,57533,57533,31
76553,150,168,88
213044,642,642,2
3175,8864,8864,2
192839,124,124,16636
109127,205,350,166899
213388,1505,1505,5
213386,250,250,4
155909,1000000,1000000,5
2728,9800,9900,3
74700,48,50,24
38934,107,108,41
110656,3080,3081,111
153435,105,500372,40
110638,2057,3361,109
74707,12,18,851
144307,1296,491200,25
52756,25,27,82
29560,4545,4545,13
63273,1801,1801,23
192666,165,165,28
173100,9557,10059,9
212646,421,421,4
173098,10000,15000,30
79286,108876,108876,5
201419,1490,1490,449
79283,124336,124336,1
151542,80097,145000,282
200008,9711,80517,126
40139,614,146708,14
213031,266,266,5
213039,600,600,10
213380,296,300,7
213040,1919,1919,13
154129,351,351,292
187802,1090,1100,261
154128,351,351,275
201584,700,700,282
198228,4033,4035,54
52753,14,14,58
136857,45015,82628,8
68134,7482,7489,102
184624,5038,5038,126
39004,300,300,13
192884,300,589,16222
132515,4527,5499,206
140276,37,37,206
2842,2049,7099,4865
183738,83,87,343
132193,20,20,30
21571,50,145,478
12809,1510,1752,5228
38785,173,175,51
198403,194,194,15394
153701,250,269,377
128558,844,844,5
38859,200,300,96
128559,1205,1205,39
153704,250,269,302
63694,1,1,40
17307,475,475,138
17303,100,100,47
25895,325563,325563,24
27435,5,2500,2020
200792,11900,11900,21
210672,2000,3575,767
63692,2,2,20
131729,24,24,2479
80590,10,10,317
192954,14399,36340,18
62782,12,2016,43450
23528,3295,3295,9
24072,6,6,124
2725,53741,999941,9
23449,87504,93415,1063
7101,80,80,15
74842,300,420,9898
16000,88,89,359
181388,1422,1422,16
192849,200,300,169415
5631,344,344,245
38852,11,16,268
21590,14,22,174
21593,1,4,39
21595,72,78,37
58148,3639,3645,560
60395,65,65,5
38791,20,440,19
116428,45,58,23
38805,89,95,23
192670,190,190,21
31867,1100,1100,100
2456,8,8,171
110652,3097,3098,113
2742,6200,6200,3
69863,2000,2222,12
23119,173,173,76
52250,3583,6977,6
2751,8800,8800,7
52236,2272,2274,25
2750,6700,503449,8
41595,16990,17081,2734
2749,1688,1794,16
64396,500000,940500,22
67281,250000,250000,3
76895,9032,9032,63
8365,61,2499,9303
153646,699,700,98
42433,33,1000,1992
4605,1,2,38
40113,5194,5194,131
40157,3067,3067,81
3173,5,50,6921
152813,7500,7700,493
163580,27084,27084,2
52246,993,9941,45
71868,12496,12496,21
22460,592,592,9
198312,100000,100000,367
178017,17236,17236,1
5833,390,390,14
45196,9,10,45
180307,190000,190000,1
57194,81,133,237
178132,990,990,12
1476,32,47,9
19300,2,2,3302
4757,100,100000,22
115511,10801,10801,26
124441,784,850,5621
192838,108,151,18040
9172,3000,6500,111
180317,1998,1999,160
68047,248,98849,98
62005,120615,120615,5
62323,2263,3065,292
45199,495,581,8
61995,148255,148255,3
61992,27500,27500,7
62013,120001,120001,16
62002,200088,200088,13
11022,300,350,27
62007,10000,10000,4
44293,7128,7128,13
44289,3749,3749,8
128739,240052,240102,4
37253,2004,2004,20
61999,9900,9900,3
61997,549996,549997,7
44286,4010,4010,18
62019,3066,3066,1
62018,70000,70000,1
178545,500,500,313
128721,15000,15000,19
111457,300,412,510
128718,783710,783710,3
39684,100,180,9090
82448,4014,4014,59
60389,40,40,81
163707,303,303,25
108338,174,176,1304
199206,342,400,99
205699,185,185,16
60388,22,22,78
55053,150,408,689
193943,44270,59969,652
10306,4180,4180,17
108342,145,145,1128
62238,50,50,477
27665,600,800,189
34764,45,200,23
118008,3000,3000,74
52223,1090,5749,30
192920,15099,448400,60
42431,300,500,51
3745,40000,45000,31
38698,50007,50007,6
36758,547,558,42
151610,20001,20001,216
192969,50,1000,2119
163143,1045,1045,68
34748,22,22,50
2996,18,18,1473738
43492,500,500,66
42429,137,137,110
43491,500,999,428
42430,71,71,15
38944,12294,12297,162
44716,7500,9999,24
5633,1966,2000,298
32413,649,649,524
74866,102,175,2423
153430,150,150,44
62667,200,999,484
39918,113,113,15
67280,583038,666519,2
52185,1100,1299,47021
39350,48700,50000,4
127764,444400,444400,24
33246,3,3,59
199053,198,200,22
200788,1346,1346,34
133563,14,14,1007
1288,3,175,2390
23107,87,5000,3956
116979,5,5,3174
4481,99,99,3
18567,288,300,1345
15871,169,326,222
15870,30,30,215
193942,1150,39925,2391
44501,149900,149900,92
199963,1055,1055,16
63122,7,18,295
197795,15000,15000,30
173080,11901,999901,109
173049,300,300,50
52216,10489,10493,50
168598,15088,17471,68
136638,269,270,106
52244,8500,294800,24
52235,5022,294800,26
39919,200,199700,28
52140,319,319,8
52082,210,420,11
52087,450,450,6
32206,5519,5519,69
67348,1800,1800,16
187796,500,500,1115
192863,324,375,6082
108344,144,144,172
128996,500,99999,132
32201,2325,2425,825
14227,3449,4900,4636
52248,1049,1950,25
110621,875,878,93
110628,1468,1900,52
109145,1000,4499,910
74720,348,590,12
110632,498,498,35
74709,120,120,28
112160,1717,1818,28
110682,8830,9237,24
153015,800,800,50
112093,90,168,515
110645,3379,3382,131
110640,333,3389,40
74722,146,947,16
110626,425,426,107
52210,1886,1887,46
52757,19,45,20
153438,50,800,817
52774,9899,14403,51
52775,1572,1572,119
44457,4138,4200,37
74729,79,143,28
110617,980,1900,58
2886,200,9995,1833
52213,1578,1578,107
110633,472,474,86
74727,100,135,71
110618,650,1900,38
36928,366,3489,728
112164,7598,9082,50
192940,119997,119998,6
54448,8910,8910,85
192959,5500,6177,23
52778,9248,9260,56
112115,3892,3896,49
74723,1099,4800,116
198202,613,448400,109
194802,4931,8635,325
119095,9955,9955,1
119098,9499,9500,4
119100,4876,4888,6
36922,2399,6499,12076
186725,128,128,181
151609,6098,6098,98
62783,31,1799,15763
194014,12004,14614,511
198215,2332,2400,289
198230,1700,2413,3240
74843,133,174,9843
43124,475,499,1973
168649,845,1785,301282
3823,94,2999,489
29573,1590253,1590253,2
205115,225350,225400,71
954,66,90,13
112165,3500,3500,62
3013,10000,55775,11
4233,477,653,310
192960,12500,17514,67
109153,1709,1900,990
168806,1100,1100,12
44940,11,12,310
203413,29646,33745,40
52205,10535,10535,58
109160,948,4499,544
109156,1980,1980,1689
168499,3528,3528,507
192933,2500,3750,22
191387,2400,2755,1225
52229,384,384,36
52982,780,1501,13459
52239,2090,2990,117
41511,357,357,1822
52208,750,1500,22
44481,25,25,214
38939,19993,19993,203
198508,7310,7310,733
52215,154,354,55
200567,4500,4500,1250
6149,12,93,629
47556,235,453,3175
198505,4000,4000,158
32220,4159,12188,47
167862,850,850,1127
40160,5216,5216,13
117475,23,23,4
206967,1228,1258,51
200777,750,775,81
83095,84,84,6
117473,83,83,9
52091,145,150,102
117452,323,523,87
115353,19,19,26
41146,10000,19003,24
77547,2499,2499,141
38925,33079,33082,163
82343,84,84,7
115464,500000,500000,2
133570,100,100,683
32221,29000,29000,131
52225,1590,3300,46
52227,1590,1590,39
89326,60,60,155
29449,5,5,47
52228,1567,2068,9
35950,28,28,32
43373,1129,12500,432
172068,13,13,293
210821,100,101,142
154883,15,15,1231
173121,1100,1100,456
40028,3345,3345,39
201316,14179,14322,36
40023,16574,16579,48
204837,275,123375,28
122742,35,35,67
40100,1650,1650,14
40001,3105,3105,11
128761,24,24,90
173065,150,290,316
198309,10574,10574,402
198282,800,1609,1563
46849,95901,95901,695
8949,2000,3000,465
200052,192589,192589,117
6038,35654,37531,69
74648,1300,1400,451
40055,8000,8000,21
173162,19980,25767,611
191340,5418,6000,984
35625,4390,4500,6784
43103,1499,2832,2670
198212,300,700,211
128561,410,706,210
152547,415,520,1942
13889,495,956,2873
4387,150,269,74
72103,1500,3949,28410
200842,1799,1799,28
43010,59,75,1281
168640,1056,448400,171
4595,25,25,10
68778,4204,4204,132
153621,400,400,9
10505,12,40,9481
197786,2175,2179,11694
22834,1038,1039,121
195466,351,351,347
201320,6475,6475,22
4093,100,100,1
105703,20,20,2
23768,49,51,995
12210,100,100,106
118225,10,11,382
173127,4000,4268,214
192655,177,177,16
43366,9999,11123,205
109152,486,520,669
62522,40,40,60
54629,20,20,86
22839,1560,5999,711
4406,2500,7557,255
22526,274,500,351
162012,4901,9001,67
128853,2250,2250,25
128837,250,250,40
38466,1019,1019,125
128843,250,519,24
39567,30,30,4
34839,226,226,2
153439,90,939,641
128436,6500,6500,2
195455,200,296,302
128844,1419,1419,30
162981,80000,80000,2
195456,200,254,313
172357,192,222,544
55973,113,113,11
197763,250,251,617
132182,27500,28750,2
38895,1499,5069,17
188834,4089,4089,12
194681,190,190,189
188791,2500,2500,2
188762,10029,1000029,20
143853,20000,39999,8
133942,120,120,259
172360,100,1600,363
188827,600,600,21
188835,330,330,125
176886,2391,2391,3
1477,40,42,376
2290,59,59,118
20002,5996,5996,213
188685,2100,2100,2
188948,1811,1811,16
2289,1,3,2041
192671,214,214,4
172359,45,957,940
192746,178,178,13
31888,12983,12983,4
28061,100000,100000,3047
118631,686,755,302
197848,203,203,34
197851,290,290,370
8544,88,99,436
40041,610,610,235
41502,113,113,25
195463,832,1032,404
25451,12,13,175
172414,95,1650,244
197849,50,50,1399
195459,74,100,283
178535,2775,2775,1
177716,124,1650,511
163911,50000,2850000,40
172418,20,82,171
112302,780,999980,52
38876,4367,4368,27
152503,37,90,193
38890,82136,82141,41
19774,519976,519976,6
76570,139,141,47
38802,3075,3076,8
172361,111,1650,446
200058,232838,232838,401
39686,150000000,150000000,1
193953,1200,448400,146
137289,67800,68700,395
168312,433,1666,1497
22576,1318,2500,1423
23559,54,54,119
19440,1684,1684,69
191510,250,262,41
4390,222,224,215
38829,28,32,50
3385,3,222222,677
127850,395,500,362
42225,20997,35115,51
4537,7,7,43
53067,679,692,331
133607,10,252,76233
76609,13597,13597,13
76550,100,99800,45
12811,24551,24801,408
89675,100,564,25
76554,150,175,39
12808,9025,24900,13903
207702,13980,15800,5633
3829,7632,7632,4
76507,115,150,81
38857,648,649,47
38903,62036,62086,10
183205,5057,5057,7
76095,100,999,1145
152559,48,1999,566
6041,10083,10084,46
87806,450,2132,68
38767,39,45,153
141909,20360,23322,56
38775,14,14,99
172358,100,260,553
130905,1000,100000,2793
3167,2,2,42
178224,545,545,7
173762,19,19,286
109144,5,110,21999
4538,2,2,239
112280,396,396,12
178252,200,200,9
178217,19,19,123
178227,200,200,22
5470,3,2500,7188
32850,135000,135000,10
71830,144960,144961,15
71844,20908,20908,31
192878,295,1299,24444
74649,923,1025,182
52722,173,591,257116
132526,18139,24180,9
127848,2900,2995,192
109155,2700,2700,1052
127849,900,900,275
34722,26,26,334
166240,100000,100000,82
187703,4100,5940,5129
200044,1474,1475,1249
9264,19200,19999,107
19224,2,2,1528
67397,421,421,3
2519,8034,8034,310
212648,2200,2200,5
213196,275,275,4
132509,9526,13860,17
172049,35,67,803
52755,450,4342,21
74711,35,35,117
82444,18500,18500,24
192885,300,2670,35456
22710,370,370,824
179370,400,400,24
86432,88,90,125
37101,244,244,5
52115,89,89,52
43104,514,5019,14403
160502,224,229,1058
178546,3000,3000,6
153441,449,1050,230
130904,848,85050,3088
76734,300,50000,25167
203416,19995,19995,1115
5467,50,123,775
2325,8,19,10145
163224,350,350,2423
168651,16529,16594,372
4461,1550,29598,777
90046,42043,47952,33
38984,498,498,27
130192,2,4,99
189154,2000096,3750097,71
41484,113,113,3
192992,24898,29999,1011
38933,11,12,361
38914,52,53,54
38897,18,20,223
3577,1700,6296,22619
74654,500,945,106
90043,2000,2000,14
41813,251,2500,3551
38871,47789,47789,158
6049,4,8,131
192851,160,193,114801
113355,417,428,154602
158831,145,145,18
158775,41,41,80
178177,3960,3960,4
192701,2200,2200,2
194683,80,80,2133
52192,4000,25074,1919
41380,2500,2500,35
41375,3300,3381,66
41333,9018,9018,20
41307,3068,8762,37
41285,10000,10000,26
38792,100,100,35
192906,100,448400,184
79255,299,1390,30632
40179,2500,2500,74
40171,8000,8000,116
40164,3783,3783,130
40162,2500,2500,772
40155,777,3177,37
40154,5415,5415,56
152877,2495,5330,8289
40153,4999,4999,369
29426,1852,2464,14980
185478,7500,7500,2
40152,4985,4985,27
40146,3089,3089,44
40144,3521,3521,18
40142,4495,4495,124
40141,2537,2537,17
40133,3000,3000,96
40130,2000,33300,78
40129,2511,2511,29
176883,2300,2400,2
41396,5018,5018,54
41395,5000,9000,30
7964,15,800,398
41381,220,235,25
58488,27544,35999,2945
104348,25020,25020,176
112288,500,500,48
83094,611,611,35
25652,20530,20793,28
179294,247041,247041,1
52772,295,297,72
38926,7402,7403,31
163908,12033,12033,8
132517,36660,125455,14
74859,471,509,499
169662,12002,12002,1
63127,2574,50000,2261
153134,8085,8085,1
81198,149,149,46
139318,19901,19901,3
139317,10001,10001,3
205873,130000,130000,3
6293,339,339,7
89328,705,1305,49
109137,135,156,18862
169661,601,601,3
52083,2170,2745,3
151123,5606,5606,14
151122,5007,5007,54
38936,40066,40067,37
19931,32400,32400,116
46026,65516,65521,60
201194,63345,63345,21
169660,1902,1902,2
172504,3200,3200,2
201192,9927,13927,46
169663,50002,50002,1
178108,100004,100004,13
156872,4508,4508,24
19975,2500000,2500000,7
38931,722,725,57
2672,4,1800,21145
136549,272,272,3
67444,40099,40099,11
163910,10033,10033,1
38877,45000,49996,31
17771,225000,284481,359
136554,500,981,19
38883,5635,5636,17
39666,2550,6399,723
136597,250,250,2
136545,90,90,13
123956,5200,5600,240
24276,50099,106670,22
68784,34829,34832,30
38900,9084,9085,13
163919,6500,6500,1
168586,663,763,6739
76530,100,100,32
76518,100,200,30
41470,126,126,4
4278,2500,150055,488
10592,575,999999,509
40089,2007,2007,19
41440,480,480,10
111446,38,39,566
187707,5187,13000,878
185970,80095,80095,17
76537,100,200,41
108357,5705,5705,4
22375,10000001,10000001,11
204838,13442,13442,8
12643,17,17,33
194689,195,200,903
158758,2404,2404,1
76888,10711,10711,83
129288,3500,3500,20
1478,296,296,4
192691,2098,26098,2
81196,2,2,72
153192,1999,1999,552
179023,141,141,7
192868,393,393,32947
178539,29,29,21
177061,88,1500,4047
194572,5399,5399,1799
200848,2200,2200,19
168216,700,1900,86160
109135,125,2005,11374
62791,42,6000,1319
5206,4,5,38
191348,1000,7570,421
41810,10,29,10178
158187,44,51,24729
76622,1798,2676,4
74705,1418,299800,23
162557,33,33,11
124112,19,5022,3520
15414,5000,5000,12546
200821,149845,3232393,19
5342,284,300,55
104341,800,800,68
197758,50,69,1560
108345,10000,10000,53
132237,525,531,43
163855,500,500,13
63128,46550,400000,306
124106,14000,15500,7860
117415,339,339,15
113278,1095,1095,4
113273,5020,15000,15
124109,203,2566,6215
41443,245,245,7
172502,82500,82500,3
153669,65,75,5684
37603,150,2762,16
52156,88854,88854,3
159756,170,170,14
13467,498,629,7269
62655,700,700,113
173108,799,1000,1071
201216,40509,40509,17
179287,2000,2000,2
110655,1298962,1298962,4
158850,1595,1595,5
52127,184,184,19
38811,90,91,43
174327,521,550,3471
28459,6500,6500,22
122345,300,300,52
200845,15035,15035,15
200834,10000,10000,11
183204,2565,2565,2
192721,14067,14067,2
118632,600,600,398
74641,820,824,60
2605,80,1226,10052
17020,2004,299904,182
201219,200858,205602,24
76677,110,110,40
153133,120000,200000,13
180614,14495,15257,3
53049,20,20,115
76598,29053,29054,7
110627,2352912,2352912,17
110620,1929,112229,9
76587,693,693,7
31866,2904,3328,230
28458,3027,3027,8
5635,128,9999,742
158832,9999,9999,2
151722,13000,13000,868
130182,990,990,592
168302,163,1979,15202
52160,128,128,1
49300,50001,50001,3
2324,2,2,40124
40182,1500,1500,84
207956,2500,48000,314
40165,1800,1800,106
40150,700,3400,168
27857,5,5,22
40149,9911,9911,146
40147,6870,6870,122
40143,3000,3000,112
40127,9000,9000,41
40125,4500,4500,68
40119,4500,4500,72
40118,4500,9900,118
74248,225,600,134813
40116,3710,3710,49
52177,1930,12000,8096
10840,50000,50000,3
10839,2000,2000,4
163906,133,233,15
13461,248,248,93
41385,20090,20090,19
41378,4410,4410,21
41335,3328,3328,33
201206,25001,25001,7
162565,19,19,17
65893,276920,278020,224
40091,4518,4518,8
40090,1914,1914,10
200508,49990,49994,444
40086,4053,4053,9
40059,4629,4629,17
40057,4526,4526,17
40052,8062,8062,16
40051,12045,12045,84
40050,4184,4184,28
40040,6564,6564,11
67256,4500002,4500002,3
163156,1145,1203,22
40037,4958,4962,49
40013,3608,3647,21
40008,8023,8023,39
136575,3565,3565,13
27678,32,5000,34165
74833,269,2734,9167
40026,1016,1016,13
40122,1900,2310,590
41401,22511,22511,17
40217,1500,1500,4
40163,5281,5320,103
22450,106,543,189415
8951,490,520,151
153251,560000,600000,38
193379,6500,10000,17023
153566,50038,50038,2
156873,4999,4999,3
107392,32,32,49
52181,4400,10075,4300
200849,32323232,32323232,36
8836,100000,350044,1587
74837,500,1999,12193
76130,370,402,11328
108355,553,554,117
133561,456,456,83
197782,2155,2245,9736
197789,170,538,33146
201162,30088,30088,1
79868,57574,65000,38
162664,1786595,1786595,4
63317,2000,2201,18
189571,250000,250000,5
28421,731,2999,253
52759,33,33,55
102542,76,10050,1659
163915,2533,2533,4
193959,400,472,90
159899,1100,2000,507
52762,24,25,66
169701,899,6480,30310
40072,553,1555,143
170554,981,2067,31183
52766,27,27,67
20877,66,90,35
168583,1106,1213,9310
138979,264,264,1148
162555,120,420,2272
168589,825,1400,6643
128011,90000,1329687,4
13759,600,18074,1117
12190,18,28,78
81924,311,311,24
58260,99,99,23
10307,13074,13074,18
193894,30000,30000,67
38971,244,245,15
52745,200,305,53
201327,27500,27500,3
163897,9033,9033,6
151394,1800,39950,37
200506,2,510,38511
171269,459,448400,294
200826,1455,1455,24
179295,128850,1500000,3
44332,871,920,257
183963,760,799,12
160611,10020,12520,8
3712,400,563,8393
204729,449,449,2859
117437,95,95,37
52114,100,100,15
52117,150,11000,9
13755,3800,3900,343
111449,15,15,325
111453,42,42,215
111454,25,25,610
195359,138,138,18
53062,98,4573,3240
133562,17,20,132
5124,2,2,77
180377,500000,500000,7
200806,1700,1700,24
3401,100,100,46
160400,76,80,2175
171288,1495,1889,4687
200774,11412,11412,5
203419,100000,105050,825
76142,900,20000,4338
115526,11,11,196
4265,10,10,92
173759,19,19,1
175970,188,200,91789
158754,2400,2400,1
7676,128,2146,2755
76139,900,50000,2629
23424,1520,1845,102491
113992,1124,47500,70
179285,200,200,10
38960,87,90,104
38993,695,695,25
38953,165,165,75
38951,28,33,72
153615,1200,1200,14
38902,475,478,45
153611,995,995,8
128723,197501,197502,3
23771,199,1500,238
38428,5015,8615,25
185910,49597,49597,83
116147,850,999,1829
68687,980,980,69
116654,100,100,362
200795,753,753,47
168315,98000,98000,11
19726,6500028,6500028,13
1081,2500000,2500000,1
39969,750000,750000,1
67323,250000,250000,1
18256,9900000,9900000,1
153614,750,89900,73
197761,200,200,1881
87647,1368,1368,105
112282,375,999975,41
62006,27469,27469,3
40411,5000000,5000000,1
67289,750000,750000,1
43521,140049,445024,2
128726,496228,496228,2
112284,300,300,22
197771,51,51,227095
128737,110000,177478,9
153619,855,855,14
200565,1500,1500,23
1180,4,5,43
1712,15,15,9
198163,588,1588,13
3389,499,900,136
52021,2500000,2500000,100
38838,748,749,161
173095,22558,25358,37
4363,18097,18098,23
44147,120,150,50
61991,99900,99900,29
61993,49988,49988,2
61996,1478888,1478888,1
61998,2050,2050,5
62001,39999,39999,4
62004,62588,62588,2
87764,766,999,1150
88491,955,999,943
81923,14,14,3
197752,155,187,4778
153604,654,3593,33
63299,8999,9000,22
201045,380,380,144
128539,595,950,73
62672,100,194,38
44617,6106,6106,26
52172,1000,1000,12
151774,5066,10075,79
5115,18,18,54
128834,200,200,236
38997,478,479,20
38918,4890,4892,44
198045,2400,2442,43
18233,700,700,11
41809,540,2500,6203
33568,353,465,8714
76549,100,100,16
23108,75,75,41
23103,364,364,13
159868,528,600,50
3182,20000,21024,16347
41808,99,110,2167
77544,145,283,253
192955,35836,40710,1675
46098,5678,5679,63
49397,43,47,15
182122,90,90,15
44264,494065,499055,7
44260,20621,20621,12
38832,2712,2713,47
44292,74745,75500,11
77540,1250,1250,140
79295,3700,3700,5
6303,25,1998,12006
6361,2,2500,6433
198317,3359,4997,951
5530,49902,444402,21
43233,444435,860148,22
128987,55444,55444,46
43231,444429,860141,21
9186,444403,444403,14
180405,64,75,15
5140,444484,444484,40
180410,50862,50862,1
52687,100,621,16
39512,7,7,74
62011,175000,175000,1
19283,4000,5000,15
187850,41099,42599,43
19278,480,490,15
13933,10,10,109
38860,15,8989,213
79288,139702,319851,4
19265,19995,60097,4
191320,12397,14336,944
34207,17800,17800,49
44282,7700,7700,18
201820,7175,7175,277
200047,49950,93908,18
76138,900,1222,1927
34411,2983,2983,7
27516,8460,19500,638
200282,56000,56000,262
38821,1599,1599,29
194752,408,537,825
153700,279,292,657
198239,865,900,82
174351,980,1300,167
199967,8796,8975,61
31670,88,5000,9522
13456,200,200,4
27500,198,198,29
4542,14,14,32
118391,16,16,595
24033,255,255,422
87580,325,1827,331
39349,35236,35336,18
163100,2019,2019,20
77546,4300,4301,330
158866,149,149,5
200532,300,300,6
200779,41189,42100,15
83064,58,107,3483
140568,17914,50000,19
198504,2500,2500,90
194734,650,700,35
25454,10,10,73
77468,760,760,2640
168417,74800,76000,436
191372,300,300,1163
178552,140,140,88
173033,19,71,6130
173036,258,1974,4451
88493,755,999,1235
192883,1500,1590,3093
153036,79185,145000,407
38919,7400,9496,17
69841,120137,120137,1
176860,1600,1600,3
176858,1300,1300,11
173361,190,190,7
120333,5886732,9029276,2
183945,229,229,2
205411,9998,9999,15
176877,150,150,9
32423,290,290,148
207040,2299,2299,13861
191369,30000,30000,126
128015,200000001,200000001,11
35565,123,999,651
191522,2269,2269,18926
213362,22500,22500,9
62239,392,392,35
3729,11,80,296
139783,620,729,11
3386,254,254,12
37467,2999,3000,62
21217,65,150,285
153702,258,263,792
154120,393,966,469
6304,10000,21943,2
162556,800,800,39
60394,32,32,15
62414,42,42,35
42930,322,322,74
142103,4248,4248,34
154125,350,490,586
200025,782,783,1079
159919,289,289,51
4377,89,142,4667
92550,666600,999900,4
53643,743,817,2129
67319,6608,6614,27
67335,9125,10972,691
200041,500,6000,530
205695,25000000,25000000,1
13462,10,10,103
39907,170,175,20
90047,1799,1799,8
62674,399,399,25
36817,127,127,16
204834,16490,16744,10
204839,58201,58201,4
22525,3,3,65
4585,9,9,42
62268,25,25,19
5468,17398,17398,243
200840,200000,300000,21
213211,7445,7445,4
204308,459,459,16
39900,105,385,14
200794,2329,2329,14
44768,285,285,7
204234,2255,2395,15
44273,39268,39268,14
24507,212,212,13
24510,119,119,1
158794,2609,2609,2
27635,30,33,168
204072,900,1130,68332
122347,15,15,118
62673,59,60,51
171289,1825,1825,4707
201319,8996,8996,198
124440,380,2500,17077
182709,12500,100000,5
172937,1458,2300,3321
194578,4300,4300,3529
39211,20,20,54
200828,2325,2380,8
200816,2270,2280,18
3530,1,25,2596
21223,42,42,86
36813,80,80,86
197855,50,50,26145
203418,4085,5286,2972
43696,109,109,13
110653,5643,5646,92
4544,2,480007,244
4557,7500,7500,16
15417,220,361,10808
112300,6000,6000,18
193385,161,161,137
127004,275,664,18915
108301,350,350,86
198257,1999,3133,703
30814,1312,1312,11
30815,3242,3242,10
168624,12078,12078,184
2871,14,700,341
23100,98,98,79
13464,300,505,13097
13465,404,609,6262
25430,18,18,64
87578,375,375,338
176392,45,45,2
142266,2,5,22134
118,31,31,1146
198213,1898,1898,19
52765,500,500,57
76683,202,252,52
76671,200,253,68
205467,3575,3575,4
188683,2367,480099,17
182710,6000,6000,3
184051,28500,28500,13
25425,10,10,10
60391,20000,20000,2
192729,2185,2185,19
58865,301,301,2
34832,175,175,10605
193941,1799,1799,23
204709,567898,782398,56
20432,1000000,1000000,9
36929,312,313,301
192867,319,319,24173
140567,32409,40010,13
76541,399,469,8
118592,29353,29900,5
119096,30000,30000,3
119097,2985,2985,5
127720,2999790,2999795,2
38844,11,11,64
104340,320,320,89
51950,4099,9900,5142
205794,2016,2116,738
213032,200,200,3
200006,4949,5644,190
74865,1499,1858,1213
60375,20000,20000,4
60377,10000041,10000041,5
13444,26,168,225
60379,1999900,1999900,3
192697,2297,2297,11
163391,86,87,10
4428,32,32,14
38789,19,1082,7
173088,14700,999999,52
136633,1190,1190,1538
11371,13000,16731,6016
4235,10390,19754,9085
153668,125,50000,67
38798,34,34,8
168960,2260,50000,64
108649,199950,199950,4
74622,36556845,36556845,1
42253,100,33300,11126
57063,100,100,14
3731,2495,5000,2277
200799,1000029,1000029,39
194723,9900,30008,11
54291,550049,550049,6
39526,1035,1139,5
192855,355,359,15809
7073,70,77,85
32714,1001,1001,7
199941,500,500,112
45881,42600,42637,2
13928,3100,3230,208
2840,268,360,87592
172408,1346,70038,352
187888,120000,200000,252
128998,8115,8241,34
41163,17500,29877,2998
12216,500,500,173
21885,16421,16493,4278
23447,10700,11179,12722
22456,5500,5559,5657
184281,339,339,14
179270,344,344,13
162569,237,237,4
162554,150,150,17
4389,2500,3004,877
19230,475,475,12
32205,2997,2997,627
208746,74300,74399,12
158811,2593,2593,4
8845,4598,6624,16482
32200,311,311,857
24271,42538,79940,2330
7082,4500,8150,4601
13466,1500,1554,1451
3531,1,3,642
33254,107,107,7
16040,4993,4993,94
128991,39787,39788,38
161373,80,80,41
161347,19,19,2
65365,4250,5934,306
133572,13,17,292
82450,39,39,35
187933,80095,80298,435
21023,1098,1100,251
205172,90099,90099,26
21227,12500000,12500000,8
38837,2522,8360,73
160989,3240,3240,367
52196,69000,159900,1879
169152,499,1500,254
154882,200,349,3660
38846,12,20,98
38856,54,59,125
32193,489,489,530
90659,10072,1140472,19
63275,129,129,218
38990,1020,1020,42
38975,64,64,36
200107,2698,2789,2
32226,345,346,137
159785,12838,13599,110
128560,846,847,86
159786,9200,9200,69
177062,1000,1000,5112
74726,3996,3996,74
44783,50000000,50000000,1
62526,2304,2304,6
194566,9696,9696,5116
38948,25170,25175,44
192720,2162,2162,12
163548,1600,1600,4
162560,1701,1744,18
163103,1038,1039,59
108297,225,225,249
25550,49427,610388,19
31913,36070,36070,20
27425,6,2500,4934
27438,40,2498,6504
202314,650,650,24
162573,969,969,27
194011,19964,20064,317
52084,475,875,35
52096,121,121,5
198281,599,600,43
193468,23248,23248,9
176870,190,190,9
4623,2000,2900,14
176867,56,56,15
35128,235000,239000,170
112157,2799,2799,156
25894,130050,130050,19
200827,8700,8700,11
9333,26,26,18
38870,3099,4143,30
40361,19927,19927,3
192834,581,750,1352
201314,2195,4000,207
67509,26,26,38
197781,574,574,7723
76564,400,499,31
29563,156,156,142
76581,1488,1488,20
38959,111,211,72
43490,194,300,7660
44958,1491,1491,2705
76607,30080,30080,4
44453,237,244,80
29567,18,18,1
27935,1500,1500,1
76655,989,989,6
25445,18,18,44
76665,148,148,17
27934,144,144,1
76686,940,949,45
38371,6000,6000,32
38986,163,489,20
44470,1464,1468,45
23939,1217,1217,4
200451,100,100,8
74701,98,135,30
771,427,4800075,46
129001,1219,1219,23
74716,13,39,27
25442,198,4800098,11
62272,24,24,7
154989,20000,41599,696
13443,100,100,171
62274,265,265,2
62273,60,60,32
67403,198,198,6
6826,38,39,34
4460,130,130,9
198289,133,133,52
174285,19,19,86
159792,4000,4000,13
4374,615,668,20
4874,1,5,97
62270,89,89,207
38773,99,99,213
172091,1079,1089,143
52194,4995,29498,1535
192923,4400,33369,43
153705,250,252,938
153703,297,355,1235
154122,367,377,731
71838,37978,37980,31
52122,1000,2000,28
71857,20019,20020,30
52145,1099995,1099997,5
52120,500,500,29
52108,176,176,11
71848,21981,549800,15
71850,22941,22943,44
191335,10000,26400,2277
163639,87614,87614,8
6051,17,17,40
38797,62,68,82
179372,300,370,2
154123,500,907,589
14343,90,138,170537
5428,1200,1500,18
201163,6861,6861,3
139346,5000,5000,25
139347,5000,5000,5
193559,105,112,27
163638,76543,76543,8
163094,5000,5000,5
158927,3500,3500,25
30512,200,200,5
25443,1220,1220,1
152564,3650,3650,134
120168,598,598,1729
62000,50051,50051,4
34056,61,300,78934
162517,1550,4115,1308
32228,30,5047,3482
60406,56,56,52
54628,99901,299950,4
55055,115,115,42
18223,62,4800062,49
128836,19,19,9
20763,1286,1286,18
53071,125,300,2137
168592,19586,19587,104
3713,1,1,3
30513,20,20,1
60336,300,300,30
43488,100000,100043,27
79308,30064,30064,10
79314,8500,8500,4
76681,500,508,36
76647,361,361,68
41510,182,184,7309
37156,275,602,72
37143,600,1200,70
40022,589,589,97
112155,48798,48798,22
11414,900,900,4
18285,1900,1900,3
4867,932,932,10
72234,48,60,4768
36860,4950,50000,21111
72235,99,700,6801
192932,26365,32994,1810
76134,508,7800,16141
74655,3600,18000,3013
76133,600,499900,6275
42545,500,500,23
137557,1500,1500,24
36909,2500,2500,7948
133569,185,190,203
21031,10000,10000,38
112184,1300002,1300002,6
62524,65,65,3
169220,5500,5500,257
31895,320075,320076,23
29575,3100000,3100000,1
13463,500,621,17173
22792,398,754,4685
36906,176,272,6927
37921,178,235,2638
40212,300,500,217
195360,137,137,34
209033,244,244,17
193946,95899,95899,647
113912,120015,120015,2
113911,500,507,4
179992,29,29,111
132238,874,897,4
198536,3285,3709,66
71998,34,73,2477
62421,100,100,116
103797,17500,20012,320
67407,2,2,5
27657,100,200,71
56198,99800,99800,7
168635,9499,9900,203
54450,23642,23642,54
74713,44,45,45
112287,400,400,25
159845,728,728,9
112272,1175,1175,39
168412,17800,18200,569
25679,94,94,57
178542,21,21,10
128763,1396,1396,41
76621,990,2449,11
76625,299,377,8
2862,19,201,1397
39570,222,222,14
172047,30,30,259
133579,4700,8800,112
192865,399,399,24030
138967,7,25,5265
52984,700,1425,5769
139175,4000,4000,148
39552,303,303,2
20004,5000,5000,302
13364,1110,1110,2
97622,5000,8864,68
6306,125095,537547,2
5474,60,60,58
3727,10,10,40
23425,154,266,70575
52193,2499,25099,4299
144305,1368,1000000,26
136637,292,394,20091
25649,90,173,4632
76630,25026,25028,11
76573,1633,1733,32
6296,201,201,24
189156,34300,34380,324
189147,45663,45663,47
189145,340000,450000,210
189155,1175000,1242863,59
54837,500,11053,11
29401,15916,15916,5
153620,3465,9799,27
153618,8857,9146,29
158844,6565,6565,3
158792,2500,2500,3
187849,37594,37594,84
85585,4999,4999,741
163784,150,150,156
194083,500000000,999999999,3
64395,186274,190075,43
192711,2145,2145,1
203409,20089,29090,1537
52767,35,35,17
33632,25,25,13
32225,631,631,23
76619,199,199,13
108325,54,99,3271
19767,5150,19950,9290
44764,1111111,1111111,5
38827,199,199,25
38808,11,11,111
198280,1337,1337,206
49884,3998,3998,4
38869,1994,1995,30
38995,7562,7565,59
38911,2830,2834,73
38921,2952,2957,43
38979,199,266,41
38834,5942,5945,24
192700,10000,10000,1
199953,500,500,248
194731,675,675,27
205469,5000,7500,5
38835,4181,4182,143
38813,4505,4508,22
183793,3600,3600,4
38823,11265,11370,72
25719,900,900,11667
134049,4667,4667,1
200808,555,555,57
36816,450,481,55
172040,75,80,116
197794,14000,16000,25543
5567,100,100,4
22826,414,450,10
38943,397590,397593,52
168637,10095,391601,129
74921,3809,3909,40
207054,189,189,134
33867,175,175,3
133574,192,192,22
136571,50000,50000,2
117474,1845,1845,33
43005,108,108,137
201221,40087,40087,3
201202,30094,30094,5
23383,926,926,4
4556,5084,5084,9
153706,1494,448400,196
9187,5300,5999,1075
39338,1294,1294,2675
27674,50,77,1464
182760,5000000,7499900,3
81415,109,112,85
71375,1250,1250,75
178136,35,35,77
88490,1299,1299,12
71376,1500,1500,2
62279,180,180,6
197792,2000,2495,7129
74728,6003,6004,38
192726,3600,3700,4
35287,19963,19963,4
30457,5,5,9
201165,103,103,3
40391,200041,469741,4
40392,71,71,5
38966,191,191,18
74715,117,117,52
173056,5789,6210,12538
23764,500,500,28
151566,30,280,129102
192904,159,448400,182
118472,1747,1900,4312
169449,29,29,304
210554,4080,4080,6
38788,75,75,73
11291,105,111,9917
4341,10,10,10102
2880,2,2,10449
199954,504,521,253
139389,144999,144999,8
201182,66156,66156,2
63251,200,200,5
201207,10088,10088,1
152867,100,100,4
179369,400,1592,15
24056,2498,2498,18
192961,30099,30137,755
192919,31085,40005,1262
7069,7500,8875,1321
24036,56974,56974,40
111595,100,208,2648
132232,681,681,8
192945,26723,34000,720
93351,3798,3800,38
124436,577,588,184
158851,90020,90020,2
192964,26535,32864,832
170173,10086,10086,333
111434,74,74,90
42996,400,400,2
136552,519,519,1
44953,999,999,45
37094,413,1914,65
171348,159921,212121,6
38426,75,600,1524
38963,1000,1000,37
37098,2559,2559,3
17010,83,113,3658
28119,5538,5538,426
130179,999,1058,1123
169138,41,41,17
33053,85,98,19
53064,143,206,1586
153663,6600,50000,60
187190,16007674,16007674,1
187408,811009,811009,7
132197,4495,4495,5
74840,400,411,13684
25467,999901,999901,3
74850,602,2589,5542
181246,2500,2564,24
176864,200,200,2
139316,12201,12201,3
176859,210,210,51
168956,12500,50000,79
176873,190,190,4
181247,75,75,23
191534,101500,101500,111
176863,2716,2716,1
3171,2,2,18
174281,15,50,80
22849,533,533,10
142334,9,80,320
9179,500,2999,487
3860,825,927,18935
13931,224,224,47
76695,2440,4565,130
191395,2297,2900,26589
43126,680,986,4130
17304,196,196,303
211943,14,15,109
200783,3782,3782,43
200831,500038,500038,22
128552,21900,21900,67
155649,10023,10023,1
192709,4500,4500,6
193410,168,2400118,6
115502,2900,9900,10412
105718,500,26560,1151
198161,544,565,1647
90561,19082,41382,133
198401,4999,4999,26
200801,2238,2238,15
163563,381,381,3
44145,180,190,47
152497,94,150,120
35799,53,53,9
39671,564,564,43
76081,1299,6897,409
52983,850,943,8352
178149,57,63,219
4873,45,45,10
76643,175,175,17
132513,22484,22484,29
199983,640,650,132
182758,4965,4965,1
27658,300,999,536
111589,50,78,1986
111669,49,900,871
5471,33,4513,3859
128500,251,420,3346
14256,5288,5288,8246
62781,295,2500,9095
2457,1393,1394,140
124119,285,2500,5498
172451,9,9,62
109226,43,43,1513
28101,54,99,78
52074,1750,1750,3
200024,543,750,917
111674,35,753,932
109140,55,297,68454
3391,2400,2814,142
174284,100,100,142
153476,9841,10041,129
38557,490,500,4287
3478,2500,2500,6367
3470,55,999,2157
56850,2185,7286,21035
109148,800,4499,892
41806,700,795,7683
76691,190,200,21
161346,712,712,49
162551,250,275,45
163133,10000,10000,20
210841,899,999,1124
44573,11,1000,209
56200,9005,9005,5
127765,488800,488800,18
76543,300,310,33
17032,246908,246908,37
200509,11,32,37929
76544,100,200,16
34053,400,3303,17608
19703,998,10001,3991
76608,29962,29963,7
162550,12519,12519,13
22324,3678656,3678656,100
82449,515,517,62
32468,500,500,399
79101,1503,1895,737
38787,14,15,469
194680,1145,1145,587
168190,351,525,472
76600,1200,1200,2
3486,190,190,58
76632,732,732,5
52168,800,99999,48
6050,10,17,277
153510,7146,7146,2424
43116,2045,2047,627
76528,100,617,15
76536,150,200,17
12214,52,52,160
198203,3866,3867,4598
213179,2024,2024,3
213034,957,957,2
103789,339,15000,6
128840,19,19,10
43119,375,463,4663
38830,25,25,77
38771,20,20,588
188669,35000,50000,47
159791,500,503,3
8545,12,14,375
57066,3180,3380,23
172370,1000,1000,140
3824,3297,3513,35
21840,74,200,32645
75014,6999,6999,34
111676,55,73,1217
32231,30,7070,2563
72237,67,515,5621
213195,2060,2060,1
105719,12515,12515,10
3665,8,100,376
104339,1700,1700,20
104342,18956,18956,20
104343,150,205,70
104344,2896,2999,41
105708,20,20,25
105721,999,999,20
105722,999,999,15
105723,12854,12854,225
105724,998,999,29
140286,17194,17194,25
140299,26907,26907,20
140631,637,637,20
141208,15369,15369,40
23437,300,428,65
81921,223031,223031,23
81922,3509,3509,20
158834,1608,1608,15
158819,2584,2584,1
184283,150,150,11
88492,5908,5908,5
25446,1052640,1052640,1
68731,313677,313677,3
9358,1205,1205,1
56241,31665,31665,1
4876,525,1225,11
56239,4438055,4438055,1
19938,134390,134390,6
9357,7567,7567,1
11387,1495,1495,10
172233,1848,2400,210
120274,25000,25000,1
55981,5497,5497,1
54626,2390,2390,9
33555,1475967,1475967,1
56052,33450,500000,3
25429,499,499,8
9356,36938,36938,1
56202,100,100,16
168639,666,776,134
175788,50,50,67373
5506,15059,15059,1
57062,3432,3432,3
31945,85000,87500,2
171436,1920,448400,125
38581,3483,3483,1
45188,105,105,1
5435,2500,2500,2
7967,300,7300,126
82960,60,1895,211
30466,1010,1010,5
39569,111,864,16
68732,1430033,1430033,1
4581,175,175,3
5122,683468,683468,13
54835,20001,20001,8
56234,2000,18701,2
22833,35575,35575,60
3179,178170,178170,1
44769,670,670,2
54836,876,876,1
5432,475,475,1
3702,1358,1358,1
56053,1753496,1753496,2
38899,1762,1762,3
11389,402976,402976,1
194788,7462,8444,143
186661,500035,1995435,12
140266,5306,5306,10
168232,2125,2500,29
199934,3000,3300,157
179309,9000,15227,13
192950,15000,22055,17
24282,899,899,7
28452,2,53,40
29412,275,275,32
76693,2900,3000,78
24039,245,245,8
192659,240,240,2
163843,430,841,4
23112,95,5089,2494
115352,1165,1165,9
39967,178,178,17
38806,38,38,31
49619,1500001,1500001,1
200012,113599,114000,102
128835,77,77,41
118565,41997,41997,39
21844,450,450,2063
187934,122120,200000,288
85568,1790,7060,231
56204,65,65,34
85569,1227,7574,268
40042,100,100,49
63303,1498,1779,169
63305,1499,1749,223
63308,1499,1499,310
4877,5,5,7
192728,3744,4800044,28
13756,7000,7000,743
76079,175,999,2746
191389,4000,4000,5130
136562,95,95,8
136568,5013,5013,5
17405,9306,9306,173
52721,370,2500,22689
200860,470,470,19559
40078,325,411,202
171350,5000,6000,526
40068,1919,7100,372
152560,145,5999,448
76077,200,300,775
76075,600,7128,442
6305,200000,200000,1
111603,75,75,1318
28104,1875,1999,1280
41467,100,100,22
40076,899,4499,375
56034,199,199,7
54624,4513,4535,26
20418,7340,7340,17
55983,102,102,5
25444,14,14,29
25447,125,125,12
44266,49500,72736,11
41337,10,10,20
163147,2367,2367,34
163150,945,945,17
163151,326,326,27
163153,423,423,42
163155,516,516,42
163157,22467,22467,62
163158,212,212,3
163192,787,787,7
163388,300,300,42
163395,725,725,50
163407,667,667,64
163411,3367,3367,70
200099,2190,2190,445
62435,448,448,57
168788,695,695,4
41488,100,106,6
39983,113,113,32
136561,18,18,5
213363,2542,2542,2
38978,3300,3300,16
38906,1197,1219,24
128994,400,500,81
44760,50030,50030,8
29452,5,5,50
130221,700,740,35
132218,700,700,7
128979,93026,93026,11
132516,10000,10000,1917
12436,453688011,453688011,12
133577,270,278,381
38988,577,598,10
213027,258,258,1
199950,500,5100,891
192971,100,150,399
71805,220000,777700,944
197772,6455,6455,48
19275,8999,8999,11
20544,389,389,5
191511,2652,3576,101
4791,2,2500,38
172366,4922,5500,610
194692,296,796,80
28102,1999,1999,693
67405,75,75,3
38930,86,87,28
128013,41177780,41177780,1
79869,35900,45000,138
76639,1650,1701,71
22866,1500,1900,343
111442,21,21,457
128159,489221,489271,2
111452,13,13,69
32062,1800,1800,247
14342,11399,11399,3342
41805,1425,1500,1084
192844,109,148,12730
62523,65,65,12
112463,12,12,75
22828,1500,1500,994
112684,35,35,35
198231,651,651,10
92055,49402813,49402813,1
198164,625,625,3389
11284,3470476,3470476,2
111447,13,1000,149
21072,12,20,799
163399,845,845,1
56517,99,7599,65
163140,545,545,70
22793,1237,1245,1345
163138,256,256,41
3664,80,80,245
163137,234,234,24
200802,2519,2519,33
52764,103,2000,31
76594,600,2769,14
76613,981,981,8
92054,46706517,46706517,1
58143,855,1055,153
76659,500,700,17
76603,866,866,1
76595,987,998,16
28060,300001,300001,1000
194801,400000,400000,58
76604,800,900,32
212649,258,258,1
76593,844,844,3
76615,303,322,9
89676,987,987,8
76624,111,316,11
76669,920,951,46
28467,2197,2197,7
44755,648,648,9
132192,2500,2500,15
28463,1560,1560,98
194805,4875,69900,153
9061,4899,4900,157
42434,599,599,4
35720,300,300,595
192896,1212,1214,603
23329,2457,2457,6
67230,1,1,72
109122,9486,30000,12
184308,41,41,72
76631,250,28807,32
191330,588,448500,1072
153444,14999,21102,88
6444,5,5,21
108347,3403,3403,6
10309,2,2,10
17408,10000,10000,147
22645,99,99,13
168427,41949,41949,1196
28058,199,199,32
10841,1524,1524,166
176876,1190,1390,6
66947,976,4076,5
158789,2252,2252,5
33449,188,188,41
62012,345271,348004,3
79305,342410,342410,10
200531,62,62,40
113585,198,537,309
213029,1583,1583,8
76633,1100,1100,15
38819,1676,1677,22
38854,3889,3889,18
5329,46501,46501,9
213028,250,250,1
204823,575,575,10
158740,158,158,47
1703,10096128,10096128,6
158822,10030,1671680,2
61990,195088,195088,7
130245,69300,69300,22
61989,69900,69900,22
155620,1000,1000,3
90660,10038,10038,29
76548,100,115,38
44280,1940,1959,5
194787,2355,3366,335
200026,541,543,393
183599,2300,2300,58
199955,684,700,50
11325,100,100,7063
11386,82,82,1
178228,17599,17599,4
178226,12599,12599,129
178216,17599,17599,4
158936,3000,3000,3
22845,2455,2555,68
128017,9167046,9167046,1
138875,5,5,177
158830,2000,2000,1
27664,400,500,128
179026,119,119,2
24105,6,6,393
31672,832,832,98
27660,20,20,85
71862,17924,17925,49
5478,339,339,38
27651,19,19,74
12213,12,100,19
200579,4000,4000,148
52137,224,224,2
204909,300000,339981,34
11584,4,5,67
197755,307,374,127623
194569,10016,20091,16188
38824,189,189,62
2681,3,4,756
21177,970804,970804,101
17033,1749348,1749348,5
8924,191189047,191189047,10
2685,400,400,26
176861,155,155,8
8068,7970,7970,908
151583,1862,1900,53
162110,9999914,9999914,3
3770,2,2,843
39568,221,221,20
56203,266453,266453,2
81204,17,17,6
158765,9951,9951,3
18234,200,200,5
45980,123451,123451,1
115355,375,375,58
192917,200099,249999,10
196582,249,249,383
29450,693,693,33
18945,2,30,9246
198292,4500,4500,11
36904,175,299,4483
161383,75,75,4
169446,100000,100000,4
117472,319,319,39
192706,32599,38500,10
17119,99,100,1153
2679,4,10,929
193438,3200,14100,2
15869,100,1000,164
20872,62,62,21
1017,2,2,186
3666,2,2,108
36913,2861,2983,18663
44771,48,48,27
13512,41500,41500,370
18635,600,600,8
18633,50,50,3
63024,32,32,1
127730,999999998,999999998,1
13363,2800,2800,6
156526,17500,39599,506
176884,2670,2670,1
180732,4,6,69971
140189,50,50,30
63025,500,500,1
43341,79899,79899,2
52240,90,90,43
52109,3925,3925,29
52081,386,386,19
188811,8500,8500,6
25651,4843,6466,12
113574,27,27,59
192852,325,554,3514
201813,1400,1400,10
80313,1287,1287,10
76684,400,417,12
76551,150,295,23
93705,300,300,20
198043,11500,11500,16
76636,170,375,59
23530,79000,80000,22
200011,20051,23651,89
13510,39500,39500,152
67506,55,55,1
63318,102500,102500,2
74719,94,94,90
76891,8056,8056,26
127732,336484279,336484279,2
59477,6200,6200,5
204621,607590,607640,10
110641,391521,391521,2
44261,4752,4800,14
158873,1999,1999,3
67229,1099,17200,641
2608,200,200,4
200032,7685,7699,3629
1520,250,250,470
20770,7,7,2
175052,280,280,12
81920,14,14,77
133545,97001,97001,18
187825,45000,45000,146
3671,220,220,14
136653,145,145,92
21576,45,45,562
153440,73,5599,207
34761,2100,2100,1455
5472,1,2,1720
4378,82,82,92
128538,1000,999998,34
20816,647,999,905
35627,5500,5600,3711
6450,2,102,464
22795,500,500,256
127712,327803,1663801,2
109218,100,315,1081
76612,29294,35412,5
9088,11595,11600,22
93208,32204,32204,56
62649,10300,12502,6680
37703,391,488,20447
153673,1000,299909,115
44618,1976,1976,121
178218,13099,13099,157
162111,10637683,10637683,1
194577,7400,7500,621
28501,9,9,39
1702,7,4999999,12
198082,9500,10400,241
163136,176,176,2
163132,173,174,3
162575,431,431,2
2687,2,2,462
162572,131,131,42
199216,75050,102900,329
41432,175,175,29
199988,1700,1795,191
41461,200,200,18
40038,6547,6947,24
76535,110,49975,18
40003,589,299800,17
39908,113,179,11
52132,1388,1388,7
52758,19,19,96
7965,120,156,122
169296,100005,100005,3
72985,200,200,2986
39968,200,200,20
39934,100,113,20
52124,100,339,28
39910,847,847,31
38778,15,15,97
55984,46,46,9
192880,29,33,371714
62671,544,999,264
39947,99,113,5
52097,3389,3589,24
130219,1150,1175,90
52289,9722,9722,22
35315,31866,299800,30
76629,150,199,12
4875,2400,2400,11
12212,45,1001,321
18645,913,913,6
52085,150,150,46
11406,5900,5999,321
132510,23,23,2062
138382,10000,505000,2
138384,19967,19967,1
138383,10000,10000,3
52245,3563,5749,34
128312,2598,1834098,3
181468,1320,1390,3886
52218,1598,1599,30
74647,1070,1070,58
68356,175,175,15
128549,110998,110999,46
128550,120398,120399,25
71863,10940,301888,11
160518,95,95,29
76664,3525,3725,11
74832,134,134,254
5118,2002,2002,4
207088,18482,18482,356
94536,500,500,65
22841,5000,6478,166
22846,1547,1547,81
22847,250,250,5
200264,210000,222500,4
79285,12500,12500,5
52987,639,640,4017
192708,2050,2050,4
41492,150,225,4
41478,22997,22998,5
163107,2680,2680,5
52101,275,275,2
41441,279480,279480,3
144396,999999999,999999999,2
192947,14790,14800,21
213385,272,272,1
159789,9499,10461,65
11416,44,250022,4
23113,355,355,101
44287,10645,10645,12
3390,2799,2800,135
200765,6489,6489,4
23573,4789,4789,399
54632,19769425,19769425,4
200020,28000,29900,649
159849,215,477,7
5205,4,4,5
210452,78,78,13
9334,101,101,22
7911,343,344,21581
76558,150,161,48
76591,2527,2527,5
76525,100,210,31
4361,111,175,12
180088,275,275,5
212764,200,200,5
194806,4478,5987,253
43330,2204400,2204400,1
32218,549,549,512
33459,7,75,40
18227,88800,88800,15
130173,264,264,1405
128542,12016,14636,56
127368,17501,17501,4
38769,20,20,25
179006,100,100,2
179004,100,100,2
74642,400,500,194
33629,20,20,3
36789,79937,79937,3
36801,246,246,6
33569,193,193,4
36802,381,381,1
33630,721,721,2
44762,113,113,1
36823,118,118,3
35788,577415,577415,1
33556,1152258,1152258,1
44776,23,23,13
40771,605,605,36
44777,371,371,1
35790,13,13,3
44782,30307,30307,3
36788,15,15,3
33561,20,20,8
37674,639556,639556,3
141333,505,505,58
56158,950,4500000,10
56055,300,300,1
71834,40400,40400,20
180881,33,33,1
21225,300,300,36
20436,310000,310000,8
20433,5749213,5749213,6
194796,9640,79900,106
20420,24104,24104,9
21842,543,544,2730
20419,539999,540000,15
41594,10400,10400,273
194804,5021,7191,134
4872,9099,9099,2
29539,16300,18855,4318
197787,2854,2980,12193
194809,290000,399900,71
22573,99,122,19176
108346,436,436,20
105707,4320,4320,30
119099,3482,3482,2
200681,5200,5200,20
13159,2,2,24
13447,2125,2147,725
151584,134910,134910,48
1082,50,50,66
159872,79426,79426,5
12360,29500,50000,2084
16766,15,15,213
35622,4765,4846,1673
52183,3600,5498,9152
159878,667,667,5
139375,75001,75001,6
22575,3885,6000,1584
9144,249,249,19792
20963,3300,3300,851
198214,3598,3998,211
182653,23,40,126
18236,41,41,5
5135,202,402,14
52158,807,1048,2
194760,5598,9999,243
213214,1000,1000,3
205242,1342,1342,4
31901,700,9908,554
128546,8000,9723,76
52780,6598,6600,68
44500,225692,225692,21
40213,724,724,24
162112,454958961,454958961,2
52743,400,400,235
184346,99945,99946,23
144398,104985,104985,6
67388,868,868,7
200533,9700,9700,3
199964,800,1034,63
54830,72,60522,2
62340,17841,17841,10
153667,2488,2488,258
18286,1963,1963,9
56197,270,270,5
192665,3109,3109,1
187812,39568,39568,4
10558,263,276,423
173360,44,44,11
159920,19,19,5
44284,10568,10674,25
163076,100,125,47
23438,400,448,46
40135,6200,6200,38
169952,146582,146582,4
205465,1998,2000,6
213206,117312,117312,5
147774,2507,2507,16
213026,10016,10016,4
180882,8000,8000,1
168392,12749,12749,13
33092,5902,5902,224
44497,2997,3408,7
38917,5000,5004,30
38932,5115,5119,35
44499,499999,499999,24
39000,5675,5680,31
192718,2298,2298,2
113275,9947,9947,12
38882,447,3542,16
45932,3640,3640,66
52783,4172,5325,9
128551,23284,23295,168
44467,6163,6197,32
74643,630,700,183
192870,4999,5000,6053
203652,17750,17880,1553
68196,125723,125723,3
38947,53996,53997,21
38922,7580,7584,92
76592,169,170,13
178127,300,300,59
202290,225,365,12599
204826,1395,18036,1716
204614,9888,237470,69
193556,23900,23900,91
63271,7414,7414,53
58276,18348,18348,9
194012,29898,65599,97
21574,7,147,856
183597,119515,119515,6
71820,27998,27998,25
29535,276199,1027390,20
21714,1337,1337,219
170164,19892,19893,103
18262,1150,8176,345
57061,88,103,12
6445,50,50,8
108353,900,900,69
52222,2473,294800,10
43396,999999999,999999999,1
194574,700,900,126
191532,7000,7000,14
128736,666431,666431,3
37159,800,800,25
105717,998,998,20
39003,1293,1294,65
105720,9899,9899,16
207041,12969,12969,13138
52152,150,150,5
19282,909,917,28
38913,5912,5928,32
44463,6232,6272,196
56205,11,11,9
41814,701,1999,3822
20812,19036,19036,41
39219,34,34,1
20845,99901,99901,5
23765,178528,178528,10
49253,5032766,5032766,20
198494,192897,192898,9
77529,4903,5335,29
199939,55000,60194,274
108294,3294,10433,75
22373,784135,784135,52
128498,700,1229,14
7286,199,258,6917
13932,370,377,141
3010,10002,10002,11
180412,1000,2200,11
46023,27000,65475,6
13506,3200,52437,90
71876,57761,57761,26
193944,28213,28214,20
152615,38500,38500,354
200633,50099,50099,16
182775,1500000,2586250,2
199968,4561,5766,368
5048,99,99,46
63293,112015,112015,1
76515,100,223,28
34750,4,4,34
44154,6715,6715,17
151580,1000,1000,139
130220,6000,6400,34
163082,335,847,550
35836,1272,1272,20
22827,5073,5098,204
191939,70,70,12940
200796,75178,75178,10
38350,802,802,9
30813,166,166,53
24401,150,199,2289
32215,543,544,122
168794,2400,2400,9
20813,6965,6965,46
32212,466,6703,48
20882,66,90,47
38816,75,75,15
115808,139,140,7
190236,4800019,4800019,4
76504,114,116,59
19937,4800012,4800012,1
127836,25,25,410
76557,150,183,21
20846,77029,77029,7
76532,150,171,3
76546,100,1114,12
76547,100,1155,53
23439,3300,4960,802
76508,100,615,17
76524,100,301,28
93706,100,206,8
81919,16,16,4
18283,1327854,1327854,11
4304,799,1420,10418
203410,7082,7500,375
38909,80,80,33
76599,150,199,14
18562,1599,9900,21054
60489,362,362,1
106888,26,26,31
25437,4800015,4800015,6
163709,999999999,999999999,1
200798,100013,127013,41
66949,51555640,51555640,1
13445,2500,2999,209
60488,1321,1321,6
22840,3000,5999,825
22830,2999,2999,419
46377,2075,5999,297
44325,1534,2999,304
40195,1265,1999,10463
44329,1099,2999,196
1222,1400082,1400082,16
41586,1000001,1000001,199
44267,660000,660000,9
44263,99000,99000,16
44265,11088,11088,9
158926,338,338,18
44288,30844,30844,8
200033,7320,7440,6369
159846,288,288,4
44271,297000,300000,7
16006,39895,39895,179
44269,61900,62525,10
22831,4049,4499,236
17708,401,5999,188
62008,125000,125000,1
76660,100,115,55
76586,5295,5296,15
46378,386,9999,307
169299,8995,9997,1552
22787,200,295,7334
71859,11438,26213,58
31676,1600,1600,34
182766,60000,80000,2
19272,3000,3000,7
60579,1104,1104,2
32718,70088,99988,776
32715,60000,99988,650
32716,20088,99988,640
136596,294874,294874,10
38929,889,890,455
56049,76,76,5
72162,71,979,3350
179275,4944,4944,18
204710,859998,919987,757
2516,10000,10000,988
42702,51999,52000,120
11018,903,903,79
89737,133,999999,42
44469,495,496,30
205237,2043815,2043815,6
173123,2010,2074,14
33567,70,70,1116
39356,347,347,4
29559,2011,2018,78
201721,1400,1400,139
28468,76,576,2
205014,2400000,2456561,3
197853,748,748,271
76566,150,157,37
54619,3496,3496,6
68049,390,390,311
40049,30051,249100,16
108354,1988,1988,104
200819,977,977,32
24232,175,175,4
190880,100,100,106
173091,29400,29400,45
65892,490000,490000,13
52293,41999,41999,8
52099,4008,4008,6
38796,662,663,47
6453,4,4,45
38908,226,301,21
186726,345,345,110
5634,12700,13555,174
42641,95,95,143
112177,1000,1020,57
120328,19901,19901,1
16023,2500,2500,108
52303,25025,30466,264
187823,22500,22500,28
178534,1216172,1216172,5
12645,3230,3230,4
74644,250,289,87
74651,809,809,120
74652,925,925,46
34753,1300,1344,82
41398,18518,18518,16
194871,499,499,5
184682,600,600,33
31918,80000,210076,17
18045,22,24,210
9336,2200,2200,3
182713,1000,1000,3
71841,21982,21983,27
153623,2850,2850,6
184341,300068,300069,27
207021,1400,1600,1450
92525,393906154,393906154,6
213033,1048,1048,5
198216,27,27,230
38981,629,838,9
52296,15500,15500,21
71840,20900,20900,54
39970,510,543,260
62661,199,199,80
174891,3000,3000,5
192692,3033,3033,1
62770,317561,317561,1
8343,100,100,435
194829,1095,1099,11182
128847,500,5000,43
158743,49988,49988,1
92664,147514557,147514557,1
38974,79,80,40
193370,279,290,114481
205015,1800000,1800000,9
198500,61127,61127,22
34113,40513,40513,1077
76694,3370,3377,111
24275,46070,46070,43
6043,499999,499999,1
25890,66485,66485,19
163841,16,16,19
192707,3642,3642,8
44468,80000,80000,1
37252,5,5,13
205693,8400,8500,696
5430,900,900,1
188794,494,494,1
20452,2891,2999,420
201310,5398,5452,573
199190,99900,174975,2
71866,11189,11189,136
71854,22989,28471,67
71852,22489,28471,60
192953,64999,43432499,2
18251,1316,1316,22
213216,11289,11289,4
198501,3500,3500,12
198268,1492,2636,399
1175,4500,4500,4
5042,186,187,509
33639,227,227,9
74704,4310,4312,70
38898,310,1532,32
162552,26258,26258,10
42432,1800,1800,11
42428,228,228,155
39354,1,1,50254
205872,9829,9829,2
52143,488,488,3
205869,3243,3243,1
5479,102,102,89
163569,5,20,174914
38976,110,336,29
208188,300010,310332,25
188684,5093,5093,8
21546,27459,27459,42
22823,2981,999995,260
22848,9998,9998,61
31677,4208,4208,3
76090,895,899,463
182765,1947051,1947051,3
9197,14758,15058,13
9224,2500,2900,148
54849,3499,3500,11622
163781,400,5999,1266
41334,19999,19999,297
180411,722,722,1
179001,633,633,1
173128,2200,2400,217
66950,25000000,25000000,1
2748,2764,6996,10
2744,2005,2005,6
2745,9906,999906,19
2735,1900,1900,12
2732,8888,999988,9
2740,16200,999999,14
105702,3320,3320,15
43987,5737,5741,186
52131,128,128,3
130248,79937,79937,82
24030,11010,16556,10
179299,25203931,25203931,2
178106,1992,1992,9
38885,9600,9945,68
52231,1590,1590,15
24272,39898,39899,455
15420,44189,250000,101
74724,2990,2990,42
158790,2000,2000,1
163782,402,402,154
112271,2190,2212,16
32453,14073,14073,50
4588,19999,20000,5
4611,2900,29999,274
163581,358874,358874,1
52100,9000,9000,6
40077,85,13525,69
213180,40000,40000,3
87240,599,599,73
38896,12043,12043,22
187887,119900,120000,394
204568,347439,355982,25
27636,15,32,63
45060,3233,3235,141
213361,99900,128500,3
213037,123500,123500,3
38842,200,560,45
23576,2717,2717,18
10646,652,652,1
198210,1600,1600,54
38972,18993,18993,3
4603,3500,9479,7575
163549,16017,16017,3
179017,100,100,3
81401,198,999,173
81405,205,300,65
194784,90,111,9177
191250,2222,2222,4
212771,300085,300085,3
213368,699,699,3
171274,400,3781,410
39974,253306,253306,5
76562,200,200,11
35758,500,15000,259
98118,29,32,18
41389,5157,8783,15
53063,590,650,469
58480,51700,65742,1230
112185,10000,10000,32
29533,377455,1170752,9
98116,190,235,21
111439,15,15,871
53050,35,35,514
136636,1299,1350,108
60405,500,500,99
76884,5500,5500,24
87892,21178133,21178133,2
165692,19901,19901,212
191521,1074,1074,7973
76135,288,401,9707
62666,799,999,328
162113,50000000,473227152,2
76141,800,8550,2451
127037,285,10085,5934
180059,14975,15000,235
62251,99,99,11
178130,1300,1300,4
37140,1500,6953,186
112275,4951,5026,14
128742,35750,35750,2
19264,6325,6325,6
19271,748,1927,19
153605,5940,7980,20
36901,170,219,38537
35759,1076,1076,13
44779,35037,35037,8
8244,50000,450000,477
10546,4199,9299,104
199949,700,750,24
76575,3000,3000,30
52136,16999,16999,3
34758,138,138,1
12215,110,110,8
41451,68287,68287,58
32199,175,194,54
76582,50660,50661,6
4596,34997,34998,3
194693,119,119,22
196540,2437,2437,235
52139,49993,49993,2
128740,349999,349999,2
202315,1300,1389,218
62663,350,1999,179
16005,1247,1247,97
9030,2139,2139,15
205171,1250049,1250049,2
126936,588,588,21
52174,17999,17999,2
200618,374998,374998,5
203862,3193,33333,1191
41480,650000,650000,2
198356,190,310,437
192965,25000,25000,15
62665,400,999,266
184340,674997,674998,14
161126,1855,1855,1
158186,25,25,3686
101750,319999,319999,2
200856,30999,31000,28
41499,4000000,4000000,64
198295,36682,36682,2
191508,7706,7706,7
184342,352103,352103,16
76602,9989,9990,4
76577,386,1821,7
184345,353504327,353504327,20
128764,974,974,29
52141,23891,23891,7
141446,595,595,44
52151,85000,85000,2
184344,377499999,377499999,11
144306,1384,491200,33
41497,14999,15000,6
32836,2800,2800,19
196584,200,200,143
204567,100000,100000,137
25897,15000,15000,19
52130,19991,19991,2
159875,1274,1274,2
93707,19099,19099,3
194685,125,1025,799
52138,189999,189999,2
41450,1799999,1799999,2
41473,4499985,4499986,4
201417,1910,1910,207
201416,335,335,124
45978,1000000,1000000,1
184347,1111210,1111210,15
41498,22494,22495,9
22853,9999,9999,18
28118,3561,3561,66
28362,3300,3333,66
198307,1922,2005,2
98117,411433,411433,1
76700,2500,2500,54
6986,5001,5001,2
192943,50000,120489,19
13929,286,3316,11
76620,6161,7022,4
200577,1330,1330,10
76583,40011,41682,3
199060,3073,3235,64
38855,305,831,3
204827,501,501,12
192962,45463,53008,3
140628,97663,97663,14
1697,44,44,22
35760,549,549,96
112181,9994,9994,3
7307,8,8,127
179019,29,29,11
12361,145,158,161
76597,6237,6237,6
38973,1057,1057,77
43125,239,346,2227
62669,300,999,284
163912,60033,60033,1
23938,27500,27500,5
192926,15063,381805,9
160709,380,400,12120
44328,4258,43525,172
191323,11999,21532,513
173168,100,448400,328
198492,475,475,1094
34440,1674,2100,310
57193,1400,3503,276
40087,9899,9900,268
40081,1062,9900,258
128547,8833,11189,51
192645,2217,2217,10
140321,60000001,60000001,9
210842,1201,1701,650
198183,99,100,949
128713,50084,50084,1
42912,822194421,822194421,1
198190,2793,2793,845
43574,50098,50098,5
132191,410177,410177,1
163902,20033,20033,2
197749,95,100,50964
180879,99033,99033,1
173126,2399,448400,211
152897,749,749,72
3466,21,21,4206
204860,45035,52500,305
76626,5000,6828,7
130203,56734,56734,66
104314,58,1649,2265
36916,2498,2499,7184
15407,445,445,1023
27439,101,2500,455
158858,1500,40750,2
138295,20011,20011,3
88151,2500088,2500088,1
88152,2500051,2500051,1
44749,9106,9106,10
158853,25193,25193,1
158817,184074,184074,1
8392,1494085,1494085,1
4655,22273,22274,134
24027,5500,6000,18
41803,475,7560,1387
71818,25071,25072,35
22578,1441,1604,905
142263,225,1031,3724
127716,1299904,1299904,3
22574,3500,3799,2085
22871,100,100,6
8928,83948,83948,1
52292,9623,9623,16
192931,30000,34021,44
32063,599,880,198
118681,133,133,7
60858,498,19999,170
76696,4770,90000,197
76886,12592,12594,74
60396,54,456754,9
86599,63309,63310,10
23104,1094,1194,61
60397,2000,2000,3
18254,417,417,5
3776,49903,49903,1
165733,9780,9780,3
198301,650897,650897,3
174890,30080,30080,1
24035,10752,16042,207
38800,3577,3577,16
39201,254002,254002,5
192936,40000,40000,6
32223,840,840,68
76885,10024,10025,94
39939,3630,3630,169
197779,150,297,5366
39966,113,113,50
21886,22500,45000,573
76728,10271,10271,6
63272,450,450,13
76887,9949,9959,27
46703,50000,175000,4
212761,60080,60080,1
179288,100000,100000,3
210451,275,275,2
184394,500000,500000,3
40034,17752,17753,93
32198,14999,14999,217
30812,13,13,9
35501,249821,249821,46
140202,57,57,20
35761,2579,2579,226
161153,51,250025,4
32203,380,429,122
23827,9985,9985,64
71865,12978,17902,44
22203,12473,23999,2178
33093,7875,7875,115
10647,30,474,6195
173911,1099,1099,1
52169,75028,75028,3
39975,876,1171,11
41604,29997,29998,16
24273,92100,92100,13
23110,11000,11000,1
39979,400,448,3
87244,677,677,48
20552,99,99,8
68055,3748,3749,3
52094,124,124,83
128992,34829,34829,17
17403,10000,10000,462
6316,5615,5615,33
22376,49495,49495,125
87264,104316,104317,24
5526,1820,1820,30
13934,26675,26675,116
181713,184,184,4
24245,3700,3725,835
3827,200,200,101
81918,500,500,9
192632,101,101,3
21226,46,46,5
112298,800,999999,34
213035,247,247,2
5476,11445,11447,23
173125,1759,1759,3
153708,7500,7900,189
142102,24403,24403,31
38905,125,125,39
3819,2000,3500,3335
199646,400084,490084,7
198507,7527,7527,22
176391,180,180,5
175960,275,275,4
119022,1116,1116,45
44089,2300,2350,6
44078,2423498,2423498,5
44084,390400,390400,5
44081,5423,5423,5
3663,250,12533,69
44087,118406,118406,5
44076,186259,186259,5
44088,879343,879343,5
172903,540,540,69
168638,10731,120044,122
187648,14411,14411,81
192970,3212,3212,145
39005,529,1069,5
52784,7225,7267,34
52785,6948,7915,19
205044,1200098,1200098,3
38962,39,39,19
52781,5544,5545,49
38861,120,776,140
210248,200,2948,7937
168792,3665,3665,9
38774,176,176,13
197850,3906,3906,370
44815,1200,1200,10
20876,66,90,41
144304,988,491200,27
52773,2000,3000,29
132220,100,100,21
39222,30,30,4
44774,6030,6030,7
41474,494972,494972,6
25868,140000,140000,116
3726,290,290,28
62680,944,999,1002
20543,48692,48693,7
76617,382,382,3
198431,594,600,5
140351,197,197,29
32717,65099,74499,706
20857,12500000,12500000,2
133567,100,100,553
152296,1311,1311,4
52211,3590,7595,56
68357,3575,7595,68
29574,1000002,1000002,1
17034,450001,525001,40
41476,249320,249320,7
62785,16,16,136
39959,3567,3567,23
81400,15,15,47
71835,80052,80053,30
158783,10000086,10000086,1
151388,1098,1098,2
43478,28799,28799,516
3858,600,692,50679
110654,6796,6798,123
199974,49500,50000,90
127733,2999989,2999994,2
176393,2000,2000,1
44285,8675,8675,11
191514,12997,12998,6
62657,74,176,7
20817,1426,1434,41
62017,56817,56817,2
12238,9,9,61
38901,1119,1119,19
8152,9,9,2
4391,3500,3500,28
33234,9,9,18
126935,2999,7099,161
42963,3000002,3000002,1
198218,199,199,477
23114,200,201,8
206969,54025,54025,33
961,2,3,40
38904,1068,5279,7
28290,999999998,999999998,3
54834,875052,875052,1
139345,277721911,277721911,5
39207,209396,209396,4
32211,94870,94870,41
160582,92410,92410,3
37160,389,389,43
71822,45475,58990,26
151392,252231,252231,2
162566,19,19,18
41481,117610,117610,9
32852,325033,396489,21
71833,33999,34000,40
192725,3424,3424,1
200855,2200,2200,37
16170,12500000,12500000,60
29561,428688,428688,3
71819,24984,24984,22
180058,5399,10000,339
180057,3000,7500,307
180055,950,999,403
115809,8500,8500,15
186684,4000,4000,13
188681,300,4800008,34
188792,293,293,13
188947,2402,2402,1
101661,16000,16000,8
89739,76,76,3
18255,5400,5400,44
204971,45000,50016,493
32601,1000,1063,52
52154,150090,150090,10
192710,2964,2964,1
52176,1500,1500,8
3164,89499,89499,12
198207,638,638,3
12003,39699,39699,7
62527,32,32,4
52299,4001,5643,15
71855,22904,26213,67
71878,80080,80082,33
32596,47535,47535,2
201698,830,830,967
32600,47535,47535,2
131746,8584,8584,120
32599,47535,47535,2
197856,600,600,450
76890,2700,2700,18
35707,2758,2758,20
71849,22999,22999,32
74662,14749,14749,20
205692,7529,7529,265
52294,37479,37479,4
109147,2000,2000,427
196585,2433,2433,342
69772,250033,250033,6
196583,239,9929,184
10512,1400,1500,1185
76627,1425,1425,1
76879,11998,11998,40
179014,600,625,6
39982,900,900,12
163914,33,33,1
158788,2142,2142,1
2091,2000000,2000000,1
5371,1,1,2
28464,22294,22294,6
28470,490,490,1
62772,1,1,5
5367,1,1,1
163900,33,33,1
9451,8,3333304,6
56196,501,501,4
128993,5073,5073,21
56195,2501,2501,2
40120,6347,6347,47
200825,7496,7496,2
173913,5000038,27853438,2
71839,46830,46830,18
71829,70298,70299,19
3340,5000,5000,45
22788,500,700,63
58144,18525,18525,80
180341,99999900,99999900,2
44331,2163,16512,120
34220,4664407,4664407,1
92056,50000,50000,1
92430,179900,179900,1
179986,21,21,35
184343,15027479,15027480,11
153661,3571,3571,155
165016,675,50000,67
112095,2501,51251,2
71864,13900,13900,9
71853,25932,25933,51
186982,1000,1000,7
38999,6142,34453,15
31862,999999998,999999998,4
39936,19476182,19476182,1
163060,2606,2743,35
163109,3755,3952,12
200770,8009,8009,4
33825,21997,21997,14
33872,318,318,11
6890,8,8,91
112183,127397,127397,6
175069,75,75,208
27503,369,469,40
52779,1399,1399,49
62651,712,712,43
178131,1404,1404,1
43015,2030,2030,35
38804,129,129,66
141908,24844,24845,113
44449,402,403,16
10507,112,112,476
52338,401,401,1
71870,23000,851537,14
22797,8582,8582,17
133566,569,569,159
178247,229,229,4
39999,15418,15418,2
40126,11590,11590,1
71880,228865,228865,27
40138,9900,9900,3
74706,46,109,16
34736,450,490,246
29110,500001,500001,16
197768,6558,6558,3174
76585,27839,27839,7
147777,1316,1316,12
25414,525,525,10
4394,3000,3000,116
110648,1038809,1038809,1
60378,464,464,10
204237,230,234,74
182776,55261,55261,1
42908,5000002,5000002,1
40914,8999976,8999976,1
197847,4000,5400,20
136548,50,50,1
186981,361,361,4
32196,549,549,229
32194,549,549,252
32725,1009,1009,6
10648,1059,1059,25
112111,1486,1486,4
182718,126,126,3
17402,150,250,1139
43399,2,2,1
41455,2308,2308,1
6150,100000,500000,118
4540,20,12010,42
60853,150,177,134
200566,1800,1800,28
134053,9901,9901,1
60578,852236,852236,10
24539,50000,50000,6
134054,1101,1101,1
105700,562,562,5
200634,38500,55722,218
205871,2830,2830,4
79303,170000,170000,7
39685,999999999,999999999,1
46390,5000,5000,1
6455,1,1,1
46391,2271,2271,6
188946,2000,2000,13
32222,549,144870,25
188790,569,569,8
127715,3499800,3499800,1
127718,2999800,2999800,3
9335,10,10,20
201398,9900,9900,110
108361,9814,9814,15
201415,989,989,130
201413,4200,4200,108
127717,4999800,4999800,1
34752,245,999,621
198316,30099,30099,4
210819,297,1000,98
71843,22099,285949,36
130201,1403,1408,91
62780,182,9898,441
176088,19999,19999,1
151256,5000,5000,181
40214,34055,34056,10
180060,7045,20000,228
74854,185,187,319
20542,230,230,2
41479,150,150,7
184690,12938,12938,91
79250,7980001,7980001,1
210244,4750,5000,3
52106,8382,8382,10
198441,1002,4529,840
32833,100,100,10
74718,1265,4800,59
133564,1270,1295,987
133565,111,111,84
162011,500001,500001,2
191533,6576,6576,15
5113,1204,1204,8
67337,30,30,1
186704,1542,1542,4
178543,85,85,3
71826,35900,35902,24
187827,35683,35683,2
21716,1770,1770,598
198160,674,674,14
28059,135,135,7
18300,664045,664045,1
41400,4726,4726,29
163920,33,33,1
71842,875423,875423,18
127731,4495200,4495200,4
32224,249800,249800,8
212774,239,239,2
179283,1111129,1111129,2
187842,119,119,11
212766,284,284,1
213367,50000,50000,2
163907,2533,2533,1
13927,950,950,29
140754,1000001,1000001,1
128738,999902,999902,7
24281,1332793,1332793,1
212772,588,588,3
213358,4000,4000,2
213030,50000,50000,1
57065,140000,140000,3
213045,300,300,2
127737,3499800,3499800,1
13511,60000,60000,166
38879,5887,5899,23
74703,4515,4516,40
200830,1411,1411,22
52163,128,128,1
183209,165,165,1
176879,2137,2137,1
178129,183,183,3
44456,503,2716,49
38992,2699,3216,50
92527,10000000,10000000,1
61988,110366,110366,3
184050,1500,1500,3
59491,128,128,1
175957,133,133,4
86074,22,22,5
38987,2913,2916,66
83120,751,751,1
38991,2698,4716,36
133568,441,441,224
12209,250,250,25
44778,75,75,1
44770,30,30,15
197767,499,629,7505
40393,150011,150011,3
110634,159999,159999,1
39006,4913,4916,23
13453,5998,5998,8
23332,11,11,1
198506,1009,1009,1
40111,4000,4000,84
180340,2500,2500,1
178549,238809,238809,20
76897,4158,4158,13
40095,1949,1949,10
213043,276,276,2
17197,500,52398,3135
213213,787883,787883,1
213212,20000,403926,2
180457,2500,2500,93
3818,699,1520,1317
180623,217,217,1
176809,1046,1046,3
175965,223,223,2
38910,5515,5516,60
1178,111100,111100,2
4479,99,99,7
133578,8406,8577,15
153431,509,509,26
58261,55,55,1
71824,38952,66233,28
39932,2500,2500,15
23115,700,700,46
24061,614,614,7
88158,250000,250000,1
128158,5000000,5000000,1
158872,60,60,7
110619,760,1902,65
86574,2444406,2444406,2
140187,19,19,1
204840,40001,40001,2
32720,70044,70044,425
208736,289,289,1
162677,2500000,2500000,1
69840,4800000,4800000,4
62015,30671,30671,2
79306,24499,24499,3
44268,14580,14580,6
62670,380,999,291
45901,3000003,3000003,25
32722,1555,1555,18
81889,793,793,4
191504,1000,1000,51
144397,1544408,1544408,4
199344,1512,1530,2099
132531,7000027,7350027,11
159874,1789,1789,37
1529,415,579,252
1705,78,100,73618
52178,2524,2828,1292
115354,28,29,15
2682,2,2,166
153606,2580,2580,6
127762,899900,899900,4
176856,57,57,1
22844,462,462,4
23120,810,810,20
179020,29,29,1
2596,2042,4743,45
23826,22937,22937,24
62659,96,96,65
198499,9706,9706,877
113277,16712,16712,3
163117,519,519,21
21030,190,190,42
71851,59314,59314,5
138294,647299,647299,5
187911,19,19,25
52182,6498,9000,462
24368,6629,6629,35
40215,1467,1467,1
40216,1422,1422,3
178219,122,122,6
41584,10470798,10470798,5
147776,113,150,15
39906,113,113,3
163387,2655,2655,17
17344,931,931,2
41382,12057,12057,5
71837,36936,36937,17
71858,25468,25469,13
76651,200,200,25
44082,391511,391511,1
211383,186,187,38
22642,10000,15800,33
44291,4950,5000,12
52575,5001,5001,1
54623,100001,100001,3
49624,100001,100001,5
23769,80004,80004,43
117440,173,173,45
117441,116,116,21
140269,25552,25552,16
130202,4524,4524,68
113276,122276,122276,2
88487,565,565,23
2947,99999900,99999900,1
29581,5475,5475,1
200050,345050,345050,95
203414,48020,49000,33
63274,700,700,173
152548,912,15391,545
179307,422,422,4
23781,1900,1999,891
2734,4579,999979,5
58089,16534,16534,60
34754,5000,5000,87
27656,629859,629859,1
171428,2251,2251,8692
2730,8250,999950,33
182757,10000,10000,1
23976,245,245,2
179018,963,963,11
23978,76,76,1
178175,220,220,1
4398,2038,2578,134
163050,29217,29217,3
173122,2476,2597,2
23977,38,38,1
23944,57,57,6
23948,45,45,19
5066,280,280,9
23949,65,65,11
5566,221,221,3
36920,275,275,177
62525,30001,30001,3
12820,9999,49500,291
36923,357,735,168
2894,5,5,27
44619,2508,2508,3
9262,90,9912,2472
45793,500000,500000,2
89512,500000,500000,2
23331,500000,500000,2
128846,1000,1000,10
38561,2045,2046,8580
118902,1,1,9
42911,100000,100000,1
42401,9900,9900,1
39501,274,274,20
76623,166,166,2
79294,291031,291031,1
153569,50038,50038,1
59228,314,314,19
92053,162590405,162590405,1
11040,3994,3994,8
120269,1501,1501,1
38955,260,260,2
163053,1518,1518,4
2686,500000,500000,2
4780,500000,500000,2
182119,500,500,2
82451,20,20,3
182118,500,500,3
151444,4339,4339,2
140355,94,94,1
62658,25,999,686
62664,999,999,316
5871,500000,500000,1
25412,500000,500000,2
205039,1499899,1499900,532
30155,18,18,63
62654,1522,1522,351
163104,861206195,861206195,3
136553,300,300,4
22835,591,591,14
197776,75,92,145
112295,2075,2075,28
52153,364,364,1
10548,6952,6952,4
20384,2400,2400,214
62668,594,999,740
31899,296745,1000099,5
52782,4029,4029,3
32079,1212897,1212897,1
41468,45000,45000,1
5480,340,340,1
160330,698905,698905,5
42994,2500,2500,1
62328,500000,500000,17
1696,500000,500000,2
193960,521,542,13
44616,83,83,6
117471,19,19,5
23354,9,10,4
31884,700,125000,28
62010,150088,150088,7
159876,19,19,20
204708,1500076,1500076,1
204700,100051,100051,21
119213,38524,38525,101
128833,400,400,40
193021,15051,15051,231
207039,18000,18000,6062
194570,8599,8799,130
113108,3320,100000,15
11419,5029,5029,1
11420,5026,5026,1
187711,25000,25000,1
198395,391,750,4269
119157,999999999,999999999,5
200623,1668388,1668388,3
166419,200000,200000,3
179292,3743165,3743165,1
5524,2013,4401,208
49601,1001,1001,1
38583,160571377,160571377,1
11846,16652774,16652774,1
6298,278438451,278438451,1
39941,999999999,999999999,1
185737,500,500,3
7973,4504,20000,439
39204,999999999,999999999,1
29577,22781416,22781416,1
67257,999999999,999999999,1
52340,1000000,1000099,28
79300,99964,99964,2
201697,3521,3521,90
18594,937,937,52
59478,222280,1499800,21
194738,1000,1200,17
32947,22745,22745,14
32948,33043,33045,154
151386,9500,9500,1
132207,937,937,1
170491,4000,4000,5
173067,29900,29900,200
58274,62,62,3
172147,500021,500021,1
172143,300000,300000,1
182459,500,574,8
76635,3000,4064,3
76610,16000,16000,4
45880,1000,1000,1
28123,3500,3500,64
198162,10071,10071,31
194573,5799,6000,18
162010,9500000,9500000,2
138285,200,200,6
38520,830,830,1
20498,16,16,1
54832,4000,4000,12
159897,19,19,2
105705,7809,7809,4
36905,380,499,1488
105711,4587,4587,15
105701,5559,5959,8
58278,5000,5000,4
45198,575,575,8
39945,279,279,1
198044,8055,8055,3
27659,49,49,12
13423,999,999,85
25416,704,707,213
176875,2239,2239,1
76584,23000,23000,1
128838,419,419,4
28363,9976,9976,30
161128,150,198,27
79310,30064,30064,5
163637,66004,66004,2
205471,264,264,1
204825,650,650,111
200787,1300,1300,2
200764,1400,1400,1
38266,3500001,3500001,3
76605,99960,99960,1
19260,7888,7888,3
200823,5000,5000,1
200833,8500,8500,1
25867,150099,150099,233
200847,8500,8500,1
41509,429,429,5
212763,240,240,2
45862,500,500,1
141318,1019,1019,6
159847,1843,1843,2
159848,2006,2006,1
163522,1400,1400,1
203865,10971,10971,5
200851,8798,8798,14
20513,76358210,76358210,5
104196,60968,60968,1
178221,200,200,4
101745,2393,2393,5
44272,12032,12032,27
163058,900,900,4
162561,250,250,4
194821,1200,1200,12
101662,11500,11500,21
163110,4900,4900,7
197854,542,542,10
40202,559,559,1
169280,294,294,5
140275,10998,10998,5
130200,182,182,60
129099,1482,1482,83
3931,3,3,2
133586,19,19,1
40356,35,35,8
6887,1,1,20
32597,665038,665038,1
27856,3,3,19
39914,442178,442178,3
18288,4,4,15
4421,2000,2000,2
115811,480000,480000,1
52175,128,128,1
52170,128,128,1
28461,3283,3283,1
3403,5,5,4
3703,1101,1101,7
213277,20080,20080,2
5523,101,101,12
74864,2499,2499,92
178107,1384,1384,1
24519,18,18,3
74860,938,938,2278
81916,100,100,20
76596,96727,96727,1
9154,5,5,15
115813,12120,12120,2
108298,1,1,12
108300,249,249,7
180329,5000,5000,2
182797,1000,1000,3
179291,10000,10000,1
180331,25000,25000,2
179290,1000,1000,1
180348,25000,25000,2
4554,337882,337882,2
180330,10000,10000,1
2738,999906,999906,7
29568,15,15,6
213374,10045,10045,1
172017,5000038,5000038,99
36781,4,4,1
21990,17,17,45
197764,15010,15010,20
128018,2499800,2499800,2
32068,1999,1999,1
25432,1259,1259,2
