item_id,min_price,median,quantity
58094,990,990,183
38862,84,88,85
191382,2600,2800,13923
52166,638,638,11
192974,50,200,1678
199058,14999,21235,238
163698,20,20,33
41594,9397,9398,444
153702,251,251,1287
43010,199,17200,829
152542,4,12303,60036
31902,2599,4499,53
2678,1,65,146019
76130,297,312,246
198082,2099,2500,149
119102,5000,5000,5
158858,2995,3000,5
5466,11,302,4274
172054,7,7,15756
197754,10,38,231233
22794,855,1495,2315
31910,375,424,75
52078,830,848,11639
88154,500038,500038,1
6522,100,3495,13788
178550,27,27,458
192862,349,362,262
199982,500,500,157
192958,20507,22957,2622
193254,4498,4498,164845
11370,1250,1866,18892
34054,27,80,481774
191494,13901,14429,9169
81402,13,13,52
198318,105000,105000,1371
31670,125,2053,7922
43646,232,599,1396
155598,34,34,88
202070,44,44,8511
173070,7500,9969,48
200614,547,552,417
200582,1500,3599,5251
169130,41,41,54
41814,661,1999,4160
72162,130,130,6051
191466,177,308,161427
194754,23000,23050,4047
119094,995,997,4
166270,3854,3854,55
116266,690,910,1281
194730,101,500,66577
116406,4888,800050,4750
201406,9499,11949,43419
62518,23,4999999,192
212766,284,284,3
108330,85,99,1626
207702,20099,24999,4221
53066,4,4,1210
152546,62,65,4155
74834,371,1900,13908
124118,88,400,34017
3182,18000,25999,14906
79238,668315,668315,6
187702,7,20,31937
27854,3,3,458
33470,15,27,41319
56046,1,500000,359
27674,30,66,1500
87238,16,24,263
42998,500,500,16
191386,427,650,33012
192658,183,183,5554
170554,600,700,9769
12238,2,2,40
193050,9,12,469605
109142,5,35,20743
6362,5,100,3110
192994,20098,21899,3864
178222,19,23,278
191322,693,7578,1108
158806,126,126,33
152506,175,524,45034
207054,108,300,140
198614,20000,35000,2433
79538,5598,11650,332
204614,16461,16461,116
191394,637,500000,5464
38774,205,227,62
191462,17,25,1345121
199986,3954,4000,475
2454,1,60,2037
109134,94,1200,9691
200794,2329,2382,12
193210,18,29,1329953
168302,201,1200,7031
194578,3898,4663,949
152638,5090,5990,821
162010,9500000,9500000,4
17010,50,1500,19271
192670,250,300,223
30810,10,920,62090
192614,63,63,416
39970,490,490,4725
175886,3,5,2875
27422,18,17200,674
127850,388,400,344
154122,500,775,701
21562,2,4,140
191398,1700,3600,2623
13446,35,97,456
52182,1655,7350,8602
111670,69,75,3070
172094,15,100,425417
198222,700,1118,1918
38426,100,202,4293
190326,1085,1100,268256
53010,120,200,24268
203418,3400,3495,742
79010,58,65,3519
128538,195,3733,56
192842,275,6969,88403
71882,49900,56185,15
192926,26000,43563000,2
33042,57,139,126
190322,1378,2951,384958
3666,2,2,194
81414,13,13,440
115502,2937,17200,245
167738,34,35,615643
21886,10005,10005,475
4594,8,21,406
173122,900,1050,77
129158,2,3,1690
193214,36,53,444627
38902,274,275,36
10290,24,50,15107
2838,15,50,16967
3858,400,500,63053
33462,4,5,127
74622,58103484,58103484,2
6470,60,674,13777
123918,998,2222,386695
3818,969,1033,7112
128650,10,100,26754
109126,144,465,238855
21590,27,32,97
173042,262,391,144
133570,15,15,227
152550,229,500,442
195466,574,574,116
173034,154,190,44060
200786,1989,1989,36
200054,195050,230000,1336
200814,7502,11402,64
71830,144968,144968,7
193258,150,165,30268
197742,35,100,212486
74850,475,2589,6181
117454,799,800,72
190450,13900,15899,20491
168822,1550,1865,63404
13462,65,70,150
194806,4500,5919,194
169138,41,41,16
29426,1800,2763,13600
158818,2188,2188,7
43102,4229,4395,2323
111674,99,134,5881
157842,38,38,54
23782,9700,15455,1260
74822,7,9,634
163842,45,45,19
11942,799,800,25
38558,1386,3425,11035
201466,51,51,3654
44958,1500,1500,2314
62414,49,49,8
154886,13,14,1297
3386,572,678,153
194050,299,200000,22171
104122,1200,12500,516
8150,1,2500,8793
52178,1225,1799,699
171286,1725,2099,496
23426,42573,79990,3650
124110,55,100,5753
173086,11988,12288,33
31906,3900,3959,176
76658,1198,1199,108
199994,500,537,410
156930,71,245,61728
76634,1022,1022,17
38766,12,12,690
19258,611,676,12
90554,15000,22507,5
24246,275,312,16816
158862,142,142,85
192634,103,480003,250
112286,2999,10099,17
5498,90,2500,24094
179314,7,95,21057
173110,700,950,4268
2674,643,4500,3720
52114,275,575,10
82442,425,450,50
77542,4968,4968,29
192838,105,144,7572
19222,4,5,619
199934,1799,1850,122
191374,1330,2175,957
118006,17,237,451
32902,2,35600,12463
4406,3298,3329,362
124102,724,800,178417
173202,8,20,1463693
153442,2065,4400,159
35758,33000,999999,254
193262,5,19,87869
13466,988,1349,9129
193470,125,145,165253
173074,16121,16969,30
192674,188,4800095,122
36918,300,345,220
133578,2000,4500,252
191378,221,899,8241
97622,30,17200,245
2318,94,199,51307
110610,50,667,68184
52986,1345,1600,5742
173130,1300,3391,170
128498,411,1347,121
24338,3,3,61
11590,4,4,23
198550,800,1000,11185
22446,129,225,99215
23386,99,198,17
200778,4725,4725,3
52194,3049,25092,3203
204234,2595,2595,21
207022,600,1111,41308
160518,641,641,11
52170,390,499,17
40038,7347,7347,8
76654,420,802,26
191358,4115,4395,2022
124438,5,77,108306
191470,3100,3199,20461
192622,65,65,175
172934,850,1500,1105
79102,95,100,125
108338,126,212,3477
29534,57533,139407,12
200074,1909,2370,75172
10938,98,506,7521
52338,25000,25000,1
174322,3264,3265,5
199950,500,500,316
111658,9,500,1401
176886,3091,3191,9
190314,5858,7000,28068
9262,20,2600,1534
87806,3600,5000,124
124106,11799,17000,6392
2594,548,1608,237
2934,111,397,29570
62662,40,999,398
184346,99959,99959,15
197794,11993,11999,21622
183954,850,936,1826
76662,325,688,31
111442,22,22,666
52982,1500,2915,12433
132510,50,50,1780
57194,725,749,111
63122,12,12,681
774,95,5000,3441
20882,64,65,168
171274,300,664,240
72986,69,75,2035
192866,400,550,6818
46098,5687,5689,41
30458,4,4,36
2862,8,34,1913
13754,2400,2400,798
196582,252,299,94
4338,2,9,44701
1082,3,3,14
192858,376,644,16442
155610,55,55,270
8766,2,2,677
173170,260,263,3829
142262,8000,8099,102
4306,7,10007,88763
7974,68,1508,32009
5114,33,33,35
152494,475,575,580
38778,30,45,50
108326,150,350,2000
58142,10,599,486
79254,280,1992,15730
19698,548,9985,8538
158874,112,123,60
204838,14077,14677,4
197778,145,145,9360
6150,209500,209600,123
27682,22,378,1583
28058,199,199,36
23438,515,517,208
172370,1034,1035,57
5634,1600,6468,94
201402,195,200,12754
199954,501,501,172
33454,5,5,387
175970,125,200,110238
211270,10597,10597,56
68198,16,475600,1995
152510,1100,1842,12056
62674,1000,1000,70
111666,15,122,1372
191334,1047,2739,2324
104138,2500,2550,817
74842,888,1000,13041
205170,260098,260098,426
20770,7,7,3
130178,774,774,2063
17202,9,12,2421248
151566,12,42,195231
193030,680,741,379
193378,6499,6499,123
14530,30,33,279
8846,1210,1720,17606
74654,564,1120,210
23786,157717,157718,457
191474,458,718,1187
193230,4591,4699,517
36926,50,115,1882
139314,63999,100000,545
193922,68,72,299733
188670,13,480013,2693
109118,25,199,66186
194010,999,3049,3848
76574,221,35000,21
28102,269,1999,669
168650,10,24,58568
193370,258,290,166297
25426,12,480012,525
172366,299,399,453
39354,1,1,10114
38682,12,12,11831
2290,2,2,432
108978,109,109,27
153050,15,105,223792
87226,95,95,147
199962,521,527,20
3358,975,1763,7548
74662,13000,14200,284
193554,65000,109997,160
197774,77,691,9238
2450,225,1425,63198
33458,3,3,70
36758,52,600,20
192850,105,134,27368
175054,305,305,14
38906,1313,1316,44
43394,11964,19995,1359
1710,25,74,742
160298,8,60,9248
200106,187,187,43
193954,296,296,18659
186522,11543,50000,384
199958,527,578,23
45194,1,1,36
4470,3,17028,293768
158746,22,22,18
36922,999,3089,1359
155618,40,480040,964
43106,388,798,12993
172010,1900,16640,497
153434,29,529,36
52134,199967,199968,6
43350,299,372,4524
85506,207,245,3427
18562,2293,9969,4543
129034,6780,7800,14343
19706,300,9980,2232
199970,26999,26999,637
188946,35844,37730,26
132982,186299,186499,39
173038,3,3,318
64670,11,11,1576
17406,135,200,119
142334,50,50,520
46378,386,400,81
4342,23,48,10712
153714,250,251,223
194738,648,648,62
32410,58429,58429,12
172058,60,98,5978
179006,200,200,24
132230,1421,1421,4
172438,405,473,7600
185482,3099,3099,39
44482,24,500,2258
122742,2,2,179
68358,9080,9082,19
180430,13,13,185
204442,300,400,29
163150,1144,1144,5
192914,85,1095,2482
193942,800,800,221
189542,6300,7344,7634
172230,25,75,96802
193938,42000,45770,373
204826,1490,1751,804
27498,88,99,95
197750,27,27,39169
41810,10,29,19394
22786,195,238,4482
106870,58,59,456
153490,8,12,185
137558,2299,2337,20
40154,10061,10061,25
76542,149,149,210
163222,174,4499,862
52190,9800,50060,2403
200506,7,22,34103
190538,14964,16465,6516
120150,98,120,282
191506,30,37,221
74710,14,18,36
41498,1390,6121,4
172362,69,70,51
43126,1039,1060,1514
197746,24,68,119153
118898,95,100,14
176862,40,40,45
20858,32,45,589
4426,145,145,204
8154,65,100,8136
76678,972,972,47
142266,3,42,14502
87234,15,16,199
129022,45168,100000,254
41462,113,113,2
203762,950,1000,4456
4398,1360,2095,59
133562,50,50,293
179270,145,145,5
179370,1457,1457,11
193946,70000,90025,333
173874,130,130,390
192918,21100,24070,55
213362,7000,9900,21
13926,17399,17399,2148
51950,3690,4850,444
3030,297,25148,2000
76642,393,1150,29
207086,93555,94499,8
36934,100,700,7475
109218,145,145,247
154722,5,25,90003
168310,900,900,273
32222,425,489,132
76526,140,149,117
198162,2032,2233,5686
153606,2781,2801,3
11754,25,39,1426
111458,45,45,708
194966,132,202,85579
139362,64998,145000,280
171830,299,408,6682
13758,876,17200,5022
184342,352110,352110,12
192878,400,822,26484
198418,147,149,25961
182122,110,110,38
33866,1000,5999,734
200046,59395,59399,203
62654,1698,1800,233
36782,41,41,3330
194690,499,1782,1682
22710,349,712,1280
200026,500,562,475
52326,1500,4500,25040
132514,18300,30000,12902
124442,1067,2905,19953
191326,9597,14187,2869
1206,1768,2174,5079
22790,275,735,4794
72238,500,2500,18967
118414,5099,9999,4753
198186,475,500,838
147870,45,45,12
75026,77,77,301
194734,700,800,24
20866,999,2599,46
3770,2,2,661
41806,73,73,10327
193950,36,37,1222
192646,159,159,272
200022,6031,6835,2715
44922,4013,4642,1123
128834,503,503,14
193962,300,386,228
27858,4,4,126
192626,66,480066,924
194574,912,1154,853
52226,500,500,15
192662,176,176,258
62274,130,130,7
188682,195,4800095,57
201314,2192,2292,262
204842,5088,6588,4
163098,2546,2546,71
9206,2930,4082,762
204710,979499,1788800,647
82450,17,28,10
12202,26,99,12731
52718,121,225,1099
111662,18,20,416
112290,9000,9000,8
194814,1300,2538,385
52102,390,390,21
193930,333,399,29040
74846,369,800,5542
36930,1300,1489,244
139890,66000,111900,1226
20874,66,90,64
23446,449,1428,41258
76522,258,260,10
189146,1100,1100,218
158378,19,28,52710
192902,800,944,2092
1074,400,439,140
133590,38,38,1443
179278,300,300,23
814,9,132,504
4366,47,50,74
112282,300,10000,14
97546,899,17200,504
6458,128,129,76
200566,1002,3599,309
112158,299,300,1269
200034,5795,5985,1983
168654,14431,14562,805
38814,2842,2945,31
154898,5,100,21591
169674,200,1000000,558
44470,1489,1490,18
38926,3079,5521,11
39774,788,2349,2145
7070,15,920,13378
38818,11,15,78
193238,12696,13991,1374
199942,499,502,79
62790,15,15,141
18594,946,946,31
20862,32,45,598
4234,550,882,99996
172418,30,41,498
6662,1475,2200,19371
128314,29350,98535,1782
200042,590,792,1014
137274,60062,100000,292
194810,1599,19307,304
38822,25,30,85
194862,45000,47475,1295
76094,3,3,440
44146,99,152,29
62522,49,49,49
39334,1850,1850,8226
133574,588,588,180
173082,10050,17300,49
158770,2200,2200,5
195462,792,792,64
34754,1650,1700,21
2770,188,400,319349
128554,1934,1955,104
39682,865,1800,3100
158870,44,50,25
9318,39,94,219
102542,76,10075,1710
158382,410,410,429
173062,19105,50000,180
184394,200000,200000,4
200058,227800,227800,1080
76894,50000,50000,44
153710,251,252,249
43466,98,98,65
28362,3333,6000,597
184090,1555,5290,52
199998,592,600,394
38466,1519,1919,84
190330,999,2097,65514
62670,999,999,352
72094,1400,1675,30461
154882,13,999,1629
60486,44,44,240
191950,975,975,1000
192946,15045,19836,39
10918,275,300,25
198190,1000,1080,667
159786,14945,15097,133
42942,50,50,200
200030,3031,3131,4843
153510,7146,7146,3588
173058,5145,9983,13500
39338,1378,1398,10487
39918,161,162,42
71998,10,69,6115
34722,31,35,688
8950,9,9,47
56502,1130,1718,109
12206,50,17200,674
108302,1498,17200,660
192922,18748,19800,1444
35622,4700,4703,5351
163118,75,75,3
110654,2500,2800,99
7082,6000,9050,3474
22578,1428,1584,1247
13510,45055,49949,41
111438,575,578,792
74838,500,1575,4277
197770,25,125,10612
27438,49,75,1709
10562,8,8,1073
22574,3298,3350,2291
74646,1499,21590,960
172046,13,13,100
163154,571,571,9
198310,204,1017,123
193246,7707,7709,507
4358,2,2,707
52778,9307,9319,41
42546,14,14,374
38934,35,1557,31
4382,966,2340,724
200014,37899,177741,787
19282,1085,1285,15
191350,8016,10499,3284
71862,12976,27211,45
171290,316,354,704
194846,300,433,19197
176086,664,665,65
168638,10290,10500,96
194542,75999,80098,213
3730,25,213,2491
204858,9000,9000,50
168586,650,863,5533
818,245,480000,2886
5470,5,17200,990
76698,146,146,17
3402,48,250024,4
6450,4,4,253
159850,1890,1890,18
111650,13,17200,365
27442,2098,2098,3
42702,52586,52586,32
187634,2488,2758,328
53062,38,57,1007
37118,5,5,1019
76098,73,74,764
53070,60,6000,4899
19262,4098,33611,17
198294,839,847,269
194786,3121,4585,398
414,8,4987654,69
71806,15233,16878,64
104314,36,49,62
199966,1200,1999,60
200810,7356,7356,5
198194,1200,1500,2879
38974,85,85,31
188658,186,203,269556
194850,4473,4920,1335
204370,8419,8419,2176
163782,1000,17200,487
19278,1322,1349,17
184050,3600,3700,6
200806,1700,1700,19
171270,200,400,141
176858,1400,1400,4
59230,10,10,49
118630,743,746,287
21558,9,9900,334
3670,1000,132500,211
43120,4426,4896,654
3864,453,500,4502
2996,19,1000,45826
42780,85,400,56337
200508,59999,100097,1057
5124,2,3,65
52328,1600,1697,29754
127836,39,40,656
13464,288,417,12703
190532,21883,23086,2720
29460,6998,8000,14525
172052,7,7,24526
194820,2378,2379,39141
153444,19446,21139,64
132216,1999,1999,12
192624,70,70,543
3388,90,126,57
199976,1100,1200,752
190380,9700,9800,2109
173204,32,100,850919
17012,98,145,5493
172068,13,13,365
200788,1346,1346,50
152576,15,19,2609483
190396,40,60,1240079
124116,9620,29900,7736
153636,680,1339,24630
33452,5,150005,1552
194580,560,5597,1355
192636,59,59,5634
173072,16969,16969,41
52088,3497,3497,12
52720,900,17200,737
2836,5,23,63668
193244,12596,14965,6034
153512,400,855,270
191376,207,372,1365
190324,13900,18080,108088
33460,3,4,83
2940,77,78,3
187704,7,350,140572
43108,235,1236,8386
169132,41,41,41
128304,100,200,29012
129032,490,543,206788
193252,98,195,243508
44128,5346,8934,1857
172008,4900,15251,542
151720,705,855,2062
29800,90,95,9
81200,10,11,140
97620,199,244,1253
191384,169,325,20693
87764,673,999,916
192552,3960,4000,592
3404,950,9999,750
124440,294,3599,13027
22832,50,78,1141
72120,18,100,350040
40068,900,900,421
29560,4545,4545,17
33568,297,1073,20424
72988,15,66,29661
43116,2165,2185,645
192872,3,20,654165
198216,41,41,346
124120,16,20,4630
74864,300,450,853
192880,34,34,486935
190320,374,410,273045
23424,1397,2500,48805
15564,20,20,149
52188,762,2299,46
27664,4922,4922,51
23572,161,5600,3952
130180,590,590,779
203416,14293,27478,442
112296,450,10025,12
163844,799,800,7
171840,6,10,71497
74840,288,392,14105
138488,470,1295,36044
200836,1275,1275,66
133680,450,6999,4154
109132,75,131,3269
172408,813,1411,91
37700,292,600,7474
58264,49,49,45
76564,549,749,71
192672,168,168,111
23440,404,1500,136
201420,10298,10499,1025
56516,3497,3800,11969
191352,452,5500,2685
138728,10,38,5619
192884,745,789,15822
109624,5,50,2963
108332,121,750,2147
1468,1,24,5363
172232,180,300,125216
193940,38949,41096,2112
199344,1275,1614,9395
154128,351,351,287
205868,191,191,149
201404,12000,80000,39850
172096,999,2296,7634
132204,21,21,587
198184,199,230,878
194576,3800,5080,214
124640,400,1517,109450
17056,1,3000,8186
7964,17,17,197
168812,500,500,53
62652,50,88,125
170168,19974,19976,267
16204,25,900,120381
191336,665,880,648
17404,7,7,27
8956,4000,4500,698
197780,125,229,30041
53072,24,80,9035
194856,2968,2970,2762
21536,1500,5000,3799
197748,12,36,269016
37704,396,800,8038
14344,7,238,510251
158848,95,97,31
171276,12544,13560,1138
161128,196,200,194
62784,124,182,43754
108328,109,125,3911
194800,4098,29900,159
194824,99,100000,2315
181468,1175,1189,996
200004,1199,1199,214
153604,300,3593,25
136556,125,135,61
192924,2900,3393,88
166804,5008,6399,1277
76524,313,348,16
44940,8,8,416
192836,529,529,19986
13468,54995,99900,2717
109076,328,399,32083
133572,20,22,302
192844,106,160,4914
200044,528,6000,804
20520,10267,10267,8461
192964,30366,31822,1099
4340,3,105,15385
130172,475,1999,13199
62664,500,999,425
23436,7500,11995,312
109184,15,79,295
210248,300,499,3327
109140,19,57,37719
5504,390,3000,10300
118472,1000,1875,895
198268,2800,2825,268
30820,500,500,15
201400,100,990,3768
140568,44904,50000,50
113264,1,99900,28872
7076,40,527,57172
108300,499,17200,711
1520,50,375,1184
12800,100,150,20834
36924,350,30060,1334
22792,411,1414,23640
19260,3184,14646,19
4544,10,500000,261
136708,12237,25599,554
192616,4000,4588,27
5500,789,890,793
33448,66,1000000,740
168960,3126,3126,482
193256,6199,23387,41211
11404,84,84,34
7068,4,504,27834
76548,391,393,4
2772,425,805,5204
63128,49500,49600,57
87560,280,400,122
52976,572,675,22862
193960,203,800,2367
8928,167547,167547,1
165016,249,8977,796
36912,1000,1200,40350
152512,700,1000,255856
108336,120,131,1823
34056,29,485,62693
15992,17,41,1505
129000,450,19054,11
208748,298913,320014,231
193368,400,530,46043
172360,25,33,137
162012,1075,1100,171
25700,1400,1662,20548
10620,28,97,105312
28452,4,4,20
199204,63,480068,590
128500,116,144,1315
197756,69,71,63697
38824,189,189,43
152876,1229,6500,12984
154884,44,227,5804
168652,15000,39999,1045
198228,4000,4000,37
173060,99,99,7264
44456,34,38,112
61980,367,390,9521
177040,19,19,300
12204,40,2525,1520
2776,1700,2100,6874
3824,400,2225,193
109128,141,296,258160
32228,78,1500,7355
157844,35,35,294
196584,125,125,167
173088,14969,16969,45
76554,186,187,8
62782,77,909,43539
2458,800,2400,121
22846,3850,99950,593
15994,183,584,1533
86026,29,33,52
192938,22183,24542,2385
19230,875,875,11
36910,9969,10200,2656
7910,50,374,18782
85570,4750,4900,72
197858,179,340,525
19234,500,550,18
76622,1900,1939,8
201318,514,519,131
38898,200,285,51
115526,28,28,350
153626,2300,2300,10
52762,10,5587,51
151722,465,5072,3809
108298,122,124,548
210658,7160,24562690,13
153706,1421,1499,236
191514,14581,14581,26
173094,15099,31499,35
81406,12,12,472
17194,29,30,7173
159466,200,200,52
38866,56,56,26
178114,150,180,36
179310,249,262,12
15414,4918,5041,854
81202,4,4,102
173126,2000,2800,458
133566,1080,1200,164
43334,5000,12500,519
6530,1,2,2979
41266,4000,4100,147
20678,74,76,28
192554,300,3183,1338
168790,300,500,30
194758,2930,3200,1140
8838,1100,2237,13618
133586,19,19,78
4554,170000,178500,7
112090,838,1999,1151
205870,193,193,30
168598,19442,19840,131
66950,256390,256390,1
151718,72999,75676,366
102218,49999,97500,869
178786,55,55,3669
60838,4393,4394,5463
44314,335,335,69
198174,1000,1500,13
52722,149,999,72723
39342,379,533,12655
4874,4,17,115
210246,17622,17822,165
192978,95,4532,779
158202,6000,9890,1266
192718,2466,2900086,19
146406,52597,52597,12
127846,50,50,352
194566,3831,3844,725
52302,2379,2379,87
168190,351,525,340
173098,15000,16969,36
76538,165,165,27
128542,7997,11057,74
6714,430,430,2679
20074,365,450,25
191370,4370,9300,1250
176870,150,150,15
137250,32861,100000,161
192746,178,480078,34
20878,65,66,81
194790,3800,4047,270
136638,380,400,124
3470,50,1900,2957
162554,19,19,48
153494,64,67,145
18662,1559,1900,560
43366,1200,7402,335
6370,1350,1519,6588
64394,37500,50011,91
76134,277,500,3018
11406,3147,5999,306
158186,7,7,12992
139310,73354,150000,292
111450,14,14,195
192954,14546,40082,19
192630,68,68,178
191518,391,555,1941
80594,997,997,970
11382,99999,288800,878
213214,1000,1000,3
161314,19,19,5
191338,9075,13444,1043
38946,143974,143974,29
2798,50,69,71
173762,19,19,255
12210,4,5,144
27678,15,1750,13680
61978,2186,2209,3187
198298,111,111,44
36810,150,150,44
41510,144,144,7657
163558,390000,410000,16
198220,1200,1410,695
174348,375,375,238
190312,2666,3192,3445
204992,18900,18900,154
205700,68,68,700
76080,95,222,155
4304,672,2745,21364
128552,22050,22057,69
62676,80,80,361
60576,21,21,151
76568,200,260,121
169332,90,145,869
192848,230,569,18048
3356,600,2466,7548
109124,139,372,263832
192652,165,165,127
23736,138,144,826
129028,48522,70559,217
127848,4900,7640,416
29452,6,100,282
5368,450,462,2
73260,10,10,301
76140,865,7020,2313
192944,22499,22580,41
139352,39697,125000,125
29548,2550,5616,3772
40000,997,1000,10
153700,250,254,747
158864,127,127,68
38852,21,21,207
130904,1650,1764,603
198240,627,627,216
12364,100,177,3049
194804,4000,7161,125
74860,700,815,3817
194732,1085,3211,210
154124,359,366,638
154888,82,89,713
74848,450,2500,27633
52768,33,100,92
198304,100,285,31
124108,70,85,11911
130216,259,260,93
104316,29900,30000,1565
153704,250,255,596
191396,172,260,10144
192608,63,63,278
74844,85,135,49967
2456,2,24,324
53068,849,1347,22660
25744,4400,5624,8151
128996,900,900,126
109136,90,99,3031
128980,6494,6494,29
34664,224,226,1363
33236,20,25,77
186684,2120,2120,40
199972,17400,17400,34
192928,23752,27000,1762
172056,13,13,2123
193384,182,800082,223
43572,50,60,358
38844,14,14,73
5524,585,799,1633
31892,1900,2000,59
76084,725,725,366
137288,50000,72500,190
213384,315,315,5
2320,1,2,171064
173032,7,8,6025
33548,125,125,6
111676,47,106,4404
61988,44056,44056,4
198412,150,173,17486
38912,99,99,6
81412,15,15,204
31868,2949,2949,152
130248,79938,81818,86
192868,355,374,66948
6532,1,2,2222
20452,2999,2999,450
36904,200,669,8354
62672,500,1775,156
154164,45,75,21661
168192,353,361,262
104108,375,375,1155
171292,576,9976,2949
192852,399,559,1049
23112,159,5000,6047
2888,72,73,92
45200,1500,2385,24
207088,18491,18494,931
194792,2900,4392,416
192908,290,593,1547
14048,85,100,6728
190328,1072,1188,406059
198300,37593,39599,228
194808,4500,7816,224
118576,374,375,535
94288,124,150,502396
72096,1136,2560,41604
2892,90,95,24
27676,280,280,298
2592,5,28,80502
33444,5,5,315
72092,400,500,41327
9172,4290,6970,358
83064,100,1289,8204
199992,500,510,254
184392,700,1000,11
44780,480000,480000,364
109220,37,37,528
32464,189,1905,3806
139348,39299,100000,158
198312,69883,69895,442
141908,18599,599900,42
159464,49,1485,583
163700,95,99,70
2924,4,3000,5936
208212,10635,11569,6839
34052,331,563,25102
20404,399,399,146937
166344,10,1999,1281
200056,300096,300096,457
163580,30094,30094,4
7392,1284,1483,5245
27860,4,4,502
4540,7,7,284
108296,3921,3999,364
191328,11000,11260,6409
192876,471,511,347
128632,115,149,1610
3928,3,18,887
124112,33,100,10824
10560,800,872,126
194816,1899,2246,310
11940,85,85,12
8948,2,2,364
3820,255,1500,12475
107518,243,244,29
201222,68,69,23
38374,1585,43106,99
213038,4300,4500,6
194802,5800,8033,427
35954,500,588,182
23354,18,18,36
193958,99,906,5491
198278,1650,1748,48
41146,23050,24263,68
136342,12,12,807
109226,40,123,1171
198422,39,40,226280
139358,38591,62500,324
197722,1495,1652,7482
192702,20076,23576,9
138486,695,1400,19371
27666,45,999,349
28458,2101,4957,6
19702,537,8423,11133
4606,2,2,206
87242,25,25,319
144306,1073,1552,72
71810,37518,79819,612
172410,307,309,50
136654,100,110,891
200578,1995,1995,153
113290,20,20,14
76734,300,500,4629
81194,4,4,307
191318,1554,2422,297
35950,29,30,21
31918,99500,120000,25
4538,2,2,332
108306,16028,16028,519
58266,10,14,164
153478,8500,8500,138
1702,4,500000,43
34762,49,49,33
76518,103,127,6
198218,100,183,753
110618,270,285,98
213030,74250,75000,5
54626,102,102,1
52238,898,899,33
61986,395,400,111
20870,147,175,69
190394,96,98,1851977
139278,56242,125000,123
2894,1564,1564,33
192934,5997,6995,39
33254,4,4,5
198414,215,225,14780
35562,285,7500,67460
173090,12400,12400,12
193242,4900,6500,5386
40042,165,335,40
52110,12360,12360,4
204834,20000,20000,6
191330,1100,448700,1066
191498,4050,4055,15156
191362,1498,19800,851
192726,2300,2300,6
152544,65,72,9005
39340,1970,3253,4492
22456,5449,5450,5794
203412,20000,25500,86
76660,125,444,32
128988,19172,19172,47
74660,199,999,1239
7676,395,444,910
168624,12081,12081,151
193552,34000,34100,137
172920,44,46,220
193964,559,559,11122
198308,1800,2000,361
82392,1,1,311
24028,12774,12774,7
132200,647,647,11
173056,4780,5000,15116
198164,100,600,1852
171268,95,100,139
180060,9056,11153,43
32428,73,17200,10001
109992,38,50,2181
21072,2,2,788
20436,319934,319934,7
40072,554,555,154
199956,509,509,420
34832,122,122,10787
27660,10,10,120
189152,6000,999999,1341
192968,65,800,1450
201584,750,780,1382
201192,3479,433354,11
9312,72,112,116
7912,3,9,187966
158756,2297,2297,1
32620,3325,9900,20634
204996,330000,350000,97
43488,50,300,106
20424,500,765,2999
38972,19029,19030,10
155636,35,35,24
76692,2587,2588,125
43104,249,986,4595
194012,50000,59900,1638
35948,8,8,99
199952,500,500,265
22788,199,600,464
200020,29800,30000,4771
38808,12,12,230
194788,2200,3000,88
60396,30,30,249
199964,1484,2000,44
184096,6000,6089,589
178136,35,35,56
4364,24,131,14071
138292,17,17,2455
193236,12500,15570,757
172904,100,100,37
199940,499,500,123
153632,329,330,4
29740,3367,99999,18338
52152,200,6122,4
153628,794,799,7
18640,700,9999,1260
76648,123,150,30
33048,20,20,48
173036,219,332,3021
210672,4500,5445,750
81196,4,4,127
124104,549,779,33583
111672,35,900,11603
184308,8,8,446
52984,515,1792,54513
18588,151,180,462
8152,7898,7899,62
111652,164,164,14247
63308,1441,1629,18
37160,198,200,14
193956,44,1500,5619
200304,260,260,47
142336,7,3500,21365
153668,174,7073,585
172364,99,115,202
65892,480000,480000,22
19704,550,9924,7758
36784,18885,20425,44
19276,2397,29261,51
58144,1146,1438,528
192904,176,381,87
49908,739,754,479
60392,21,21,110
200224,25000,40000,2908
35128,226810,227500,68
194016,70000,74425,740
197768,5750,6117,1712
193896,394,697,744
80592,300,2032,965
36812,1800,1800,163
153620,3585,9799,24
168188,907,943,321
45060,499,1186,89
52206,30500,32000,40
24030,9900,12774,24
62778,211,4500,38911
45190,49,74,53
154126,351,351,102
4582,8,8,17
29450,1006,1006,10
25442,199,4000099,8
171370,25,35,335
4378,65,65,43
1210,119,299900,4519
2842,2399,6936,6913
38986,152,153,9
190378,9799,10098,1064
104126,4098,10000,251
87246,32,33,267
43850,9357,9357,1012
158834,134,134,28
5478,339,339,17
194858,300,394,86659
169334,199,200,85
154166,126,128,380
31886,100,275,10
172414,15,15,47
116810,250,99900,140
52758,19,19,48
5066,2495,2500,16
52138,229927,229927,1
22450,194,900,64648
198214,2108,2108,206
4814,12,500000,11
52750,22,288,83
43490,500,500,6876
161346,712,712,24
11394,6,500000,72
200790,1381,1381,24
158778,119,178,32
192942,33300,39588,1196
199974,17500,17500,29
76674,880,980,102
108346,321,17200,236
55974,500000,500000,4
5042,196,197,532
193218,638,1224,73235
192966,9500,12856,274
198290,3000,3107,139
41334,4700,5000,145
38894,12499,12700,38
58258,25,25,50
140630,65000,65000,258
4390,6,6,155
52250,12550,12550,1
38922,11097,11099,20
172358,30,35,91
39502,149500,149999,24
194798,7124,8901,149
17198,40,100000,154
168794,232,232,10
23530,69999,70000,10
194970,5433,8900,84882
151542,89599,100000,354
8170,180,272,34804
153614,1598,79900,26
136554,18,18,1
7286,174,99799,1744
167862,885,985,866
79302,8000,8000,9
16202,321,400,9860
10514,19,19,21
56550,53100,53100,30
130174,210,210,3788
53038,1095,1230,52628
2070,10,10,17
23766,450082,450082,9
193934,11112,11797,2706
10310,380,380,63
38798,230,230,17
197782,1400,1499,6169
39004,360,360,19
188760,5500,4800000,17
6452,2,2,601
111444,19,19,510
23120,249,249,20
198492,825,999,595
31896,849,4800080,219
112288,2575,2575,15
38888,1503,1503,18
58084,654,1999,459
200824,3986,390086,57
34068,49,90,12324
20864,31,45,908
201428,5050,8714,463
76672,886,1386,41
23676,48,699,1612
199948,501,502,128
194752,417,470,949
200000,526,527,45
118428,63,63,270
184100,6000,6000,412
197764,240,245,9748
205460,62,62,219
52180,2500,3499,756
109144,5,14,36911
198536,4600,4600,638
2880,2,2,15889
4536,1,1,1703
29448,79,79,29
154120,359,399,260
190316,1674,2000,139542
21024,200,1334,453
201164,30050,38050,12
24032,746,746,14
204464,955571,1000099,942
15416,450,649,2916
39524,120,2400070,16
39900,88,88,35
172092,38,75,114446
108360,5500,16600,73
192960,15000,20000,193
201468,1272,1272,87
76560,200,298,98
108340,50,65,3208
5140,1486684,1486684,1
3860,741,900,14269
35624,400,470,5444
114836,10,12,319
183952,275,338,931
204072,833,885,65782
29564,450,475,16
112164,9918,9919,24
191948,286,287,111
115504,115,174,10199
83092,2198300,2198400,24
1180,19,36,47
213368,699,699,1
76668,880,1033,42
122348,83,175,34
114016,248,248,66
76688,499,2750,22
74252,90,135,1538
58092,999,1229,228
127004,594,650,7045
47556,325,7000,6923
111664,119,121,59479
12208,2,61,7596
180732,3,5,79417
118704,1877,1877,270
191256,422,425,331
130176,175,175,3340
60224,2850,2850,3490
198196,19001,19901,833
175924,19404,50000,136
212768,1400,1400,3
17708,2090,5999,168
22644,45,17200,822
28100,175,624,156
168500,9500,9900,793
20860,30,38,964
1708,1,3,137
2304,2,2,1863
180168,95,99,65
58276,538,16145,12
6308,30,100,6356
192860,358,1056,7262
41812,110,110,4658
192900,149,150,32
192912,418,5000,1791
76640,550,5000,21
128768,95,999,7030
177660,7,8,164
194852,2200,2298,34990
194568,400,2575,516
191864,86184,86184,9
151564,800,2825,83428
13444,15,23,411
2452,295,1200,95034
188790,569,569,13
33246,3,3,111
200010,7500,16300,525
24282,69,69,7
34330,625,694,195
204730,139,190,86
33874,2066,2066,50
178134,200,200,21
55054,27599,31403,14
201422,6590,6600,2902
109138,5,25,14706
117442,89,89,121
40070,800,1999,827
62018,75088,75088,15
21222,25,25,43
128718,783710,783710,2
31894,550,7500,77
76086,176,299,276
154990,20140,21639,109
191534,139999,140000,212
6290,2,2,926
3530,6,6,654
186982,410,410,1
38962,40,40,44
158466,100,100,6
74854,235,250,4893
205470,69,1999900,623
4602,1,1,20
130182,617,895,1735
10546,9900,9900,39
12434,7040817,7040817,2
74650,200,1999,549
128726,496428,496528,3
173162,24798,50000,481
192846,220,350,738
89326,100,126,99
118,1,25,2067
192906,221,1800,211
81410,34,49,95
192722,15814,15814,10
192654,175,175,23
198230,2287,2481,2843
197790,918,956,21091
422,2,2,502
109626,159,268,557
188762,23829,23829,31
171266,77,284,726
43122,1022,1344,2686
25802,5065,5065,8843
200050,225073,555573,115
76534,117,117,20
4402,11799,99800,231
163138,264,1064,10
192666,165,165,45
172902,2500,70088,11
89674,699,772,42
76650,389,390,31
76670,1111,1111,62
34758,398,398,23
168314,42,535,385
141898,64996,100000,308
32850,135000,135000,15
41474,495442,495442,2
158754,2794,2800,3
3674,7,8,27
55978,166,500000,47
44266,167373,167373,3
38998,50502,50504,34
200834,10000,10000,6
178130,1800,1800,7
62666,200,999,292
37094,200,200,33
151538,77895,100000,327
38854,4546,4968,14
61998,2250,2250,10
36906,200,278,7331
71878,28434,28436,18
90046,45077,47989,40
34766,988,1888,54
111454,42,42,855
41802,63,17200,897
18222,31,31,170
128558,1186,1187,76
160710,188,17200,417
178178,39,1000000,1181
87530,250088,250088,6
180318,34,515,4488
25414,525,525,88
44722,11,11,204
5082,199897,199897,96
142102,899,3387,39
2886,400,401,248
198258,104198,104494,506
25454,18,19,81
32230,99,10000,1784
172042,900,2497,464
24478,75,9995,2128
192610,61,61,242
76570,142,35000,19
87578,251,251,448
76510,192,192,35
199194,200,200,102
23098,99,100,47
17058,1036,45036,382
133942,129,129,116
173102,7500,18901,34
32718,75000,75000,516
43398,11878,12495,589
163082,123,125,228
41446,200,368,11
140754,250,250,4
183950,555,1000,41
200574,1088,1100,13
143750,62236,100000,193
198210,1985,1985,49
208746,90000,603397,11
6050,16,16,234
129018,69069,150000,306
76666,1040,1040,49
63306,4089,4089,126
12810,3894,4697,5904
52098,126,129,10
41492,300,300,10
34760,5,5,33
22452,522,740,4043
49084,5090,12500,911
173084,14001,18601,61
40076,1799,2362,462
162516,99,17200,307
111456,13,13,941
128540,44,44,416
12404,23,35600,1175
173160,19800,50000,1190
153616,400,89900,52
200808,560,560,75
20432,999977,999977,7
197744,111,273,93357
45768,5589,12500,379
1080,5,17200,549
203652,8299,8313,859
176868,67,67,15
200052,281130,299950,182
200852,1440,1440,17
200032,4254,4600,2375
43004,5,5,175
31904,104976,104976,6
27516,8500,40000,128
58148,1200,2799,135
171828,200,960,27940
205172,101000,103000,21
32720,46397,46398,832
193944,7081,7281,39
128312,222243,222243,13
198188,489,489,704
109584,42900,300016,247
173100,7125,10000,19
200768,950,999,46
159468,89,1266,372
2604,6,10,15314
172416,8,9,833
191532,8372,8372,20
4404,1200,7500,2060
76580,500,594,5
116148,614,614,1701
38884,6604,7027,15
19224,2,2,1458
199996,520,740,299
19304,1,1,516
74724,3414,3415,91
41808,40,44,1828
43852,50,480050,917
19268,1498,3500,23
107528,95,400000,1068
136596,500000,500000,2
52988,499,825,37284
87580,300,600,614
191944,24,448700,1548
199056,8996,9697,81
192648,175,175,950
198160,100,399,61
192956,3400,22269,186
6260,1,23,11519
69864,100035,122535,10
158380,704,6999,417
171272,55,114,497
158204,5700,12990,939
166240,79602,115000,43
153438,10,5599,368
76886,12599,12600,31
153666,3895,3895,130
39978,93,93,20
74722,98,99,80
163054,1500,1500,12
38838,188,272,188
168642,797,799,32
44758,29,29,238
198534,8083,8083,11
108354,402,402,144
57062,104,104,3
76694,3388,3389,26
199938,99999,99999,8
858,1,25,1077
141446,275,375,40
139338,30000,100000,146
44570,900,900,61
115806,180,180,25
8146,8,8,11
11186,15,15,261
200002,750,750,23
31882,364,365,24
76646,263,2947,28
39222,229,229,21
3702,1358,1358,1
39666,1211,2999,488
130246,99898,99898,63
74250,20,134,8597
76602,16990,16990,1
1178,400000,400000,2
158850,1595,1995,8
163902,20033,20033,1
198202,900,900,57
113262,1,14,6479
74718,132,138,106
80590,185,500,810
13458,75,105,96
33234,2,307,163
4422,80,80,54
58090,99,13525,184
168446,20543,20751,158
108342,122,171,1765
136606,220,220,46
34750,50,50,139
38802,5095,5096,37
38938,32,1347,142
76582,89179,89179,2
71818,25078,25078,38
204790,70,72,630
39006,1489,1494,40
171438,12,12,1068
53050,15,28,425
158750,1199,1200,11
7966,100,9999,26752
31898,329,4800035,308
172062,999,999,231
29394,5008,22110,123
177842,70100,70100,15
213034,500,500,1
62658,55,999,718
163906,9533,9783,2
111446,45,45,441
180058,2998,2999,211
177962,95,95,66
178546,3329,3329,5
100738,400,400,9
39526,250001,250001,2
187802,200000,300000,76
90558,1000,1100000,4
204702,200000,224900,398
79298,12970,12970,4
187934,70000,99900,572
74726,4029,4032,290
86074,6791,6791,7
21882,24,40,3197
203410,5590,6176,862
15410,3948,4701,9907
22850,1393,1393,93
3826,238,1017,1813
205698,2400,2577,7
76890,2087,2087,10
38806,10,10,2
153646,890,890,57
172346,28,28,182
200618,274996,274996,3
176874,119,179,52
38790,73,74,87
201046,658,711,391
76598,29064,29067,73
5370,111101,111101,1
44618,2000,2475,89
38846,15,15,143
29750,15000,18900,45
197854,53,53,147
63318,107500,108750,2
76606,488,488,19
37702,432,500,1126
33638,500,500,17
151610,29910,31498,236
198198,8063,8063,105
194014,14300,14300,812
129286,5600,5600,12
162022,15000,15000,462
76506,149,149,44
23938,199900,199900,11
200820,1265,1265,42
200568,1768,1768,57
13888,459,5397,709
68140,8,8,197
133576,424,450,5726
60336,2008,9008,21
199476,1,1,27
30816,1,1,732
192688,2500,2650,6
188164,88592,110000,238
200652,3949900,4120066,261
173760,93,93,308
187712,3,3,99
52780,6897,6899,52
76892,10713,10713,11
153480,6762,7000,155
724,97,97,29
31944,9999,48900,12
192708,2085,2088,13
1288,3,100,9610
152496,25,999,503
2672,15,95,10346
39912,580,580,31
111668,72,375,2004
198192,1784,3399,781
38768,10,10,145
192728,3944,4800044,32
169456,1775,4057,1178
108324,85,285,4988
153708,2379,2391,114
52756,37,37,108
171832,262,388,25923
166420,50013,50013,4
14256,4655,5900,4578
168828,12599,22500,20539
25456,10,10,261
38788,99,99,73
116268,300,302,1986
192644,163,163,112
75016,50,98,236
118632,950,1050,432
6296,111,111,2
42500,170,174,36
4600,129,229,83
116408,96644,800051,4455
113276,149900,149900,60
4480,4999,4999,20
194008,1050,400050,166
15872,2825,22525,84
52164,100,24878,11
19440,100,113,217
173080,8309,8789,61
191476,498,529,84316
193564,99900,102500,1257
4236,11245,24846,2417
41396,2291,2591,31
175788,18,35,53701
38828,47,48,136
22376,78999,78999,4
199988,1046,1048,35
76552,200,200,12
128648,100,7000,272
199936,548,548,115
199944,2500,3000,78
158740,175,175,17
178132,11745,480068,13
158188,882,4098,8799
198256,7596,10000,89
192096,59,64,290965
56236,2626721,2626721,9
198200,8000,9300,3166
7080,8222,12999,41447
89328,401,474,766
168412,24700,25000,220
194968,140,210,59029
24072,1,1,140
8952,2,2,187
76132,5200,5300,347
58256,10,10,58
46000,599,599,5
23768,30,32,1433
6372,600,1995,3530
168596,14801,25240,616
11392,5,500000,82
180404,1287,1287,8
109148,495,4499,874
2596,9208,50000,44
193228,8523,15500,8823
153440,392,400,430
32716,65000,99589,576
178116,1000086,1000086,2
155600,762,880,10
38948,12611,12611,14
160484,182,182,6
127840,163,172,160
204860,37000,37127,52
197752,124,124,30177
81920,14,17,95
127760,248000,248000,15
166664,9899,29551,110
132184,20,480020,271
171288,579,10500,2690
23984,1,2102,1105
32212,477,478,132
200036,2852,5497,3074
159848,1302,1302,42
12808,8603,19900,19446
10308,380,399,67
198176,7000,7000,112
110656,3000,50005,42
192920,2140,2575,58
34736,400,7535,1159
127844,199,200,175
16000,249,1359,1814
32388,6999,9900,11727
27668,25,17200,1032
89888,489,999,847
52120,500,500,7
76612,75081,75081,10
35952,9,9,39
44716,253906,253906,16
82328,3,104,243
160712,11,11,5242
22844,912,912,169
3012,66,71,20
176852,175,195,11
158860,285,399,68
191516,5900,10000,3557
115808,150,200,48
52144,332,360,8
191512,2500,2500,368
116428,58,58,226
108996,14,379,91346
111656,2598,2598,1541
192972,75,1500,1408
158828,25,28,23
194864,27340,27340,7272
168796,600095,679595,16
172936,200,290,676
76096,390,450,336
194684,98,98,16753
133688,13,13,85
128560,900,1090,110
83764,12800,12900,42
124444,1041,3350,37215
52748,1026,1026,74
200828,2380,2389,13
39936,9092119,9092119,2
191372,289,19800,574
128436,7000,10000,9
64392,9000,17000,1382
104104,2999,12500,224
38966,64,64,31
39954,6220,6220,9
39002,734,738,26
14342,13675,13675,2552
77546,4529,5029,80
46766,1506,1506,64
153662,899,7768,715
171278,12499,12500,1593
199946,792,900,58
76638,299,299,18
139442,49096,100000,163
132190,699,700,5
163158,122,135,9
30610,5,5,15
54442,800,800,379
192650,170,170,33
22202,600,1999,5681
71826,33968,33971,36
197758,23,24,324
33782,1752,1752,18
21114,3,5,26
40026,158,158,3
52094,99,99,13
75014,1900,9900,1811
12218,100,100,28
158210,31,31,31
190530,9069,28088,1878
76530,149,149,10
22526,3,3,421
201166,90,90,3
193250,17929,22459,177
52770,41,43,83
200006,2998,4755,575
52126,93,93,20
159826,164,1086,614
200846,1007,500507,100
198306,188150,188150,44
56850,2000,8300,11107
58274,63,63,279
76090,186,288,601
160398,55,55,2125
159874,320,320,18
32062,2030,2030,61
25418,12,480012,301
62238,197,197,507
154706,1683,5999,1970
182710,10000,10000,1
178218,13099,15099,159
132234,268,268,23
39210,418,418,51
184690,12511,12511,63
198282,1600,1700,2022
43118,3779,4190,462
193926,34895,34895,627
67230,1,1,91
138986,794,794,23
156526,27488,39899,250
76686,151,1035,26
188834,285,285,1
13934,380,390,52
38886,900,62692,31
41466,285,285,3
41486,6671,6671,2
95482,25,112,244
76618,986,995,10
192870,10000,10000,479
172406,49,74,191
194794,10900,49900,179
194822,99,101,8506
132526,20000,23641,12
132752,71,500000,196
38820,2399,2400,26
43492,760,760,86
5136,5,5,56
155608,32,32,108
205684,12100,16000,230
43480,7612,7612,1550
41488,100,100,24
17304,297,297,125
52084,955,955,15
204568,142971,86229000,11
5740,14,18,695
52204,2050,2050,7
41100,3843,4546,1476
108308,785,17200,362
11188,88,100,212
192620,61,61,278
108920,1,1,273
62780,43,49,826
23100,64,64,35
97624,122,122,140
32468,238,275,114
201408,1997,1997,131
151584,70956,70956,105
58268,14,14,90
19284,2500,2500,17
158760,123,123,46
194124,490,498,13917
8364,24,500000,263
129020,41767,78283,209
127764,500000,1582100,14
119324,116,116,210
191520,799,799,552
98116,361,361,16
74716,28,30,53
11584,14,2114,241
39516,150000,150000,5
187796,1200,1699,565
24508,12,12,297
71808,24264,75800,962
194784,100,17200,778
41976,199,199,26
85584,100,1185,830
128764,68,68,54
37156,662,862,42
142264,73,73,488
192712,1936,1936,11
107640,8448,999950,1856
89112,975,9999,24359
81400,133,133,24
1696,7,10,19
152560,600,5999,316
4360,2,2,1109
139436,71398,84448,408
191496,6025,6430,1063
193928,88,120,95539
76088,452,5999,691
194724,500,522,158
27856,2,3,87
191464,88,95,28860
52240,1098,1098,4
24268,8,8,54
198356,299,367,202
38772,22,23,58
8836,110044,120044,1542
41604,36080,36082,7
187836,40099,40099,47
200476,600,621,42
74712,73,75,45
200040,7000,7035,2462
62524,11483,11483,3
39512,7,500000,382
200784,5840,5800040,35
199984,525,525,83
151392,50000,50000,4
109628,200,200,321
36916,2200,2699,48911
39220,188,188,231
176872,154,480066,92
152640,1370,75000,284
20416,6220,7775,21
191364,1415,1900,1809
173172,254,305,1620
38260,224,249,66
28060,300001,300001,1000
17020,99900,99900,99
173128,2700,100000,181
193248,16900,23253,336
52192,4500,5648,407
21752,143,145,799
38904,6803,6804,9
152508,226,599,24453
173040,396,396,330
178104,66,66,12
192916,199,1800,9767
106868,1099,1099,44
44936,83496,108486,7
191460,12,19,12586
33632,25,25,32
201832,4062,4095,2316
200028,30377,30380,569
204994,339472,339500,438
4394,2904,9999,188
177062,995,1097,2303
103786,576,576,6
19270,42538,47409,21
139438,39973,86457,240
9154,11,12,233
186662,24000,24000,255
20526,79,84,16
61990,200088,200088,3
211810,95,95,84
67438,6900,7500,183
27658,944,999,429
43386,12495,12495,527
86574,1199999,1199999,1
22374,360000,360000,21
204622,790000,790094,19
199054,9999,9999,176
38850,796,898,214
128550,67545,67545,37
27662,10,10,9
172050,2500,2600,187
60398,21,21,95
19306,2,2,153
168806,100,100,9
191250,2222,2222,20
141910,24950,24950,173
16166,589,590,60
153634,350,350,17
139346,1201,1201,20
153618,9331,9331,6
183738,15,15,134
158794,2509,2609,5
200822,1610,1610,18
178534,1216172,1216172,5
38870,3300,4252,37
160942,55900,55900,2
162570,3551,4051,6
191366,4215,19800,220
93970,146,147,25
23114,350,350,11
9030,2139,2300,9
90146,72,95,1633
43326,5500,5500,1
32194,489,4225,80
38782,70,70,23
4278,93393,93393,183
22830,1599,2999,574
205014,899900,900000,6
33562,27,27,1
41502,113,113,11
22838,1850,1850,204
4424,17,17,60
4384,33,33,227
39000,546,5693,23
193216,364,5000,20784
89676,30295,30545,2
38968,19,315,12
67388,200,200,4
12216,91,99,83
204828,1849,1849,265
190936,10029,10029,5
34752,125,125,334
169152,200,200,53
128984,1800,1999,16
39956,113,113,8
198620,208,9000,76
62668,150,999,751
19700,348,9949,1012
12184,35,99,23738
187700,1600,1900,5861
18236,145,245,23
38976,312,1087,37
82960,123,123,93
120168,1400,1400,417
199216,22500,35070,427
43268,22,50,94
41480,487565,487565,7
104120,1656,12500,379
74700,24,26,229
198212,2000,2000,664
201320,6525,6525,36
3728,75,75,158
168792,1800,2000,14
46376,290,4499,805
126936,799,799,122
128544,8995,16909,74
21552,17500,17500,101
204972,175,199,10954
32220,500,500,13
192952,35290,37992,1954
22528,36,36,431
191872,3545,5483,68
191468,80,99,228876
52764,80,80,39
37252,33,39,16
201424,68,480069,227
76652,925,925,28
80588,5700,12500,1117
77468,829,829,148
194768,6985,6985,517
39940,187,187,10
168312,250,3999,868
132516,7000,7000,756
7100,2,2,24
62276,200,200,9
88156,432232,432232,16
22576,900,1047,2274
194572,5145,5250,1775
4380,45,47,99
40212,593,594,179
76676,707,730,27
200048,64000,64999,132
38900,28729,28731,9
12804,30,600,5185
41476,249071,249319,7
77540,1677,1985,10
188836,12500,17500,8
210456,299994,1000000,396
68780,6598,7500,42
136564,38,38,20
81408,85,85,64
76556,209,210,25
37092,100,100,86
88532,2,2,85
89868,3714,4644,343
171348,100000000,100000000,2
67404,70,75,48
200008,9000,93969,1101
151540,83600,86492,385
168448,17115,17118,135
198500,60840,60840,24
71880,228874,228875,20
198420,155,181,10116
38840,4826,4829,66
133588,16,300,1505
86592,550000,599899,136
23116,99,99,135
38816,75,75,27
39520,2,2,78
192720,2162,2162,18
25650,75,75,164
155814,123,125,33
13442,245,245,152
63530,5,5,196
2750,2000,2000,6
25430,25,25,31
128722,114976,114976,4
4542,199,199,32
13506,3800,3800,87
199206,22,4800026,104
213194,258,258,3
5430,500,500,1
19274,17200,18000,10
39910,847,847,29
199990,501,3000,679
58086,3568,3768,160
40022,589,589,56
71846,149796,149800,19
68134,2254,2285,50
110642,1551,3390,38
40034,9997,9997,10
52298,4359,4359,41
194694,50,59,316
139786,22000,24500,223
52154,150092,150092,2
52230,22586,118262,43
76630,26992,26992,12
38954,248,724,33
40058,2587,2587,16
22834,1542,1543,225
93706,182,182,18
188794,496,496,5
158830,7039,7039,4
136550,199,200,4
198238,15927,15928,420
105718,749,1300,201
74866,200,273,2298
83094,346,346,37
71822,32994,42589,36
22842,11435,99935,216
1686,11,11,8
107462,834,1335,6
7078,15,707,50946
128850,999999999,999999999,4
71834,39900,39900,18
25886,1499,2500,1281
132218,678,6628,10
128994,550,550,21
19938,109,4000009,6
155910,500000,500000,2
112278,1800,125000,10
67510,50,50,26
76592,177,177,47
28420,57,57,54
152548,596,604,1165
76572,400,452,37
24276,149999,149999,12
190536,39999,40045,96
178552,141,441,101
193468,50417,53070,10
192632,68,68,11
2608,500,800,8
77544,255,263,52
191524,8400,8496,1250
191400,570,855,988
192932,26381,29726,1562
199052,2800,2871,4
173092,19900,19900,40
191380,468,525,31828
34764,45,45,109
136856,28500,50000,97
61992,30075,30075,4
173108,1000,1349,1074
173076,14316,16969,34
90044,700,700,9
4608,2,2,99
28104,1048,1999,1152
129100,25,25,17438
158832,12019,12019,6
5472,1,2,1988
40116,3266,3266,10
22848,5592,8998,335
7072,35919,35920,30
74832,135,142,439
40536,10,10,371
38876,4377,4378,43
109120,2221,2221,11
44752,32,32,17
198508,5000,7402,132
82444,4500,4575,66
180088,288,306,6
174328,575,2700,3733
25708,4699,5083,5335
171196,2200,2500,1072
87872,230,235,1101
22448,475,605,11312
44144,297,300,31
76136,260,275,792
35760,465,465,111
24232,275,300,9
205464,179,179,48
38928,125,141,95
39976,100,100,25
190388,400,455,551
172504,3800,3800,1
109156,789,800,469
71720,44400,44400,21
52744,205,205,31
19236,425,3507,15
200024,500,512,566
23380,2001,2001,27
33052,145,145,53
199188,450,500,77
204460,950,1100,1263724
17344,1030,1030,6
200616,14789,14791,788
63348,4500,4500,6
169952,70016,70016,37
132528,9315,18877,17
20008,5500,300000,194
44156,490,595,52
38860,18,7890,178
153192,299,1999,466
200800,586,586,98
175960,65,65,32
52752,1643,1644,44
200944,281,500140,4
41338,25,30,47
168646,252,1000,9530
76502,100,100,58
23334,25,25,9
41434,230,230,6
6890,5,5,146
17034,50004401,50004401,1
144398,69990,69990,6
112302,2299,2299,10
130202,1255,1255,131
52218,4700,4999,4
136562,175,175,26
4370,5,5,50
111522,40,49,71
128838,567,567,50
200842,2000,2681,24
22642,17999,22500,56
17402,194,194,28
24066,99,99,26
52174,18000,18000,1
39934,112,113,22
158790,2130,2130,12
130250,2152,2199,1932
128546,9401,11410,58
10586,7500,19999,121
140286,49,49,13
189150,490,90090,2600
76562,1185,1287,89
131746,4499,4999,312
40914,8999976,8999976,1
56034,199,199,6
12190,57,59,145
129002,2435,2435,24
41602,19504,19804,16
200570,35624,35624,5003
38786,40,40,54
137238,19096,86059,180
7098,77,500000,117
205686,17598,17599,66
6038,40560,40561,15
201310,20000,22645,453
109122,3000,3000,4
3662,1,3,79
76078,1080,1780,368
62270,100,100,44
52766,34,34,56
196440,970,970,2
194812,1380,1955,470
76076,125,154,332
17408,15615,15931,15
191940,2400,3295,12289
60388,22,22,56
39916,112569,112569,4
22572,4229,4900,2185
192704,2200,2200,3
176884,2670,2670,1
79868,40000,99500,560
200264,500,2099,13
34440,100,129,286
44284,10890,11000,26
172412,183,200,189
140668,225,225,40
197784,1637,1737,1723
53064,299,500,982
163224,149,175,2152
116276,99,233,215
111452,13,13,183
34768,300,300,75
25868,120000,158222,78
163152,222,222,7
54448,12174,12196,17
20872,1756,1782,24
15420,9900,29900,116
37140,900,2199,67
17036,7500051,7500051,6
106824,21,21,68
193936,27995,28095,1881
191260,2199,3000,99
38940,40333,40343,54
31916,299,299,13
27500,498,2572,25
33824,7950,17200,28
74852,484,485,1235
144304,2823,5602,47
32200,311,311,811
62680,898,898,1455
7972,20,513,7801
179276,19,19,1
62272,24,24,4
110640,886,3390,50
153712,251,251,79
31884,276,300,21
89512,103,103,31
4232,365,473,5024
39212,25,25,22
8544,39,40,333
177028,125,150,8
39932,100,100,31
38372,9650,9700,30
179372,400,400,3
159756,136,136,35
199060,3996,5200,285
76576,273,278,12
58260,77,77,3
198316,64200,64266,19
8244,50000,60000,1260
177840,50082,50082,12
85568,240,265,93
20868,2563,2592,48
171350,55,100,101
110638,1830,3390,38
76682,120,5000,18
192730,176,176,74
40122,2500,2500,551
39998,7795,7795,7
61982,1,1,909
190534,12597,12597,688
213182,2700,2800,4
178126,1661,1661,3
52746,588,589,29
41490,225,225,5
174890,1980,1980,11
39550,700,700,3
68778,2550,39353,60
2682,95,100,194
200838,2600,2665,43
44330,800,2999,474
192834,785,792,1499
158866,149,150,9
213042,242,242,1
17222,59,59,145
40118,2800,9900,91
213206,122200,122200,8
38350,802,802,1
58146,1925,1925,139
39950,29897,29897,168
75038,785,987,135
23118,102,102,107
162574,309,309,7
41378,4410,4410,5
192962,148626,148626,18
52234,2547,2548,10
193438,3255,34155,2
5374,1799,1800,34
60406,66,66,27
52782,3395,3950,47
200774,11400,11400000,18
71850,20990,20990,19
25898,18821,24177,31
179286,101,101,9
11418,100,500000,6
198506,2551,2551,3
76690,357,523,61
200770,7100,7100,20
212646,421,421,3
18234,200,200,5
76558,375,376,13
38878,3946,41142,27
192894,490,500,1909
83006,440,765,160
185970,80095,80095,1
101750,250000,250000,1
24274,100035,107479,4
191502,220,220,89
168662,499,2499,6383
20542,328,328,2
12214,138,138,27
56198,500000,580891,5
153622,1834,1834,4
62526,4,4,6
52214,2850,2850,20
127762,899900,899900,3
203862,3198,43339,1229
176866,40,40,112
44286,9504,9504,13
44154,1695,1795,22
179026,150,150,1
153610,2500,4000,6
204092,69000,100000,139
52236,307,307,20
12212,5,5,104
20552,274,297,33
193932,26622,28025,73
90556,49917,49917,24
8172,597,697,3293
10648,1070,1071,45
153476,214,220,255
112280,300,6922,11
159140,119,119,32
4784,6,6,78
160400,79,154,2667
171428,2499,2499,18639
6316,9223,9223,10
192628,63,63,67
151580,2000,2282,43
76896,9391,9396,19
187888,99996,200000,222
170164,19896,19897,287
43400,6900,12495,293
13452,4950,9999,373
3676,12014,12014,9
52160,498,498,1
163692,112190,414990,15
192724,2199,2199,5
119100,1493,1496,2
39908,179,179,14
153664,525,525,65
173360,49,49,482
197852,513,639,693
175056,2311,2381,10
136852,2512,39084,263
20876,65,90,59
3240,90,90,25
62268,32,32,26
43124,658,679,1697
112292,10000,10000,8
197788,196,550,11684
187936,110087,200000,181
213180,2191,2191,2
213184,10174,10174,5
86432,90,100,116
5784,50,987,6219
198224,1300,1400,499
197848,173,173,65
205012,290016,290020,18
56196,20000,20000,21
115012,129,1986,31
113588,650,3228,14612
71872,10901,11904,23
36920,75,109,345
3664,2,3,160
2460,2900,2900,1554
168956,12500,50000,133
124436,100,800,1650
76508,188,428,8
85504,10,10,44
11284,1835289,1835289,2
153608,994,995,6
200576,9637,9637,3111
44280,4415,4415,7
189148,364,549,509
21840,59,500,3446
153036,69999,145000,208
19264,1500,1500,8
198416,3575,5099,7566
19300,1,2,3338
179308,2023,2023,3
192976,2263,2263,14
200572,443,475,50
194760,4317,4319,284
210688,69,977704,41
112156,6147,6147,91
191508,5700,8677,10
94536,992,9892,83
163156,1198,1223,6
19768,7093,19798,88
187648,18999,18999,4922
198232,1700,1700,203
18224,299991,321891,3621
74708,317,317,393
155812,690,690,5
113140,2300099,2500099,3
158808,482,887100,2309
6048,194,195,235
67348,1800,1805,34
10592,3390,3400,126
174352,2509,2509,84
118280,49,62,100
52168,85,95,27
194796,7400,79900,114
44328,2070,43525,105
143588,47515,100000,275
172044,13,13,119
153624,8000,8000,5
40164,11000,11000,21
50816,31885,37133,49
25416,255,265,341
171352,55,60,79
137188,39999,100000,179
200780,1149,1149,18
44332,335,858,199
32068,1759,1999,182
35720,400,400,95
192664,188,188,16
110620,312525,500000,3
38960,34,34,48
173168,125,125,1013
191320,14010,14699,2642
178108,155905,155905,11
45198,419,419,8
136826,57015,125000,149
112294,900,10000,14
6826,40,40,21
197786,1696,1800,3008
21718,1915,2173,919
184682,650,650,6
169662,12002,12002,9
40014,800,800,4
139270,58707,58708,433
184390,314,314,11
60858,498,19999,224
39942,113,113,12
22826,140,140,27
10558,9990,9990,2101
128842,227,227,57
21030,230,242,81
40098,4516,4516,16
24054,1352,1353,8
71866,9989,9989,223
44278,59364,59963,7
130258,100,100,44
113278,2997,2997,3
40162,3000,3000,710
41586,999999,999999,200
113574,27,27,39
200938,3577,19999,5240
169146,2000,4583,2
192950,19999,19999,6
29578,15,15,2
176810,2213,2213,3
30466,600,480000,7
205466,1500,2000,99
81918,500,510,20
193410,190,190,6
44262,37070,37257,4
180882,8000,8000,2
39966,90,90,5
6042,3380,3382,12
60578,480816,480816,18
41432,290,590,16
213360,7526,7526,4
2680,1,2,1347
180412,2296,2297,4
74248,247,2189,33832
52220,1279,294800,43
199968,2100,3880,98
11184,8,8,296
22460,997,1039,11
168640,1960,15000,78
206968,919,922,25
52224,11096,11096,69
192692,3033,3033,3
82344,645,674,73
140188,370,370,54
173908,2599,2599,17
52096,124,124,2
38992,876,876,44
4392,10927,10927,127
159920,19,19,17
193020,2200,2222,296
7228,100,100,179
193560,54700,54900,61
173192,51,51,218
107472,111,111,19
191360,230,266,66
87392,6523,6523,717
39968,250,250,30
110632,499,499,33
3220,2,2,77
176856,1200,1200,25
13928,4000,4200,2444
212772,588,588,3
83156,5,6,271
25652,20531,20532,13
177716,20,20,213
4776,11,22,15
200844,4400,4482,8
22824,3456,6120,1170
54632,9900059,9900059,11
13756,9900,9900,888
194868,1100,1100,14
25428,14,500000,81
191368,3000,9943,2388
163784,25,25,42
4656,1,1,98
197760,89,50090,23220
38804,129,129,68
69244,39965,39965,16
23576,4152,4152,26
76656,124,2562,22
117472,19,19,16
39980,140,140,24
213040,1920,1920,7
144408,500,500,1
6052,100,100,31
179288,200000,200000,1
172368,766,768,17
76540,323,324,38
1712,15,15,11
31900,120002,120002,6
179012,29,29,20
192700,2600,2600,4
79288,56875,56875,1
56204,12,12,7
52156,2550,2550,5
207040,1522,3529,26513
107392,32,35,14
109160,990,4499,857
81204,29,29,7
62328,32,32,46
62656,4,4,80
167548,18284,18284,5
32576,2,2,125
192948,23950,25563,1385
204700,45000,45000,8
22836,50,50,197
211400,6200,19974,572
169220,1800,1800,641
158744,8121,8122,5
23784,3796,5101,56
36928,110,6000,2699
151608,4900,300000,150
154168,2000,2000,170
77532,499,499,156
44756,235,235,266
180624,375,400,30
158792,12300,12300,6
193360,2517149,2749900,151
8392,1702,1702,1
198280,1349,1361,762
36860,4950,5209,4392
201416,547,1285,20
175052,282,313,9
41380,3000,3500,42
39360,115,115,6
213380,300,300,5
161344,200000,300000,702
3712,334,3000,1960
171264,422,503,115
52292,9624,9624,12
74704,1295,1296,15
4604,2,2,358
39920,747,747,2
198504,652,655,178
192896,314,315,227
21592,5,6,84
77272,1787,1787,35
52116,8889,8889,6
32852,438282,438282,36
171436,24,24,380
68356,1075,1075,4
20816,750,750,1578
69840,5000,4800000,6
200832,503,503,113
115812,102125,109001,23
168788,900,900,9
2732,2000,2000,1
52980,27400,29118,1062
213388,350,350,2
25896,38600,40631,27
193556,49800,49999,33
2512,5000,5000,374
30812,14,14,69
159788,8899,8899,129
556,2002,2002,1
204708,444000,444000,22
9336,7000,7000,6
2324,60,100,55175
198496,5260,5266,219
76664,123,448,9
64396,350000,408500,18
58280,303,503,9
31908,500000,500000,8
136636,172,173,81
176392,45,45,2
108344,333,400,573
6456,101,450,11
203408,40000,40000,46
38376,1999,1999,16
173362,200,205,74
86070,1000,1000,25
29454,450,450,4
57066,100,100,16
39982,749,750,15
112274,1700,1850,4
213374,3575,3575,3
198314,499,3445,616
3478,125,2500,7331
40050,4184,4184,13
174282,36,36,28
205690,141,144,63
44290,198000,200000,5
182718,127,127,13
110626,429,429,51
38874,3497,4252,28
128998,1500,4774,18
138382,835,851,13
52158,533,4836,3
22854,4148,4148,251
76614,13999,13999,2
52222,2058,2058,9
87230,15,15,230
954,100,100,3
41436,155,155,9
200792,11990,11990,18
176860,1600,2367,4
30512,300,313,21
210244,1500,1800,87
6888,4,4,192
76624,4180,4201,12
42908,5000002,5000002,1
52148,700,6349,6
40160,5216,5216,13
52772,385,385,41
76604,4126,4126,11
71824,34452,34454,18
20532,84,84,6
110652,3250,3300,41
197772,1699,2022,348
59232,300,300,28
173104,8075,8500,19
191348,977,1820,428
38832,2742,2757,27
23848,7243,12171,3
20676,175,999975,206
117568,9650,9650,53
41400,2563,3067,25
39568,277,299,7
52128,98,98,58
191472,3600,3995,44700
200012,94900,117400,153
194756,22172,23400,2429
27636,120,120,34
24060,300,300,24
152812,10500,12244,1461
58488,17597,20807,1224
193924,408,530,795249
9060,8200,8200,255
24272,39999,39999,84
21576,7,17,29
172040,40,40,122
76684,517,519,34
38868,13709,13757,12
151256,4700,4999,174
153612,7890,7890,9
45880,20000,26250,2
1478,134,134,1
117470,3630975,3630975,5
13546,70,70,6
21226,90,90,13
200830,1400,1400,1
128730,75134,75134,2
40202,13,13,28
174350,33,33,577
112182,5990,5990,122
38978,28996,39668,16
16006,53206,68058,61
3486,210,17200,417
5530,849524,849524,1
38810,15,111,97
209034,195000,200000,5
41482,98,98,6
199646,499984,499984,6
163110,4344,4344,11
197766,198,522,6660
21714,599,599,237
198254,300,4333,421
79306,42356,42356,2
76566,918,918,15
30814,700,700,3
20002,6500,6500,442
20518,84,85,17
130268,6500,8948,97
21224,30,360,13
52776,1961,2173,85
147776,250,250,16
41484,231,231,2
44264,741534,741534,4
198044,9751,10001,118
62512,100,100,1
43000,1171,1171,26
114008,25,25,12
38880,16728,16730,27
162560,1317,1317,20
168636,12313,12313,71
163140,588,588,77
176864,520,520,56
23756,2,2,94
200016,100000,102190,157
198208,100,100,198
188672,1500,17299,31
163052,19,19,41
114056,198,12227,1014
38920,689,765,43
192668,2100,2100,11
33092,5902,5902,187
192856,374,375,1928
9308,55,100,66
111436,100,104,275
193224,7326,9474,51448
213044,642,642,2
156624,1403700,1403700,3
176088,16398,16398,1
199960,579,579,56
108980,127,128,29
140276,38,38,106
112180,8241,8282,41
56160,500000,500000,3
2840,290,359,7828
38964,108,108,16
187884,119992,119996,488
187348,50099,50099,6
74728,7137,7139,41
177256,48,48,26
151388,1299,1299,2
199980,507,525,189
7428,5322499,5322499,3
71856,20989,32133,87
138980,994,994,4
57192,148,149,371
158212,750,750,49
32224,549,549,12
42432,3000,3000,48
38936,40073,40074,29
49100,85001,85001,40
205224,1522,1522,23
63024,32,32,10
74656,50,74,117
55056,18513,19913,14
132192,280,280,18
25412,315,315,9
42996,272,272,5
82300,175,199,168
76092,100,100,83
117452,523,523,97
193208,60,275,16444
180476,64,64,2
74636,15,15,88
76700,200,218,103
114004,22200,4800069,70
13932,4,296,146
158836,1490,1490,8
200816,2290,2295,9
38792,100,100,27
200848,2202,77548,14
112684,35,35,32
187636,7966,11665,254
202712,15,20,662
197776,280,280,1517
40112,4700,9944,43
44464,5500,5500,1
52124,500,500,5
76512,200,200,18
129284,2000,29515,6
118900,9900,9900,2
93208,32527,32527,40
38780,25,797,34
191340,5223,5908,452
132212,21,21,34
39684,55,180,10295
81924,75,75,67
178224,522,522,22
191324,2499,448700,894
29576,230000,230000,2
200826,1475,1475,16
28118,4999,4999,55
163522,1400,1400,11
153430,611,748,55
138290,1000,1000,64
31866,14235,57017,2
199190,19900,20000,9
198302,500,500,5
41450,1349996,1349996,2
43478,29699,29700,554
88490,3740,3740,2
25894,79995,147191,13
52242,6356,6356,9
4558,2000000,2227500,8
38830,46,46,168
71874,20978,20981,32
52122,2000,2000,15
213366,277,277,3
132530,152391,152391,5
153630,3801,3801,6
200018,33300,34597,2878
201398,9900,9929,28
76142,1094,1100,3227
192840,400,849,5124
90552,2900,2974,9
169300,500,2000,44
29412,305,305,30
63396,99,6410,117
112272,2500,2500,11
56200,50000,69200,6
165692,21000,29800,217
40152,4985,4985,27
23104,65,70,9
22828,2583,2583,960
25444,25,25,25
3176,120046,120046,12
13460,17999,17999,4
38984,531,531,20
40044,12999,12999,1
35836,2000,3548,22
38924,140604,140706,29
39948,358,358,41
21884,37499,51900,2258
4872,50002,50002,2
13456,690,690,10
204840,8000,8000,3
137556,4500,4500,387
197792,2140,2998,8023
139036,9950,137500,217
6444,17,17,8
33872,222,222,25
44616,168,168,2
192936,42069,42069,36
62002,200088,200088,13
108350,4400,4400,18
20418,7340,9175,13
116170,75,9882,528
76594,949,949,72
126934,350,350,14
192686,3210,3210,1
9210,9200,9599,846
52142,336,6168,6
178226,25099,25099,137
210554,4000,4000,5
205222,1500,2000,3
56158,19,22,23
194570,98000,215548,82
21842,220,17200,701
5118,656,656,1
180346,9965,9965,1
163910,10033,10033,1
58480,60099,66899,296
31676,1900,1900,32
21844,384,385,1081
9144,321,321,533
106888,26,26,65
4400,21,97511,146
192940,100000,100000,4
76644,646,1547,28
11420,326,326,2
147868,2999,3431,281
4588,30066,30066,4
52196,54900,71202,462
3576,200,644,29510
213032,200,200,2
5428,5000,5000,9
54620,2501,2501,6
76520,174,175,27
108352,17200,17200,38
19272,1931,2031,9
39984,1913,1913,3
205468,167,167,8
76636,114,114,12
133568,350,350,48
4556,12086,49565,5
31888,24999,24999,7
163208,22,25,30
163060,3600,3789,15
168592,21402,21840,71
178228,20099,20099,126
4876,20025,20025,4
41800,5250,45000,3782
76680,897,897,59
20528,474,474,20
52020,10001,10001,1
52104,100,100,17
29536,115000,120000,19
41440,1000,1000,6
25890,66491,66491,14
98118,82,82,19
71858,25475,25475,10
89678,143,144,19
52130,20000,20000,3
32198,30000,30000,17
151394,2500,39950,26
101662,4800,50000,162
10286,111,247,137035
62006,24405,187202,2
39974,9960,468362,7
37098,80,100,42
151386,1000,1000,2
199978,7699,8000,82
39958,700,3043,17
76586,3917,3917,12
2742,50000,50000,1
44574,400,400,26
52074,29901,29901,6
202290,370,370,3170
52086,93,593,4
5342,1000,500000,3
62010,125088,125088,7
32226,347,347,25
111434,85,85,343
19726,6500028,6500028,3
60394,32,32,2
5474,92,92,143
9314,345,345,25
184340,420009,420009,11
40036,6998,6999,102
40180,1400,1400,73
38796,697,930,16
56156,66,66,3
7096,305,305,42
79284,35000,35000,4
1476,47,500000,3
71852,20989,31835,84
200840,132418,13240018,15
32668,5,5,20
76632,550,638,8
176876,175,175,14
189156,77799,999999,63
4592,2,2,1719
11444,500000,500000,2
132232,681,681,7
43464,50,98,90
56052,26705,26705,11
6304,33887,33887,1
213216,770,779,2
4596,34997,34998,5
40008,13999,13999,2
76504,167,173,27
38944,12304,12307,102
5476,1597,18997,33
43652,216,17200,164
97512,198,375,1389
185476,2200,3300,28
60488,21,21,6
45932,501,501,3
52784,5582,6975,25
112160,330,1467,8
128716,349898,349998,3
79300,99964,99964,4
52296,34347,34347,18
108348,599,17200,470
4428,33,33,14
210452,78,78,22
76608,49973,50176,33
10512,3388,3388,885
23108,102,192,3
40052,8062,8062,2
89680,475,523,52
113530,24,24,3
35318,249711,249722,27
90058,65,287472,19
193222,1490,2598,2065
81198,95,95,23
4374,888,888,31
205866,3306,3306,2
40146,3389,344800,28
25434,14,14,1
213386,250,250,1
168506,225,5550,631
200766,2700,2700,1
42994,1907,1907,25
163058,2050,2050,5
76550,102,102,70
192970,3999,3999,219
44078,1253743,1253743,7
38914,10,10,50
21574,15,520,719
76536,180,180,4
180884,6000,6000,1
179296,33,33,1
128740,349999,349999,6
123956,3946,6500,219
17032,100054,100054,74
200580,1045,1045,8
52300,9933,9933,3
87232,1087,1087,37
128992,28571,28571,23
185480,1600,2000,11
36932,140,845,6974
178252,200,200,5
200856,34000,34000,1
39952,100,124,4
141320,3000,3000,4
52248,8000,8045,2
76544,396,396,6
24056,2593,2594,5
74856,800,2000,9518
204836,1800,1900,2
18300,329543,329543,1
42912,556843342,556843342,1
20544,410,410,4
151122,5007,5007,76
68786,25582,31020,21
176882,5000,5000,1
38698,7,7,15
192706,70299,70799,5
119098,10000,10000,2
10306,4442,4442,10
193226,7812,9621,2060
40142,4500,344800,66
29570,248,250,3
108294,1501,1501,144
112298,10051,10051,6
52294,9900,9900,3
128990,7537,7537,10
179014,125,125,22
198494,220000,220000,2
200282,62500,62500,254
3300,60000,90000,271
7296,423,423,15
104340,20,20,34
139288,43289,100000,214
36908,582,2385,5140
20004,5000,5000,817
5128,3500,3500,1
179004,570,570,2
179992,29,29,100
188684,5093,5093,3
108364,17000,17000,45
24368,2889,2889,2948
172048,390,400,213
5376,474,474,4
18288,500,500,20
104348,2406,2406,4
52232,30000,30000,79
4460,26,250013,4
40124,4872,294800,7
104344,30536,480036,53
76528,187,187,1
40100,1650,1650,25
109152,1540,1540,389
71844,21918,21921,17
38264,1000,9756700,3
71854,20989,31835,140
52210,2295,2295,2
180614,17104,18004,4
212764,261,261,4
38864,510,510,17
122344,150,150,20
160560,500000,500000,2
158752,204,4800004,26
43328,100,100,1
59480,75000,75000,16
87888,1732,1732,281
127712,100000,100000,1
24048,540,540,11
139312,2249999,2249999,3
27656,570339,570339,1
17196,95,1000,1727
32728,5000,5000,45
90548,1661442,10000000,7
20420,24049,24049,8
178220,4522,4522,1
188792,290,290,23
191332,13662,13900,503
59228,14,14,14
15408,6777,13993,2714
45628,21,25,44
52136,17000,17000,1
110628,497,62750,6
198260,500,500,204
76588,4400,4400,14
174284,100,100,185
41460,300,300,5
201724,1836801,1836801,1
184344,442556945,442556945,11
6712,300,300,13
9264,4995,17387,32
168232,12500,12599,18
19232,3500,3500,13
207956,5585,5585,10
52132,690,690,4
44288,46226,46226,6
32196,549,394800,62
128744,298451,298551,5
74644,1568,1568,127
163388,123,123,25
29568,20020,20020,5
23384,12,12,34
163192,833,833,45
201316,19366,19366,130
23764,1565,2565,16
40032,885,2197,2
38848,150,194,62
30476,9500,10000,54
71828,89855,89857,17
38856,306,306,148
158856,1553,1553,1
43012,318,1190,10132
71876,20488,21890,39
20384,3200,3200,1070
105704,20,20,23
118008,3000,3000,25
71860,100033,100033,29
158936,15083,15083,2
113108,300,300,23
20540,15000,15498,4
11416,501,500000,26
74648,1999,1999,112
116172,1499,2007,244
82448,4516,4517,54
3776,32065418,32065418,1
5048,132,148,55
41376,14171,14171,23
19280,864,909,9
90660,897318,897318,10
55984,46,46,18
52176,1200,1200,7
67444,40099,40099,3
52228,4075,4075,4
127368,5000,7500,3
81404,90,90,44
24476,3277,17200,335
197720,7760,7760,110
25432,737,737,10
197856,611,650,162
197736,218500,247500,43
63272,500,500,1
201820,7729,7729,10
152564,2898,2898,117
40144,1521,1521,12
194680,1150,1150,222
212648,7400,8000,4
188948,2521,5321,14
13760,800,17200,619
112284,400,400,16
38980,318,519,49
192615,63,63,43675
204859,500,11027,3860
5503,45,230,7827
43467,3,3,71
187707,5042,5576,564
19299,1,3,327
213027,258,258,3
159,4,90,80334
206967,1399,1425,258
193223,1400,3300,62062
202071,41,41,4639
36919,399,5000,2534
12207,23,450,23181
3731,2074,2500,1824
24055,100,100,15
52771,24,24,773
40087,295,396,78
79255,279,2590,18464
201403,2600,3366,27579
723,5,2000,2411
108439,14239,50000,898
192835,502,503,9522
192923,1676,3863,61
17771,247492,247492,201
6471,95,133,5650
130903,10000,10000,427
192631,64,10020,2710
190311,244,298,994661
191331,695,7500,1533
199219,1968,1968,391
32231,69,10000,2150
23119,69,69,116
153635,21,24,154441
193927,24,28,427813
172055,7,1299,38791
38803,10,10,93
192839,109,120,21830
193251,280,280,509397
787,6,6,587
193211,22,100,3645283
108299,1599,1599,201
192855,374,376,35185
37091,24,25,60
158379,3,13652,1527
201315,511,611,253
160711,164,200,12114
1707,1,1,245
90407,9,10,20736
12811,24000,33644,1209
172231,21,922,57854
192959,15435,18099,53
153703,250,365,545
193559,77,77,11
180059,9021,9051,40
160059,2,5,11739
23107,79,5000,4052
41611,14920,16999,77
204839,25000,25000,5
194755,15399,16599,16569
31887,999,1000,20
192863,345,373,11889
41751,110,110,129
168303,4,469,8618
109127,142,397,191776
70139,30097,68888,5
197795,42770,46000,1265
79011,66,99,8137
200871,400,700,62
14047,11,15,569139
197787,1400,1500,7576
198415,3500,4393,6617
37663,55699,55700,2189
198491,55,83,1932
193555,139495,499997,555
204615,240000,240000,18
154899,5,7,19022
199951,521,750,64
176811,25,30,226
109139,102,900,42638
195543,5,220,26
2771,197,698,37226
52979,165,3074,12405
74843,135,1800,10948
194967,145,224,73527
192703,3000,3100,5
173127,4300,100000,191
166583,9095,19995,159
25435,12,12,409
152495,64,69,564
8171,165,165,6896
38967,758,759,74
115355,20,20,55
36783,5148,29999,524
72163,1175,1434,4018
11371,11994,22500,2408
4603,3054,9999,6940
31671,70,4500,18958
198535,900,1486,65
1711,5,5,366
192647,182,182,105
190535,33595,60000,847
204623,1350000,1395000,146
193939,38398,39500,2275
172935,18,18,23141
76543,421,423,12
108335,136,190,8535
35287,19968,19969,5
41451,66630,66630,53
197751,51,55,19487
200099,2657,2657,30
52195,9810,25088,2745
17407,2,10,97
132231,22,22,135
155631,39,39,223
124107,31,936,21872
22791,634,2071,16966
38787,12,12,130
62783,59,1799,10391
5635,199,4500,4613
38775,13,13,60
197743,100,500,80811
81175,10,10,20
21215,55,800,1535
140587,950,950,1247
45087,20,23,2327
77547,2599,2599,22
193255,1575,1620,561505
22451,45033,49500,459
19767,4539,4986,544
9179,798,2999,485
62779,9,54,1685
43103,2931,2931,2303
191507,680,680,566
112287,1200,1200,26
200051,79964,99964,247
36927,4019,4515,115
190395,40,60,102412
169675,297,1000000,620
197855,48,50,866
7191,494,1185,5869
28399,3,3,700
128315,444448,699998,1498
133591,48,48,1906
10939,184,210,20363
173035,7,907,32564
172359,31,39,107
173099,7500,9900,43
14227,3000,12000,7266
200003,509,571,40
191367,201,437,2053
21595,114,116,59
74247,50,328,11779
118007,20,2000015,1335
211943,10,10,131
174351,1499,1499,155
28467,1703,1703,6
38811,91,91,32
27651,40,50,141
63127,1300,3094,293
138875,2,3,444
191335,14499,18789,2000
44755,743,1685,46
163223,98,4499,659
8827,1970,7053,719
153051,8,198,177390
23439,345,600,452
158863,119,119,85
163391,88,88,49
1179,1,2,3995
87883,1999,2194,686
9315,100,1655,63
33459,3,3,105
200027,49700,49800,1014
193259,40,50,193366
21559,2,5,249
7911,278,285,1698
171267,310,681,1500
140187,19,19,28
192871,26800,26906,1297
200011,39649,40049,57
52983,410,480,43571
178135,10000,14900,20
172363,135,141,674
159471,12,212,135
67407,2,2,3
201311,9950,9950,66
124115,436,500,7073
194683,79,79,7927
40179,270,294800,27
23575,18,18,73
124439,5,77,43376
153487,18,1999,1062
8839,1300,2310,22424
76667,400,5000,18
21071,50,100,1933
76511,299,299,20
193231,5835,20000,4334
194035,1827,1827,140
151719,445,5082,5509
40771,1599,1599,199
192911,400,3599,1883
133575,13,13,996
194123,175,199,57821
192967,14710,18904,2418
163075,1019,1019,8
168663,301,8900,2890
191387,3430,3800,762
29451,4,4,461
153251,460000,580000,41
31079,14199,14500,2197
35563,1,2,578
62659,14,15,182
56047,88,88,33
4539,1,3,172
118631,779,989,422
102543,76,80,856
4371,651,687,793
37703,245,330,10230
63275,146,146,28
53071,139,3900,2939
191515,5000,6000,2253
197747,9,21,625537
27855,3,3,198
194767,4032,5819,340
193243,3499,3700,16302
41427,3721,3721,52
3239,5,6,380
38931,732,732,44
191327,3430,3590,5179
111663,99,104,2298
153619,900,150400,6
8831,1450,4549,42894
204567,117292,117350,184
17303,167,167,101
179271,195,195,227
192715,166,166,33
1015,3,4,6411
191319,853,2558,18549
38955,59,60,27
205115,287160,287160,54
198187,1068,1125,160
13463,322,621,30219
5095,2,3,63
193951,55,480020,5724
52747,6603,6643,20
108339,40,85,3485
109131,104,14900,2260
192659,282,285,11
133607,20,24,5316
199955,530,538,135
109135,105,17200,2052
31899,360030,360030,10
189151,200,520,666
2835,5,100,24856
199975,11880,45000,52
23115,739,740,42
34751,10,10,176
194823,2423,2425,39837
130175,175,435,14654
192635,61,61,515
153715,292,317,184
194787,3316,4804,401
52231,7005,7005,24
168215,1650,2500,20458
39339,2564,2564,11350
43123,1192,1513,916
22839,2160,5999,539
138967,8,10,915
109599,9975,16533,363
198403,222,222,55658
61991,105058,105058,6
41163,18500,18800,1618
192971,50,90,363
33567,300,870,1497
36903,175,614,51839
22575,761,970,1327
158187,45,944,21306
19699,300,9985,9446
200819,711,750,68
2675,19,17200,975
35627,2900,3805,3257
3575,500,1817,56469
205039,1398000,1570050,74
41379,4000,5000,21
76523,31253676,31253677,9
89679,34650,35000,9
5479,60,60,11
63307,6072,6072,135
13459,895,3432,24
36931,975,1149,2594
152631,7,7,4534
192859,382,385,938
1475,269,498,57
74847,387,555,5890
153667,332,50000,229
35947,8,8,218
111595,280,299,3686
72103,1400,3399,39014
189543,15088,27000,4465
2799,2,2,351
190315,151,166,1655209
109143,24,75,53603
71807,19509,19509,69
158747,110,110,26
38371,9095,9095,35
158871,20000,40000,9
20543,49290,999991,60
171271,25,35,370
3819,1150,1601,4642
62323,2257,2257,190
43127,2968,2968,278
29739,255,50047,110355
20863,32,45,574
6291,3,5,3113
192611,60,65,238
191323,2072,4397,846
34055,40,96,345994
194567,200,2500,1278
76563,179,181,20
173359,11999,12069,5
198395,100,149,34459
107603,64,65,106
7967,395,395,62
152511,175,549,20408
10839,400,400,4
200055,83962,83970,404
43007,250,340,3033
163051,19,19,49
76683,342,345,31
2251,12,14,4589
955,50,76,49
76079,111,245,2657
212647,1400,1700,12
193019,500,500,22
199979,714,6000,134
155635,34,34,131
192651,188,188,36
128559,465,918,48
12363,23703,40000,3886
52843,25089,50704,1268
172451,1,45,174
191395,1773,1964,24746
34599,23,3890,637
112155,48798,48799,54
43231,765285,765285,15
23787,78700,78700,550
172051,14,15000,7293
59595,450,450,28
198191,788,790,6558
44599,8,8,666
3355,549,1820,23338
23559,54,100,201
154123,559,1449,424
154883,90,90,1287
203419,33999,35000,1677
39343,838,1280,5034
190451,1305,1557,20298
3371,1,1,52494
168651,19000,19499,715
24479,16370,16370,5587
168795,11501,11501,8
192975,48,1000,3098
19703,1450,10059,4940
108327,120,122,1475
21991,30,30,836
22827,2573,2575,71
16203,945,1300,28471
23427,4350,4745,3220
56195,4536,4536,5
159467,686,1708,39
3927,24,100,12207
108347,400,17200,40
1175,19800,24000,7
108331,311,2549,1380
87579,194,194,499
152579,900,1126,11842
68779,6760,39402,37
52987,597,1902,14864
111659,255,269,17876
3667,35,150,13517
52183,1800,2200,15498
111455,13,13,762
43115,3979,4199,673
158855,1800,1800,9
193923,500,585,418917
3823,270,2999,515
140275,6126,6126,25
38875,4176,4252,79
5471,11,45,836
124671,6900,8000,9171
62251,70,70,11
139375,6000000,6000000,5
76095,93,999,1127
168419,4896,10694,1024
41807,495,17200,1136
41435,685,685,6
198183,75,99,1860
3403,5,5,11
193379,6920,8576,9260
194815,3900,4444,649
37147,99,99,31
2447,440,1800,73050
109147,1189,4499,1107
130183,713,6412,4452
12607,600,9910,2052
76131,940,1089,2500
3859,750,2379,60159
10307,13762,13762,25
2287,4,5,91
39967,100,113,7
109119,25,150,38044
56503,1245,1245,33
172047,90,100,171
25463,600,9000,6420
171831,200,450,11712
152875,247,985,85385
197735,82545,82545,100
71847,25000,25000,11
54447,411,511,83
192979,11500,12993,208
117439,89,89,107
38991,696,699,40
41603,1000,1026,11
171195,55026,55027,89
163695,700,1300,179
21747,169,169,2345
193563,250,300,158
173059,200,275,58594
128499,5501,10054,229
187699,1000,5500,16630
52751,80,80,25
194575,4150,4150,1737
155811,147,149,36
201883,84074,100050,379
3531,5,5,662
172367,100,140,321
203411,13500,13500,560
191523,8095,9995,43
198279,396,463,283
31911,5009,14335,22
7075,12,115,9577
41803,550,17200,608
191359,12693,35880,8281
4359,297,424,4690
192683,174,174,37
4419,90,90,120
151567,32,1067,868690
169451,2475,2475,4170
127759,98,99,2997
194799,2500,4201,219
200015,29700,54600,21
193931,633,1299,10227
3671,236,236,10
189147,24595,24895,378
38303,89,100,211
111439,42,42,453
172411,22,22,132
71879,259992,259992,44
201991,19000,35000,5272
109627,132,17200,573
111667,135,189,1181
201047,7189,7189,14
108323,91,113,2750
160399,50,50,2829
2455,1,915,1947
78883,22500,29999,1143
52115,98,100,18
204311,200,200,12
72237,59,82,6264
191353,500,8000,7863
168637,8403,8403,27
200025,500,595,1112
3857,2,63,72995
191329,24484,25599,10330
74833,245,360,1763
177061,129,1500,8636
2581,1,2,326
197741,12,127,1478699
169149,98,98,8
8169,494,520,5514
5469,25,17200,979
192969,299,1250,3586
38789,11,11,26
169673,498,1000050,745
154121,350,350,408
179309,530,530,4
200769,478,478,54
44941,5,5,392
3369,1100,4500,5354
191461,9,14,2506711
172053,7,1285,23945
23437,339,375,192
76633,1185,1185,21
21929,65,68,653
44325,500,2999,227
192865,431,444,19314
92741,742000,999900,253
23425,199,550,38908
41813,400,17200,855
8845,4100,7500,16392
151565,1398,1988,58841
2589,6,400,361813
11325,100,100,6881
765,299,715,26826
8165,2005,17200,8632
152641,3332,3400,754
38785,10,300,46
12365,4,4,25309
192669,162,162,46
152577,100,257,56670
192977,60,2040,1330
769,72,250,21679
153597,7777,7777,56054
62505,4,4,57
193053,33,999,370746
76133,280,298,840
32229,88,300,3000
138729,1,50,5038
81409,13,20,435
36933,395,625,633
6361,2,2,1173
33445,6,6,347
110609,75,147,275021
201469,19,138,14558
10285,99,100,7211
192097,59,64,152288
201325,52000,57500,11790
12037,3,99,17699
58269,10,10,195
178125,1072,1072,5
173033,7,45,11385
111665,40,1515,8039
191465,83,132,188866
31905,763,864,85
189541,6400,20045,1589
81405,12,12,124
168185,490,800,117552
173173,260,265,642
171437,49,50,1391
31945,99900,150000,4
192905,150,332,865
5465,2,19900,9662
74857,927,2345,1757
24401,310,490,30520
192857,320,356,5103
194685,109,114,1862
27501,8,8,57
108341,50,450,1385
191393,157,195,6982
200013,50000,80982,46
193253,602,602,741186
43465,9,11,127
153661,498,16632,544
62665,80,999,294
1177,2,500000,91
19933,150,300,145
27681,243,255,9990
193213,25,25020,29764
197757,231,231,52730
27429,19,500,4512
2997,34,43,16848
43013,149,895,32171
32897,5,86,87359
182709,50000,108000,3
173037,14,93,20053
4337,111,200,13275
186017,3125,3128,2703
35953,8,8,315
52177,2256,8576,9000
168589,1200,1900,13205
172921,800,1000,58
132233,22,522,77
172097,83,175,485152
4357,5,20,13162
198189,699,904,1627
193893,85,148,2420
192849,375,450,142811
190321,3997,4973,57421
169701,1000,1195,11604
39209,34,35,228
36925,100,1816,888
124121,4,37,145231
37093,7,10,97
8173,10,10,237
180457,2900,2900,1040
25409,78,79,106
192717,2100,2178,92
34057,121,1221,150932
76681,517,521,79
7909,96,499,18974
128733,94900,95000,8
76097,95,720,984
3821,3400,6588,13589
43369,14098,15000,901
191373,190,278,1654
176853,38,38,197
192913,100,538,2896
191401,1740,4899,17616
38997,488,496,13
109129,132,400,223917
4305,34,49,1634
174353,9,99,164567
37701,35,42,19700
200005,1499,1500,92
137269,61898,62500,202
159789,7154,8000,504
21877,8,9,205839
79249,584,584,58
111557,123,300,1141407
113261,14,19,7404
23097,275,2999,94
111457,99,6542,980
89329,1075,1500,2118
128713,50084,50084,5
197765,90,92,13488
52985,1495,1565,8576
152541,119,450,93873
12205,134,500,7308
44481,15,17,327
31901,899,1000,76
205413,616894,700099,1250
32905,2,2,3131
124669,479,500,116507
15417,247,361,15647
19705,576,20085,6419
200041,688,950,464
136569,7000,7000,1529
24449,4748,4750,625
76701,100,4412,14
37921,150,206,4400
200017,60000,78235,21
200053,80746,85008,493
82441,123,448700,11887
198265,13299,13365,39
33449,399,399,109
1529,240,599,18572
69237,20,600,4758
191361,190,6525,534
3357,499,1613,11021
192621,66,66,179
34125,23,23,168
191501,8800,8801,1144
171841,13,43,15890
173057,100,100,82458
74661,11498,11499,320
4593,7,9,450
71805,200040,784941,927
194825,240,654,2064
153665,799,799,120
23077,74,3500,2878
23781,1100,1371,1500
171833,500,999,22436
5785,70,3000,896
204237,50,95,197
191861,1900,1900,137
5205,2,2,55
18237,4097,4097,13
2677,293,7500,15902
64397,449999,885543,376
198257,1573,1875,460
130905,1490,4920,392
198397,600,755,15663
62781,51,500,10834
76139,816,1037,2287
81411,13,13,168
192719,2250,2550,23
199935,500,502,103
74727,122,184,98
169299,6354,6359,2943
200047,57950,92999,299
194571,3600,3650,44
178115,97599,97599,4
183963,882,899,8
34763,50,50,216
192747,61,350000,1091
43011,60,109,1134
60399,44,44,22
27859,37,37,131
199987,999,1195,36
57067,3650000,3675000,6
201399,330,10775,27755
28123,5000,9100,301
192935,34902,37927,1330
197783,1524,1645,20033
4775,1,2,9
58143,700,908,125
76087,207,217,321
114015,5,15,81
191399,294,651,684
4231,748,4500,1494
192623,60,60,119
130179,900,2499,3309
168447,14200,22939,98
98111,30,30,16
5075,1,2402,270
62519,55,480075,58
210671,40465,40465,24
38679,10,10,618
162559,60,60,31
167539,1999,3499,1086
76083,333,351,143
38855,619,619,59
17203,15000,20500,1473
89683,75,75,24
178227,200,200,27
85559,65,75,195
113111,79,9900,5246
38995,3600,3865,13
159827,367,482,357
27655,8,500000,723
87559,350,445,202
198219,599,800,615
7079,32,41,13508
21887,450,796,9535
81407,59,60,100
28103,701,1999,818
158751,38,38,298
181247,75,80,13
38947,56935,70054,18
163843,2300,2500,9
199971,14650,21600,64
5135,3,5,19
32227,288,2500,7609
74851,214,266,1334
12799,71,840,4517
33823,3500,17200,93
76135,196,5075,6145
133563,25,80,1290
210451,277,277,5
118711,1215,1249,32943
191351,200,19800,316
43463,12,14,80
76579,1089,1089,8
4555,10,10,259
178539,126,126,4
151579,5000,5399,619
52327,699,869,22949
21151,11,15,213
19271,661,696,13
16167,5,5,73
13851,9,81,221
111671,139,248,52597
192095,92,100,75303
7307,2,5,121
153033,72494,145000,256
34537,1900,1999,37
197793,2630,4250,10078
31941,25000,25000,4
199973,2475,11713,98
152513,175,522,66723
41809,944,1000,5158
6289,2,100,5157
198305,1480,1480,45
60577,44,44,50
4625,1290,2251,8022
43117,395,2500,1492
200573,4082,4082,1640
176881,2000,2000,9
77529,7307,47878,41
44469,1278,1278,14
86057,15,17,82
44145,283,285,42
1477,21,24,307
30809,218,313,28492
172041,25,49,196
4289,10,280,294920
120257,399,872,1859
200305,400,557,77
22445,181,798,8327
21589,7,8,88
172233,2797,3000,593
124117,74,2274,11826
38841,90,90,73
785,200,647,8650
22789,250,1049,44343
153705,250,375,893
4601,2,480035,426
191333,900,3424,530
1181,2,2,57
151585,8639,8639,4
83097,2,2,56
23117,100,2500,6013
194013,75083,102000,2814
44293,7425,7425,12
20381,18499,20279,1861
27677,15,1225,9164
112449,1,2,2696
76689,566,566,56
129289,124999,188800,779
24245,4800,4800,1753
52205,1900,2024,12
192617,64,64,474
3173,12,104,8428
133589,700,700,1047
171349,55,270,325
163841,16,16,52
200533,10000,10000,13
133681,100,899,2518
31893,450,4800050,192
192861,465,473,18775
29453,18,19,75
191377,1456,2231,1442
24105,2,2,346
111245,183,595,7609
3685,10,43,38496
74865,1197,1197,2447
124437,21,500,375715
36921,325,29548,1209
199945,503,503,96
191521,696,696,11104
76637,200,200,26
72093,73,4500,19884
204973,2398,2398,11240
52745,111,150,38
40213,390,390,10
4425,119,125,115
207021,950,1645,1556
34825,142000,142250,2
11185,100,100,589
111445,65,76,205
199993,500,550,527
158849,1688,1688,7
154169,75,75,69
22785,304,665,4841
198045,2442,2525,35
128561,1500,1606,137
168489,7879,10576,433
22577,481,850,6338
19233,2000,2499,23
172449,39997,125000,151
198401,6000,6500,29
25445,25,25,22
188669,1900,470000,272
158801,1999,2000,8
173937,1569,1569,54
172361,78,80,270
198289,1500,1502,101
192965,8068,41269,23
191513,5899,8209,582
172937,1000,2500,11425
160053,1129,1132,422
7081,7500,29900,23009
191349,1485,2599,3886
67229,1000,9999,2065
2289,2,2,1857
41437,1200,1200,18
136377,11,11,633
193929,1560,448700,2956
7077,4,1000,22137
43105,994,2000,8745
20881,66,70,188
74853,12500,14100,2922
28501,15,500000,295
52753,10,11,60
172089,100,150,117612
112297,9498,9499,12
192837,148,275,10923
41441,237,247,6
41509,49,50,265
36909,1870,1899,22958
22449,138,195,1113
193925,1100,1187,2049
163781,500,5999,705
190533,19500,19700,1411
189145,255000,300000,222
198213,1995,1995,76
172057,10,10,1878
12809,1800,3505,2986
171441,70,400,430
2313,3,114,96
191341,6791,7000,23114
109125,144,465,214509
213033,1050,1050,5
111601,297,309,5418
173101,9500,15000,18
74841,150,505,72583
36905,285,315,21816
192933,2079,2628,17
163117,519,519,35
25649,123,263,5893
158189,9,19,9331
43853,44,70,884
76093,50,999,748
154897,5,7,18828
180057,300,300,1081
153669,18,21,46001
76137,178,184,726
198221,6384,6389,1105
76657,118,5000,21
18945,2,2,25483
17057,1,1,141
201317,902,1149,209
2673,687,9977,1478
65893,280020,280020,84
200049,59899,100963,379
197777,21,21,1004
200797,199200,199900,34
192885,269,269,22053
194817,217,225,136
111669,13,383,2766
35557,100,45000,3117
192609,65,70,79
163225,55,4499,437
35565,27,999,868
1705,80,545,4921
24281,5,5,3
193369,251,254,80430
200037,4100,5000,4684
193953,1170,1295,52
168217,799,1597,63449
187825,135825,135835,126
13457,133,133,448
46849,179900,186400,584
94289,2236,2536,389
169333,49,5020,834
61981,120,2500,6013
9313,25,190,364
168529,5500,5500,341
1017,3,3,140
153613,2209,10009,17
194789,3800,5609,178
197853,270,10070,2577
127765,500000,500000,5
199053,49,100,49
163145,507,507,18
133573,29,30,434
37705,623,740,8052
42997,242,462,6978
192685,2493,2495,34
74861,365,1900,1549
198161,100,100,2536
76885,10555,10994,22
27857,5,5,25
42253,100,108,37254
194761,2936,3193,3008
198217,90,100,154
152509,188,629,49536
198549,825,1117,3670
151133,50000,99998,204
63025,65,65,2
52977,535,574,2372
34721,33,33,161
117,4,50045,9334
139437,45184,100000,292
71809,17999,19000,302
38925,34788,34794,149
38933,19,1491,189
152497,39,50,829
194801,210000,299900,206
197721,1800,1800,1298
118565,64942,64960,91
56517,100,100,54
4405,2,9902,360
79253,223,1294,9110
6533,400,2512,500
124101,449,683,127453
52097,3989,4198,2
201313,5088,10088,178
38829,92,92,49
67509,26,26,23
2749,1900,3450,2
38625,150,226,93
192921,7499,13513,100
27437,163,17200,505
191325,1606,4900,1597
76565,143,144,9
38425,2032,2232,16151
108329,200,17200,774
44601,8,8,193
200581,350,1980,1101
200853,19599,19599,9
60485,21,21,487
5637,868,7598,9097
167861,1300,1339,2150
199941,503,509,117
117453,91,91,103
8365,73,99,1946
191385,190,100000,6710
190953,13,13,916
34749,55,55,178
4361,121,121,88
20865,32,45,550
38557,129,602,7154
154125,352,353,346
19441,5,31,7619
85501,95,95,13
203409,29595,29595,2058
7069,895,6778,3146
27425,24,1500,1804
74709,49,64,16
58257,7,7,244
6657,2488,3098,3227
39681,2358,2358,5594
155629,33,390000,553
154889,13,13,2449
168645,3,5,18917
200061,3149,3892,43347
112289,697,698,14
116409,1250,800000,4875
178545,19,19,61
207085,9938,10038,132
32249,74,9949,2414
33457,3,3,84
192929,16507,27000,167
38949,10,10,67
19225,2,2,175
12361,89,162,6041
198493,18524,18525,51
198197,24400,29000,2503
128761,7,7,84
204825,733,740,175
172045,23,15000,13266
193957,175,199,551
130173,184,235,2342
108325,45,100,4270
193937,28198,31000,1344
187633,913,1295,337
182581,2405,2430,4422
20861,32,33,890
52193,3900,20000,3964
74645,1691,1691,420
168189,350,10000,2724
197745,520,522,344798
76697,106,106,46
152813,11000,11500,359
19221,2,4,361
171301,99,100,129
8953,11,2218,83
22787,284,2500,28794
179315,17,100,50048
128983,500,5000,75
112115,3973,3997,63
152543,344,444,4753
2723,1,2,102
21227,2500000,2500000,3
52191,4400,19000,1513
82443,475,543,37
3771,1,500000,1561
127835,1500,1800,312
17011,70,3000,5226
41119,4,4,1190
192963,20055,22655,53
132531,7974211,8136949,9
153711,250,253,112
25899,87722,87723,30
58091,2081,13525,382
20527,374,375,15
3387,3136,8357,18
173123,500,800,26
191943,29,30,367
24511,14,14,115
192951,21100,24099,80
192947,13917,14649,27
8167,1000,1800,3069
14343,40,925,17208
136567,75,75,22
204463,250000,300000,5119
2775,2998,4307,8976
127839,4649,5607,364
160483,17,19,121
62675,29,29,332
192867,324,325,1993
41447,113,113,3
182763,333013,1016513,2
179023,241,241,8
123919,75,704,354918
40003,589,589,6
198195,20033,24535,120
22459,792,792,150
187703,2200,3175,1889
76571,388,388,8
4339,49,400,9796
4375,699,855,397
166343,40,60,209
171291,782,783,708
23783,3300,3498,2404
2295,11,500000,44
201467,348,348,1017
57191,422,4500,217
4791,6,6,46
171439,64,89,1114
158783,14336758,14336758,1
27435,60,400,3557
172063,693,1979,2248
80587,11900,12495,745
13423,500,999,3046
204971,24998,25000,255
9155,2998,5999,240
7971,293,1146,943
183951,330,369,1406
124119,87,100,4911
162555,175,180,2442
159791,550,775,13
32715,65000,75000,532
200043,553,6000,387
194015,22500,111100,876
201407,9999,14900,22
38939,19997,19998,29
29535,200099,936144,22
5527,2,2,818
168427,24024,24526,207
188761,6599,19999,963
198413,100,183,32653
136545,15,17,6
169661,601,601,25
180317,2500,12500,2990
192957,10798,10800,64
76613,12096,12096,7
29449,4,4,123
170173,13589,13589,795
155609,80,100,286
81401,13,999,236
128537,60,60,146
58093,2939,3000,129
21881,79,17200,12488
198165,3861,3861,1295
68197,20,20,91
23353,28,16969,33
76509,149,150,10
80433,300,353,387
11941,998,999,32
38777,10,12,87
201417,1910,1910,134
139417,50001,100000,311
6049,192,1404,60
165017,622,698,333
35501,249821,249821,31
193261,6,55,49370
112321,318,775,1239
41381,245,265,57
42433,95,95,410
3181,198,198,5
22837,396,1024,29
191469,181,400,194960
39905,400,400,23
23329,95,190,16
197753,308,308,21484
147869,300,500,55
111453,50,93,214
39981,100,100,51
40097,1300,1305,207
199985,3499,3500,204
33461,3,4,105
14341,45,95,11866
132213,675,675,6
74849,144,1249,8249
200565,1425,1500,91
136561,19,19,5
24065,588,588,23
174041,1624,1624,48
76061,11400,19050,54043
197761,20,35,770
137249,27155,100000,162
127037,79,9900,6670
173121,2079,2367,345
62669,450,999,245
192697,2297,2297,8
20869,66,90,91
62649,4801,4851,6902
190537,21495,23831,653
200569,3877,5599,67
21593,36,41,64
107469,24,24,36
200793,1790,1800,75
192917,62499,62500,10
140189,250,250,164
194797,3599,59900,172
153701,250,255,768
213361,136521,138900,8
104105,721,822,835
197789,129,131,8926
191945,1878,2000,4638
52757,28,33,69
52185,974,1215,44937
192653,182,182,11
169445,9800,35098,430
43501,75,2200,7656
76661,448,522,34
74725,125,125,781
191365,1899,2100,2699
34113,30097,30097,379
194785,341997,359897,475
40093,475,500,273
179005,327,327,1
13893,24450,111111,351
192661,180,190,78
194009,300,448700,2142
173065,250,20000,405
58265,149,1188,53
3385,11,24,1182
6037,330,822,33219
4233,680,680,1468
178149,9,45,104
158201,6000,20000,816
198229,2000,2000,49
35285,395,17200,166
36913,2350,2700,12894
194569,4570,7000,11741
128549,84500,120341,28
23441,900,8890,416
22645,1,2,173
19943,16600,29893,273
17307,555,755,113
163155,541,569,8
76603,400,400,2
76655,1099,1099,6
128543,8888,8900,81
194751,599,693,1118
111675,33,17200,465
190327,10768,10780,134992
80591,113,500,3244
192711,2149,2149,10
171275,1599,1599,570
208747,190000,190000,49
74859,631,700,5834
12655,400,400,7337
192627,64,64,133
199999,505,2172,56
168639,1190,2000,64
66947,976,976,2
35707,2758,2758,13
139271,62499,145000,279
52555,387,850,31068
199051,267,300,33
211383,222,247,66
52719,248,510,97535
199947,524,524,89
61983,19,19,23
5435,3000,3000,1
191339,5011,5399,295
34759,38,38,218
199943,584,584,53
17747,99,99,12
71819,24985,24986,25
52203,9475,9475,6
76631,288,28807,33
27499,33,33,72
83763,14145,14145,29
40059,4633,4637,6
12359,69,200,107234
41375,300,449,29
35623,3500,3600,6125
173039,134,173,139
151583,2618,2653,36
11391,131,500000,86
168635,9149,9150,313
193895,700,878,103
71863,10943,11744,15
22795,3,4500,284
39983,113,113,24
177843,92500,92500,20
173171,270,300,1131
3931,200,500,65
41511,308,408,8078
172059,25,30,2552
191519,720,1248,5074
13755,3545,6450,533
30183,200,1093,2588
5467,32,100,570
52091,344,344,50
210247,4787,5000,220
174283,19,19,451
137287,61020,61021,353
171287,3242,3245,3571
43851,11,480010,236
76519,221,224,12
74839,392,2545,5501
118415,16100,16100,323
177659,45,50,95
139435,65093,145000,310
193955,600,600,3752
113355,425,750,69079
2319,250,1290,80967
192709,7000,7200,9
158861,132,132,42
191381,3230,3230,10686
22573,70,225,18480
52765,290,290,82
127681,594,719,1669
201413,4400,4400,9
76081,200,1215,253
124109,777,3500,7499
205457,3284,3284,4
95373,69915,69915,206
108977,11,11,351
21217,2,2,1371
38989,389,392,16
116405,9702,800000,1027
182653,10,10,211
21557,8,14,477
74701,35,104,33
194969,100,224,130122
154165,1,12302,285858
128541,5597,5597,138
44277,950000,950697,8
137289,96099,100000,240
4457,84,84,232
67749,1390,4335,1505
151393,8811,9202,6
205221,700,700,6
4865,1,1,58
21561,2,4,124
173053,24866,50000,159
191933,107,108,553
129021,36588,62500,253
37097,8,11,40
52773,133,5799,17
97621,125,184,153
40081,475,500,126
67385,699,999999,29
194857,783,799,1646
152877,2899,8669,6104
193933,11899,11931,843
132193,20,20,64
163137,243,243,13
173077,14000,15099,13
169449,30,30,254
210673,59825,100099,904
200509,7,82,13003
929,64,99,1226
32225,549,549,151
76629,253,253,8
172413,99,104,29
130177,155,175,1474
6529,2,5,574
52093,99,500000,20
136637,150,182,30512
175053,404,404,28
161153,50,50,38
2681,2,2,690
200001,594,595,49
198185,94,95,18239
44281,69000,70015,5
124441,620,672,6756
168825,6524,19740,21120
39949,90,90,23
192937,15567,16969,28
8545,19,20,321
43125,364,2500,3780
162029,6000,6000,307
81201,50,50,50
111589,285,400,1665
4541,349,349,32
38877,61184,61192,64
21885,15000,16525,1945
19269,1600,1600,8
199981,994,1385,336
205465,2200,2200,5
81197,20,35,52
200841,1694,1694,47
193245,10000,11637,668
192645,215,215,20
23793,2899,2899,5481
62657,78,78,59
198241,774,12905,1107
62413,22,22,37
158765,16351,16351,4
8153,39899,99999,4805
151721,437,30000,1428
200785,4639,4639,7
39469,1480,3323,1673
198193,1800,1980,1141
76617,701,701,2
193565,69879,73988,1778
192625,80,105,447
133557,14,14,868
200057,69964,69964,138
118225,15,17200,542
176885,2252,2252,2
173041,10,10,162
56205,10,10,9
203413,47500,47500,43
25893,120000,120000,12
42641,50,940,248
90057,700,440000,55
32849,190094,190095,27
192605,167,167,66
52249,551,552,12
5829,9,9,43
93705,120,428,14
52325,1500,1599,57167
21153,232,283,383
153605,899,899,9
52121,90,90,54
38953,198,203,130
192721,19967,19967,4
194725,866,1066,2191
138285,398,398,52
155605,36,36,115
198209,250,3520,815
52117,494,494,18
38937,90,95,10
45789,4398,12500,521
76665,174,174,29
23449,89597,92194,469
154129,351,351,461
158745,115,115,56
115805,165,165,93
108337,475,546,1082
176869,45,67,80
33185,160392,160394,26
189149,41200,64800,277
24521,500000,500000,2
199957,502,502,132
183733,99976,99976,5
151257,425,1100,3632
69865,123335,137263,4
179369,1000,1000,12
4581,425,450,9
129029,69700,100000,320
183209,165,165,1
81205,3,4,29
22641,13800,22500,154
168501,10669,75000,67
172437,1400,1499,6214
22793,1099,3492,18353
154885,14,19,1435
38857,800,800,43
192613,59,59,16
11407,24,24,14
176883,7000,7950,2
158859,110,110,179
194811,4422,19901,265
200507,100000,100000,5347
187931,148978,148980,512
128219,25,25,8
20859,40,45,558
90555,248,248,40
178127,190,190,52
109223,14,15,1456
38975,64,64,41
74659,131,138,381
13447,300,4499,176
41167,722,970,109
197771,89,95,266309
31883,294,295,11
5115,43,43,44
108307,1899,2000,755
57063,100,100,17
32851,104392,104392,118
23447,8688,8750,6556
15407,275,288,1330
76587,785,785,5
79311,49964,49964,6
58087,15024,24224,841
5379,32686,32686,1
71827,34907,34910,31
194859,6080,7080,332
43695,99999,499999,8
67511,200055,4800055,9
198247,800,1120,1974
15419,6500,27963,8461
39911,309662,309662,3
33547,42,43,17
97623,159,159,583
175955,37,37,29
193215,87,98,1347964
191495,18596,19794,2621
25679,94,94,68
2687,99,100,941
198315,150000,170000,201
41339,810,810,182
152559,189,899,986
21571,45,100,406
81923,16,16,24
19183,1,2,16122
76539,300,300,31
200835,1080,1084,53
138983,794,794,6
1251,2,3,2424
200803,7006,7006,9
172091,500,500,2359
6043,220,220,26
193963,195,197,2612
194871,500,500,14
178131,300,300,3
39211,20,20,46
194855,1999,4999,42891
76663,1132,1341,48
116407,6000,800000,1186
35625,4500,4600,5309
202065,59,4800059,185
38837,2259,3488,238
202401,200,2500000,206
124461,1500,1589,12091
29425,840,1800,16990
153437,10,748,536
52721,114,118,29306
191337,884,1049,1479
55053,40,3500,2295
41593,9011,9011,365
19305,2,2,1760
155601,36,36,283
152545,63,300,12884
172069,49,50,382
5137,22,43,92
85569,255,270,103
198309,32729,32729,271
62785,10,99900,4505
192973,7366,7500,420
45189,5895,1456429,37
113585,373,494,118
56053,500000,500000,2
204829,4176,4218,3259
40037,4970,4971,7
200577,3575,3575,8
201405,13400,14700,17105
39317,47,49,6
27669,80,17200,1154
87881,5047,12500,420
168653,16462,39999,670
192553,200,1500,2216
120333,500000,500000,3
117473,119,119,4
193961,472,501,669
168193,368,525,711
111441,48,48,369
163133,14,14,76
109145,1436,4499,917
13889,1405,1405,1318
173085,25000,25000,42
192925,29960,31962,943
68049,100,315,785
22829,98,100,85
184281,448,448,6
8957,345,388,289
36813,100,100,113
32413,3341,29999,164
98117,411406,411406,2
179281,567147623,567147623,4
2593,303,1000,139
192769,100000,149900,41
176089,133,133,17
25453,31,31,44
106889,127,127,58
76897,4158,4158,9
2453,225,661,22632
199189,200,298,32
30821,12,12,30
198417,4097,4097,3293
39361,115,115,10
76649,2351,2351,42
205873,320041,320041,2
52081,386,486,23
161053,26,27,592
38945,138,2124,60
116981,3,200,4547
81413,14,14,424
160989,3410,3410,367
74249,5,9,394289
107461,60,160,34
198201,1133,1265,61
32201,544,544,729
76561,148,149,16
44493,4393,4397,86
194689,200,200,678
193557,4513,4750,547
205469,24945,24945,9
109217,320,320,304
108305,1567,1582,1069
87885,3499,12500,447
200801,2240,2389,27
185481,1500,1500,14
187805,29530,29530,237
198261,60097,87660,296
129017,40000,56181,243
158865,127,127,110
52749,65,66,176
110617,195,404,9
52109,9356,9357,7
76693,263,263,35
56033,104,104,77
38869,2110,2114,29
197769,375,524,248
194573,1026,1090,74
36901,175,778,6337
158205,3,3,7080
9233,38,40,258
112285,309,409,21
76609,3997,3997,18
76685,351,507,110
194541,59900,62660,61
173129,2800,100000,197
172049,20,25,765
60853,24,25,130
33053,99,99,137
20709,1,3,182
38781,14,15,122
52237,5575,5575,5
44157,710,715,31
178017,17436,17436,3
155593,106,1250000,120
163637,35882,35882,9
85221,6900,7028,849
30817,2,2,14139
198237,1737,1737,840
5117,99,199,17
142117,500,5500,6603
192961,30624,37088,1417
191525,9665,9672,3247
112157,1547,1548,509
193237,12301,12400,227
9357,2500,2500,4
128553,24348,27385,946
199057,168,168,61
20677,93,93,125
3169,556,556,28
10593,1201,1999,2491
173161,11703,50000,1334
201421,7700,17917,2573
193217,121,415,299248
133593,50,50,1797
40141,2837,3037,28
140265,894,895,21
204729,500,519,3106
182737,25,25,146
178549,238832,238832,20
128717,349900,349950,4
136633,400,465,3524
2605,4,18,12346
6317,9950,9950,164
13453,1996,5999,524
52113,395,395,30
4557,15599,15599,34
192941,12400,29900,212
31917,300099,1110900,10
198505,4030,6514,262
38817,11,11,220
182713,272500,275000,12
40073,199,2999,1112
25437,15,15,66
142335,2,54,60735
44739,350,350,118
168791,55,70,36
188791,2500,2500,10
197755,292,400,89024
44759,143,144,45
18223,62,4800062,85
197759,25,48025,1203
4407,170,300,159
38887,6500,37068,27
74703,1558,1558,31
783,200,999,1924
173043,3,3,200
129019,35760,68291,245
64395,15000,20900,53
22831,3099,3100,576
112271,7393,7393,13
25451,14,15,192
213031,266,266,3
199195,1400,2149,2084
127843,100,9900,308
18567,200,549,2505
111447,13,13,810
188827,800,800,28
132199,295,295,171
60491,85,85,6
153431,244,245,68
24291,692,2122,236
201415,989,989,10
40067,1448,1450,57
198283,12500,12500,1722
61979,1470,1470,14883
169135,41,48,82
183203,8865,8865,6
188683,1599,480090,19
139315,80000,100000,390
82451,100,100,10
76527,297,300,61
31915,266,275,15
6303,1,100,3033
163911,89900,89966,2
191383,5922,7200,44965
4607,1,1,46
139783,199,200,13
12203,3,792,10725
192691,6699,6849,4
27671,195,4000,4683
43571,2,2,663
192907,590,1500,337
192723,2299,2299,4
199059,1854,1881,56
138383,291,293,40
34767,340,340,38
52151,72909,72909,1
198291,58800,190000,8
74647,200,299,293
29547,8988,9117,1522
4599,1,2,65
192927,12800,17870,36
193935,33000,33561,132
108343,82,17200,766
22527,3,3,142
62435,56,56,56
4395,2509,2509,40
3171,15,15,20
200575,498,8023,360
77531,6050,9900,181
44155,1000,1000,7
24231,150,174,102
67335,12499,12510,700
122347,19,50,177
128999,20090,20090,56
147119,95409,150000,275
23111,70,70,38
29539,13990,15673,3212
163563,401,411,13
163143,429,429,45
192695,1985,1985,71
158771,100,186,218
199983,499,500,139
137239,33992,71778,190
35799,67,68,25
176867,60,60,8
19231,900,900,17
52759,10,34,76
13759,1100,1222,1787
198223,900,1889,553
38971,83,83,25
38827,540,540,33
140347,85,85,63
199055,971,9090,913
90551,4800,4899,63
28059,195,200,3
172347,60,71,664
40055,8000,8000,1
19283,8000,9500,15
43491,898,999,402
27439,100,155,1970
56551,44900,44900,21
116119,9,11,64
52155,249,249,5
191379,415,100000,1938
76559,136,136,29
32839,999891,999891,28
203407,29000,29000,18
52767,65,65,66
8343,22,23,10748
172903,89,89,81
191499,9702,9702,75
165755,25,75,738
192841,225,1500,4258
49397,1510,1510,12
159785,1485,2990,275
204701,68800,79900,91
197749,30,113,3083
204613,23500,23500,28
192897,380,537,71
6889,400,600,5126
6373,650,658,48
158821,140,140,81
38805,70,655,21
37145,592,792,26
61997,549998,549998,10
76553,111,112,42
200029,42400,47915,1027
200789,3100,3100,26
132753,13,13,376
154881,99,200,1081
153625,486,486,7
110621,190,286,40
40109,2074,2300,200
109629,140,17200,683
43373,1700,12500,455
15869,50,65,112
200021,6093,6095,2085
192953,349446,86050000,4
192673,160,160,32
199989,501,501,83
143853,49499,49499,22
118061,350,512,1746
190313,2475,3922,45345
197849,77,89,1464
53065,2999,3119,2008
23381,9,9,4
76545,459,459,12
193029,2185,2185,18
109133,97,197,2221
23785,9600,99999,755
153445,16782,23874,49
20541,94,106,35
56049,99,137,10
132217,271,407,54
25897,10000,17576,15
198317,980,50095,1335
3669,500000,500000,2
128545,6897,7520,65
76669,2175,2175,42
180405,99,100,21
194681,229,254,89
61989,80075,105075,26
199961,510,510,38
38993,699,700,31
79869,79900,95000,692
71845,115180,115180,26
102541,76,275,499
13445,1899,2999,238
194813,4200,4478,410
23385,700,700,28
153617,9544,9544,16
141909,21157,26959,85
52225,19099,19099,12
128837,500,500,38
136857,147685,152874,8
154989,13157,57500,1058
153709,1372,2428,126
38833,15,15,117
19701,325,20000,2355
4389,1170,1171,323
128985,1500,1500,22
6041,16890,16890,41
200813,658,658,73
52329,900,1687,23588
194809,117345,250093,173
132197,7350,7350,5
171829,200,398,10187
3825,5314,5597,280
68357,8484,8484,6
192887,6490,6503,122
173083,5900,11900,65
192663,165,165,10
43551,2499,12500,153
204235,20,20,264
53051,48,149,704
58259,20,86,86
173871,36,36,45
132219,1193,1193,18
154887,99,115,809
203763,777,1000,1208
200843,4372,4372,6
182459,197,300,53
203415,7020,7060,282
24027,6500,6500,9
52687,34,34,25
80595,86,2049,1416
154891,13,13,2131
106867,30,30,231
3383,20,1999,1103
36907,249,283,26247
27503,30,33,38
138979,300,390,1940
22851,362,362,107
154707,145,1509,1356
197767,303,306,6953
93707,19499,19499,7
213179,2024,2024,1
177715,23,23,194
2459,519,2109,4021
76639,900,1025,65
116979,1,1,1576
132223,265,265,32
158823,288,288,13
20963,1200,3372,1894
81403,12,500,102
153479,999,1019,430
192931,12049,19897,44
133567,46,48,506
58263,10,500000,275
23571,93000,93200,341
200827,10500,10500,11
90043,2450,2450,7
139311,74900,150000,293
45191,900,1000,20
173075,16869,16869,36
201327,30000,45602,49
149755,7000,12095,1356
158867,300,300,15
11291,50,133,10718
67403,200,250000,10
53067,1025,17200,606
172043,13999,14850,10101
87647,999,3053,106
193567,3185,5900,3626
13159,2,3,50
116923,100,190,101
53039,27000,27398,594
85583,842,991,1393
139339,28001,59788,186
194827,65000,65989,224
40919,2000,12500,495
158831,145,145,58
41731,6,250053,194
37603,1390,1390,15
128843,19,19,10
163691,22,22,43
8959,20,20,101
132183,287,287,42
182119,15049,15049,7
37143,600,693,52
38831,2427,2428,43
20419,545197,545198,11
195463,300,380,232
16005,1247,1247,84
39933,4499,5000,32
10305,80002,80002,1
193389,170,272,32
181713,184,184,15
173049,400,400,41
67401,35,36,3
171289,399,520,5080
24477,8,500,8451
74641,783,783,381
76677,324,522,25
201401,1465,1672,8601
38809,320,1394,36
142101,3100,4090,35
76513,499,500,19
56477,22,22,27
177661,68,68,12
38825,10,10,141
18045,35,35,91
3577,2066,7168,7803
81889,1081,1081,39
139289,44999,65692,199
200777,900,900,60
38853,1108,1108,43
4341,5,10,11093
3665,2,2,464
193945,400,39434,4460
20873,1773,1800,33
20433,5749213,5749213,5
137293,30001,125000,152
25521,9900,9900,27
132517,70000,71500,26
173089,12350,15000,15
128793,66,66,43
153713,316,316,177
187829,51282,51282,29
131729,26,26,2414
200045,70703,70707,123
19261,6092,8592,23
67277,195,195,22
9317,398,398,3
199953,700,1549,185
95481,25,5025,378
31889,28898,28898,6
198281,1100,1100,38
152505,200,523,24114
113277,19900,19900,6
127837,848,20000,102
19281,20009,141693,21
13365,450,462,2
2841,300,550,27938
55981,300,1290,15
10505,16,19,11775
38965,20262,20265,14
109625,54,17200,309
39341,1239,1259,4678
194049,517,480090,6414
76089,120,999,2227
38801,575,576,7
200105,69,69,18
124113,118,641,77152
1205,2,2,214
183953,240,338,2460
175957,133,133,12
6305,444401,444401,1
32601,25074,38174,9
71869,27113,27211,26
162981,595,895,25
193229,8817,8817,2024
173761,49,49,30
107393,2696,2697,14
29393,18141,20100,124
198497,5000,5000,38
89893,389,999,1273
537,65,65,3
38889,28013,28013,36
12223,23,95,7065
24051,1999,2475,34
192655,177,177,75
112179,600,600,7
28459,6900,6900,17
20871,83,90,70
176087,39,39,56
35951,19,20,159
205459,1086,1086,63
194819,200,200,11329
112279,300,10000,16
199991,528,530,108
77543,4500,5500,40
192847,215,323,3519
25867,47023,47023,67
200019,33089,33089,1385
79251,145,535,71621
38951,38,38,99
200531,69,99,120
39151,1044,1945,9769
38375,75,75,43
52135,10000,15352,11
173079,4750,7500,40
200451,300,300,9
198215,2908,2908,1869
191503,74,76,1935
154167,1492,15196,596
192727,2284,2284,13
38879,719,721,19
74919,205,205,217
53643,850,950,28648
173095,11875,12500,12
38427,12854,12854,16
194731,700,700,99
124111,123,4050,15137
2679,2,2,913
200779,38535,38535,47
27635,2,42,130
200035,5300,5389,774
22847,329,365,762
141527,19,19,135
39915,100,100,39
74655,4500,26596,258
176807,138,138,24
199963,1483,1500,24
192883,730,745,3800
43015,195,300,45
172439,325,335,7777
23095,70,75,190
46023,55547,55547,6
130247,99858,99858,50
5263,1,1,7
32215,476,477,116
110619,105,269,41
198419,114,114,13420
27667,45,45,32
158839,34,390000,200
191471,2900,3245,90212
44315,2029,2029,64
171263,35,35,125
39919,443,443,13
153439,99,162,1221
3299,1,1,40
25427,99,99,13
8483,50018,50018,23
39527,2800,17200,58
173859,19,19,310
118391,5,5,429
76507,429,429,19
200059,79294,79294,389
163855,542,542,12
194791,40076,75176,91
43535,5447,12500,453
38859,357,362,72
771,50033,480033,38
194071,4000,4000,43
173103,9499,14000,21
43107,1720,2853,4946
104099,320,65000,754
22871,123,123,13
60397,2000,10000,32
41453,150,166,5
163109,2663,2803,32
76577,990,9390,15
110653,3386,50087,25
193249,14880,17005,1549
52085,1000,9998,19
40217,750,1142,13
158773,127,127,86
52141,23893,23893,2
38921,3977,3978,43
132185,1531,1532,11
198621,59965,190000,149
39005,537,538,11
213377,780,1080,7
171273,199,254,206
45881,39999,39999,1
115353,78,78,8
71825,34955,34957,26
158853,2200,2200,2
2321,2,6,78190
173097,10000,12400,38
40105,4697,4697,6
108361,9814,9814,42
175069,55,55,19
72985,170,170,2588
187933,75075,139900,330
52161,465,465,5
108301,487,1189,167
39569,988,1000,20
44453,316,318,76
38561,1708,1925,8874
33093,4585,4585,10
32717,74500,74500,633
43109,610,1499,5083
173081,4951,6700,23
204909,300000,949999,10
193941,1900,1900,1
205461,195,197,11
174349,30,30,736
74649,1900,1900,126
192833,227,228,1002
173361,127,158,18
133553,51,52,25
76141,522,11098,1445
76505,200,300,9
3389,375,375,47
192901,178,178,14
59029,35,38,9
76653,188,188,28
109141,49,93,24606
32685,99999,99999,58
187701,2500,5495,67440
77589,54,237,303
79313,300064,300064,1
190329,10400,10800,85849
168593,15050,15085,227
192869,14599,14599,7
41601,1075,1075,200
76533,120,120,21
130221,3350,3495,12
205793,760,760,41
83157,2,945545,166
180733,800,1088,3273
76521,218,220,18
41461,200,200,16
199977,548,1530,346
137557,1088,1088,90
136565,995,995,6
110633,487,490,16
13933,10,10,36
8949,444,700,183
198233,11313,11313,236
39965,100,100,9
169145,67,67,26
124661,5000,7001,216
52781,7682,7683,61
25429,499,499,20
52229,2089,2090,3
7073,77,200,218
153621,400,400,3
1645,2,6,402
38769,92,92,46
88493,889,999,673
158873,2000,2000,4
34761,7,7,7
178113,39,39,38
38973,1068,1069,120
38813,4531,4535,55
40041,1180,1200,169
114017,10,10,47
74705,1500,1503,29
5525,1,3,475
18233,800,800,5
163701,29,29,34
192877,420,1351,7618
109221,53,65,753
19273,2475,3000,27
38905,185,552,34
168649,838,1785,329448
200009,55000,63200,50
83765,15267,15267,34
153673,1000,1000,5
13465,391,1281,36184
200113,15895,17844,80237
194829,1525,1530,10838
31913,40000,50000,8
5373,7033,7033,2822
52785,6955,6955,32
199937,700,750,51
192629,59,59,339
184341,921799,921799,21
127841,6541,6541,231
36929,170,5000,1145
179285,100,200,19
22845,6289,99989,575
52089,124,13999,66
163149,60,70,32
153441,298,309,78
87277,357,1049,3283
191369,5574,5574,24
62013,122288,122288,13
178133,43,43,205
112177,2153,17200,157
108297,198,17200,731
43233,765291,765291,15
10561,500,4584,1039
38373,2090,2095,39
80593,1318,1500,1149
24273,92101,92801,4
132509,2500,2500,59
193385,161,161,19
112281,355,355,11
38929,10,510,450
169117,10564,10564,31
200851,8800,880000,21
200579,3000,4431,272
33447,100,1000000,964
38883,5654,5654,11
81203,84,84,38
192899,563,563,6864
152503,100,100,36
5051,437,99960,394
62271,120,120,90
44143,695,939,43
39671,586,587,45
72095,7200,7669,4958
190531,5908,6995,2751
39975,764,764,4
19223,1,2,1912
104127,1386,12500,93
129099,420,420,39
152615,19800,19800,293
193391,168,168,12
55975,3,480003,72
4399,4,4,5622
193551,200,420,2884
198299,105,105,23
38987,695,697,11
194863,23900,23900,6528
194579,700,1974,1603
20875,64,65,131
38431,4950,4950,29
188835,200,480000,127
163707,2114,2115,199
6807,4,4,44
199995,508,525,942
153031,72999,145000,244
198311,2000,3228,1043
62527,2240,2240,15
176887,4800006,4800006,5
184051,33303,33303,4
18335,135500,135500,661
3727,23,23,23
38895,1764,5294,15
3167,2,2,37
155615,36,36,56
198175,3100,3100,177
192851,268,269,2027
37467,12773,12774,17
128839,565,565,105
162027,15000,100000,96
76535,127,127,7
172407,44,45,124
168487,980,3074,9988
2683,2,2,80
198255,170855,170955,358
128539,999,1000000,40
198507,2000,2000,3
153707,2705,2869,155
52127,3285,27813,3
38771,10,17,349
191363,500,585,7499
153631,1500,1500,19
180881,255533,255533,1
10457,300000,300000,2
25421,14,14,30
76641,298,724,28
108333,400,402,1603
18633,75,75,84
113289,64,17200,1210
34757,398,398,33
44953,190,999,53
62661,200,200,9
172357,20,20,82
191493,17456,17458,173
4461,1600,1952,355
13757,349,5999,1261
39957,478,478,134
34861,80,85,143
58261,16,16,57
3301,2,25002,73
44465,316,1739,11
153629,4900,4900,7
67397,500,501,4
2325,8,12,18212
213201,2200,2200,1
32209,299,375,12
34053,155,406,1324
112093,69,69,91
89737,115,118,59
201205,95,95,7
183597,119515,119515,25
210841,1000,1000,1117
62277,24,24,30
141333,2525,2525,50
189153,1171,99999,455
209033,244,244,13
184097,6000,6000,386
110645,2760,2762,99
62421,100,100,227
87577,188,188,439
111449,24,24,103
15409,99999998,99999998,18
155813,150,150,55
136825,39700,125000,113
200837,9499,9500,17
41805,950,1500,1523
20877,61,64,90
192853,580,857,2641
38897,10,10,46
4605,7,8,93
52213,5578,294800,21
44449,238,244,99
191321,1216,4999,123
118901,5,5,25
172365,115,167,54
130181,12500,17899,1527
201209,25005,25005,1
180055,300,300,2467
89639,300,300,1358
40155,789,344800,43
41475,250,250,24
76659,800,800,53
24275,75077,75077,40
112463,12,12,129
15871,25,25,84
176859,36,36,19
62671,866,866,415
133571,40,41,145
25699,1205,17200,263
57099,900,1200,132
20007,2547,2547,566
192619,64,64,110
33555,182,182,1
83095,84,84,17
76887,9979,9980,14
9187,3900,5999,874
32223,175,175,4
19235,5000,5000,18
52763,100,119,68
193247,13300,16250,18046
154127,355,355,172
163919,7000,7000,1
132515,11671,20039,79
18251,1349,1349,6
19275,75000,75000,7
52243,4399,294800,17
3827,90,1007,542
191475,495,750,7882
142103,5000,7074,12
109123,600,819,13407
79307,15000,15000,3
33631,5,5,92
5567,200,2599,13
39991,175,175,9
25707,2500,2952,8716
76699,199,200,21
11415,74,74,47
46379,363,4499,997
116147,100,999,1006
4387,421,421,141
100739,12,1584295,1140
39955,110,113,6
168583,1538,2654,1784
9451,1,1,75
71843,22999,22999,25
45999,17999,18499,5
6451,10,20,457
6051,24,24,131
44815,1555,1563,13
106875,147,147,17
132211,3499,3500,26
195459,100,100,58
182775,800000,1188000,4
128987,55448,55448,30
13935,135,142,68
200795,753,753,52
6887,1000,2500,1048
2871,15,19,305
62275,37,124,8
111603,4,5,1990
155603,100,250000,837
116271,1175,1670,21913
191375,512,19800,548
193031,630,632,10011
58267,12,15,243
22203,12000,12429,170
112301,77400,77400,10
76569,193,194,29
197785,1499,1717,8458
130201,366,371,52
144329,37125,49900,97
2685,143,143,15
71857,153424,153426,28
3829,7930,7937,498
200845,19900,19900,15
122345,99,236,74
191505,5875,5875,39
188681,300,480000,43
5633,2971,2971,34
30457,5,5,21
163077,14,15,140
199997,687,698,52
41445,1814,1814,10
191509,35,37,382
39001,300,300,33
38961,95,238,45
144397,1544408,1544408,4
204845,500,2000,2634
208189,450000,464642,422
133561,30,47,76
38793,20,170,403
158757,20889,20889,1
40177,3600,3600,39
2449,361,725,23943
38873,44977,50089,112
76525,515,515,32
52105,399,500,13
186677,50000,72500,2
2665,1,1,3530
36917,213,3500,2332
76549,148,148,23
6261,11,20,12138
52289,6712,6766,25
33629,24,24,7
6297,349,422,10
39953,2413,2413,3
74717,130,133,109
183109,141075,141075,7
38821,1746,1823,20
74845,1199,1275,1964
106825,214,215,45
38849,471,472,39
23765,570000,570000,8
44773,294,295,9
201409,239897,240000,528
43321,2450000,2475000,4
213045,300,300,3
2457,1398,1399,428
44285,8939,8939,5
52157,18979,21179,6
112185,19109,19109,29
12213,9,24,45
39357,100,100,9
190881,6898,6898,5
82445,9299,10000,33
76593,693,790,12
210245,1400,500000,38
129001,1219,1219,15
40025,9892,9942,17
12209,300,300,197
132525,20000,274998,10
171269,374,6525,52
31677,4208,4208,8
20533,84,85,13
41481,117513,117513,8
159873,2543,2543,75
27661,10,10,99
197781,1172,1225,1283
172061,19,196,55
140321,85000000,85000000,29
52761,6686,6686,41
54837,52632,500000,9
176865,41,240091,40
191397,309,480000,2808
111673,46,381,1819
58085,12000,14800,417
39513,145,150,27
42225,26710,35115,90
52783,4213,4228,35
173071,20000,22522,32
19259,8063,17437,16
152507,725,812,20039
194735,7200,7200,32
192671,190,190,8
76627,1271,1371,6
192675,186,186,44
68047,449,875,27
110655,1000000,3336907,7
38767,10,11,80
29571,889,889,6
38847,150,150,82
160611,20020,20020,4
20867,65,8066,67
17119,1,2,1207
92527,4713044,4713044,1
128159,1037472,1037472,2
117475,90,95,2
191511,580,590,28
163411,2305,2305,5
30155,15,15,33
200571,4985,4989,11
38867,10,10,80
171351,373,380,53
127991,888,600000,608
76671,398,5000,20
52219,1000,1733,29
118015,4890,4895,62
32203,469,479,81
38979,273,274,14
76675,445,2974,19
52143,123,123,5
201319,9495,9495,74
140351,427,427,47
153663,7516,14616,474
42751,3089,12500,140
122343,110,110,57
200787,1300,1300,26
193943,25500,25555,171
39003,317,322,22
176391,380,380,10
187711,26000,26500,11
52211,2075,2816,26
5523,85,227,439
77541,6879,6879,10
120293,89,95,47
57065,142000,142000,4
25425,12,12,13
176877,150,150,14
152549,1050,1450,2839
162517,1579,9979,847
69841,12500,48000,8
168313,19,20,736
76517,278,279,35
45201,700,700,1
192657,164,164,42
22525,3,3,6
43005,1153,1153,42
176861,155,155,43
133569,700,799,242
38909,80,80,41
32597,6035,6035,5
52149,49991,49991,4
61993,49988,49988,2
182121,83,98,15
36781,4999,5000,95
7097,90,500000,165
52221,9074,294800,11
40769,7098,7098,267
24057,8036,8036,1
58489,4496,4550,2316
60393,50,74,20
76085,1997,5999,484
24033,179,179,434
52145,858965,858965,2
79101,401,2282,8424
58089,2200,2200,113
191533,2585,2590,74
163549,9900,9900,52
39909,300,300,6
5237,375,400,18
38861,95,95,55
176393,7022,7022,2
152561,49,58,96
173093,28025,29500,36
184049,99921,99921,2
168793,189000,210000,9
1697,110,210,19
108309,3800,22563,151
4365,25,30,301
71833,34983,40084,20
76673,113,522,29
12803,3050,3050,2490
38779,297,297,90
198047,5698,5699,36
204991,25000,5401021,5
76595,13198,13198,13
25719,600,2000,24505
178787,30015,30015,699
117471,85,85,3
52779,1042,1050,73
174383,7499,7499,3
39951,130,135,63
184347,902411,902411,15
38963,544,544,34
198203,384,384,1350
44771,50,50,2
133579,8800,8800,227
52111,2000,3444,5
19931,32500,45900,290
163147,1007,1007,4
20763,1286,1286,28
33443,5,5,82
196583,124,124,100
62663,242,1999,267
76691,500,523,62
163151,350,350,5
76615,308,366,8
74863,398,1900,4453
192895,29,32,261
168959,58288,58294,30
38819,1677,1677,16
71859,12438,12938,13
176855,178,180,11
192843,153,344,1913
69863,1100,2222,5
212767,46900,46900,8
77467,3069,3870,2214
115511,2500,2500,45
111431,100,120,335
1687,100,100,9
41479,150,150,11
200007,15998,19799,144
205015,500000,500000,7
76567,100,160,39
132227,20033,20033,1
151651,58164,58164,16
62667,250,999,485
40039,1300,1300,50
4363,15500,19800,44
163207,1519,1519,5
158327,700,700,113
42701,321,323,43
6149,6,1500,1080
44329,1800,2999,194
201045,380,380,22
74837,400,1999,1085
46765,4137,4137,66
170165,9032,9032,287
127845,1149,5000000,257
158813,191,191,8
107517,24,124,357
180445,41500,44500,170
38845,19,51,39
76621,4996,4996,8
21845,24754,24755,671
33825,1003,1003,38
184393,248,248,11
53049,19,19,198
17197,785,785,650
54449,675,1075,57
62677,50,60,79
71841,22961,31660,23
38773,120,120,128
203417,30095,30095,212
200773,4244,4244,8
193021,10900,10900,622
108353,1198,17200,238
154705,1103,4159,1991
55057,1000,1055,69
52125,1985,1985,13
4265,18,106,250
105701,3579,4468,77
76605,44697,44697,3
200849,2330,2331,30
40057,4526,4526,10
116149,595,999,569
168789,398,398,10
173073,23750,30000,27
160705,4,4,1950
76581,1869,1888,15
117437,96,96,26
124105,799,807,5628
46703,200000,200000,1
109219,300,377,580
158743,54700,54700,2
38839,111,111,31
21023,1540,250000,1706
34207,5999,5999,69
2595,45,45,586
20535,474,499,8
71835,80060,80063,32
201419,1575,1575,7
40195,155,444,15542
37567,25,25,175
162515,325,900,24960
24507,113,113,3
36743,634,792,7
172415,92,99,41
173163,12876,50000,675
4291,4,16,14466
76643,1011,1011,24
5631,544,544,293
19263,5086,5086,8
183823,25,100,175
13927,795,795,5
6947,250,274,72
41499,4850643,4850643,50
44275,11500,11884,4
201219,547402,547402,6
155607,999,999,8
52103,3900,4500,3
201207,1555114,1555114,1
16023,3327,3327,35
198295,37559,37559,1
62523,65,65,7
128995,300,300,137
58275,534,534,8
12435,275,100075,235
168311,75,999,922
38919,7000,9633,68
163407,284,284,42
139347,8714,8714,10
35759,250,250,59
27663,28,29,16
24271,42542,42542,267
197791,390,455,19596
109155,992,2500,215
23103,75,75,5
72235,50,165,10359
111651,111,17200,242
97619,276,276,483
60489,62,62,1
733,10,10,57
32193,489,489,235
138977,216,216,4
130265,1000,1000,32
86073,500,500,57
9261,1000,1100,4
198253,15999,15999,2
112273,9852,9900,6
3401,198,250099,4
191497,3475,3500,61058
74729,121,124,124
62269,62,62,7
132513,44616,47541,43
38881,11530,11530,10
32221,30000,30000,92
38261,100013,100014,8
151609,19813,300000,105
1701,60,500000,46
34765,50,50,151
158857,1500,1500,6
17405,9606,9703,13
144305,2355,4131,50
4537,3,4,147
197737,97014,97014,59
21569,30273,30273,146
184345,353504335,353504335,20
40089,2007,2007,10
58865,417,429,3
38885,6489,6490,56
163105,2000,2000,39
141641,5997,5997,14
41389,5007,6012,63
76077,171,333,2782
62237,150000,154612,9
23573,8500,8800,786
179273,1115,1115,7
168797,227,227,7
38429,189138,189138,45
24053,422,422,22
109585,1900,2198,1493
110649,5495,5498,37
76893,4599,4599,17
39501,274,275,66
44261,7109,7109,8
185737,567,567,15
20817,615,1452,377
3745,63668,999968,17
205237,4800001,4800001,6
204841,4500,4500,5
27441,48,48,18
109137,300,900,10013
41397,155,160,71
29533,236556,236557,17
213041,281,281,2
25813,1100,1103,23
161373,88,88,96
3179,50070,99970,50
33575,24,24,42
115811,9898,9898,10
42459,1990,2323,1331
159787,3385,5000,63
108979,124,124,34
20879,60,64,117
194795,4000,6400,56
173051,20000,50000,131
22447,99,17200,17363
159959,125,450,19344
109991,50,17200,429
52095,100,100,8
4611,1663,29950,226
39947,100,100,44
38927,39097,39098,13
39943,2413,2413,4
25895,325563,325563,24
128551,21435,24976,198
4391,4500,4500,3
40211,1571,2300,383
7067,95,175,8348
189571,254700,254700,4
187827,36619,36695,7
74711,42,120,70
76599,990,990,15
76555,370,376,23
27659,58,62,10
198423,80,100,39950
76687,200,650,37
24059,350,349800,25
20679,95,30000,43
76647,389,5000,26
52299,4501,6765,13
38999,6152,6153,10
9335,10,10,10
38807,10,10,53
41483,155,155,5
173067,19799,29999,344
54831,3,3,91
32063,1299,1789,196
81415,96,96,74
54627,100000,100000,1
174891,3288,3288,8
194723,1974,1975,44
52087,505,3900,57
32199,200,200,46
67319,8536,8545,85
1703,12342960,18671480,2
192687,10082,10082,4
137267,38836,100000,165
38799,15,15,33
192919,31432,39500,1795
197763,114,251,1423
194011,26900,26900,497
162011,180000,200000,17
163103,1040,1040,41
90659,706503,706503,6
31867,1500,1500,116
173875,2139,480039,8
178537,700,700,4
29581,11049,24500,20
3729,3,3,146
43341,99900,99900,1
52769,3447,3447,24
109693,118,140,495235
159825,100,20000,511
198421,41,56,25348
200817,2200,2200,1
143681,57,150000,676
27657,2000,2000,14
86069,14,14,89
128989,22200,22200,4
192701,4500,7000,9
4097,85,85,27
162561,18,18,14
9061,4806,4807,456
19265,1500,1750,4
77545,11800,11900,11
28421,148,2999,219
192945,26578,29203,1319
21213,200,240,1157
112277,630,630,8
163917,39500,39500,1
147669,2200,4197,37
171285,1500,1892,359
187849,37598,37598,91
60389,83,83,22
182757,64461,64461,1
40533,341,1000,1103
204565,20000,20000,47
192729,2187,2188,11
130217,175,175,96
76645,1595,1595,25
108345,17000,17000,251
40133,4500,10000,52
20545,123,123,89
117457,999,999,24
71861,22104,28384,8
10309,399,399,69
156525,5687,5787,300
198043,7599,7599,28
178247,322,322,1
44467,6275,6278,15
22375,10000000,10000000,7
33867,475,475,5
163639,66027,66027,3
192943,90099,99999,124
52083,1283,1425,4
63291,45,50,14
19975,4500000,4500000,9
82343,84,84,23
56159,80,80,2
38863,54036,91827,51
183599,1000,1000,91
159867,15,15,37
76679,194,505,24
29567,4000,5000,13
6371,1188,2500,8904
198303,187246,187246,24
127847,1898,75000,129
195455,501,501,59
193227,5290,5290,8589
58487,8091,15000,171
24067,859,859,9
25447,559,579,10
180307,10062,10062,4
185483,1800,1969,2
52755,1651,1683,37
9355,20,21,2
25411,18,19,40
197779,213,220,1517
40167,1100,1100,14
62651,110,115,102
198503,343,343,5
41333,2220,2870,18
43121,349,17200,754
128997,3133,3133,34
192845,111,132,12710
52245,11574,11575,27
110625,972,975,24
12217,19800,19999,24
204837,350,362,2
162573,970,970,5
6457,2,2,46
196585,2433,2433,109
139389,145001,145001,12
156873,5019,5019,4
39945,95,113,6
178225,700,700,33
179277,904,904,13
41377,12500,16000,13
112165,4795,4795,38
28101,99,108,192
30813,176,176,26
52777,834,1717,107
6949,100,100,2
40173,3000,3000,9
71853,21499,21499,12
128737,209485,209535,2
2725,50000,50000,1
52181,2595,3053,924
5473,17,17,20
5329,60024,288324,2
18283,1327862,1327866,8
38851,43714,88476,39
41307,2013,2013,7
158203,284,290,46
213039,600,600,8
188671,2700,4825,326
39979,110,110,31
153615,1200,1200,7
38959,336,336,13
19279,134550,134550,3
124103,511,795,54505
198495,9705,9705,30
52139,25864,25864,1
189143,105,444,17918
63299,99950,99950,3
158775,41,41,78
178551,500,650,12
137191,100000,100000,113
39935,110,111,11
187823,27500,27500,61
2863,17,50,767
10647,35,35,990
39683,17800,17800,176
130203,19636,19636,18
38871,45689,49249,66
178175,220,220,3
69839,19500,500000,12
168191,372,380,540
39907,228,234,35
7071,1299,1299,135
15415,50000,79900,4508
200839,8000,9000,84
32067,465,1499,1087
76575,2187,2187,11
74723,501,607,58
179019,29,29,2
71839,46830,46830,19
179295,90000,90000,3
166419,100000,100000,6
187887,70007,300000,441
43001,143,143,864
76529,826,9226,11
213277,10000,10000,3
30513,20,20,1
62273,65,65,15
191357,3498,3899,479
151389,1200,1200,1
158777,30315,30315,1
162569,150,150,4
9333,26,26,8
13461,592,598,221
204621,678999,678999,34
55985,361,361,39
54849,2600,2640,3621
76541,100,174,9
130245,68999,70000,27
44781,10099,480099,92
185477,2367,2367,1
29561,475000,487500,4
178173,122,181,20
24061,242,242,3
204709,660000,959999,64
41473,4499999,4499999,4
205417,7,7,11
32409,30064,40064,18
168641,597,100000,108
54629,100,100,5
46361,5499,5500,5
90561,18011,18011,24
11285,60001,60001,1476
55055,4025,4025,18
68055,3751,3751,2
52223,4183,4183,3
186975,25,48,63
192707,5783,6000,7
173911,2599,2599,1
153603,14067,14167,10
58279,686,7586,23
45195,186,186,11
52147,17478,17478,6
17403,39445,250012,43
52215,1065,1065,2
79299,275300,275300,3
191467,84,96,32492
163395,750,750,5
5871,500000,500000,1
93351,399,650,87
76895,4700,10713,30
136375,1606,25501,27
171315,1350,6440,2109
29563,90,118,131
184391,294,294,16
52179,2200,5500,362
197851,490,490,275
3775,95,225,15
24039,250,250,2
13467,385,639,10400
38823,5201,5421,35
194695,499,499,50
44455,160,448,30
176875,187,187,2
180475,692,692,1
6455,100,4500,41
44963,4400,4500,39
81195,3,3,16
41395,9900,9900,13
185479,300,300,31
195359,15,15,7
69243,23000,23000,3
71855,22906,22909,15
118899,1100,1100,7
52295,5064,6664,13
172503,96500,96969,3
115815,80343,80343,16
138295,8415,8415,4
71829,70307,70309,21
200633,30099,30099,21
44761,2375,2375,139
52101,600,649,9
40153,3400,3400,306
33081,1682,1683,17
180309,2199,2199,10
77101,15000,15000,776
168417,80000,87000,257
153609,2065,2065,10
183205,4439,4639,2
163157,471,471,1
38893,4995,4999,56
76597,6435,6435,4
44757,455,455,69
158377,22,25,14
191949,40,42,2497
76537,188,188,2
158781,2110,2110,1
44573,118,118,13
44497,3020,3343,15
65365,4000,13161,2879
60405,25,25,76
200805,9665,9665,7
52297,6407,6407,7
168449,19317,19318,130
133565,17,17,98
177841,46969,46969,4
76585,27842,27842,1
206969,13700,13700,149
35949,288,288,287
41285,12000,12000,15
111437,211,211,260
11409,77,77,23
191873,89998,89999,138
201165,103,103,3
35761,2628,2763,23
76531,149,149,17
12735,21,21,11
128735,175790,175790,3
199959,579,579,25
158811,500,500,4
76635,594,844,2
52303,30046,35046,106
189155,1999999,1999999,40
182715,315,315,4
38923,237792,237793,33
68687,999,999,171
153015,898,898,39
38835,2197,2197,5
112095,25000,50000,3
187911,45732,45735,39
4367,190,190,13
158795,1600,1600,5
205411,23486,23493,9
204827,1517,1517,48
13363,400,500,4
74715,27,33,28
132207,937,937,2
163019,180,180,26
54291,550050,550050,6
178103,58,58,6
86599,9999,178799,8
126935,6490,6490,29
8151,3500,6088,209
38943,200060,320432,6
80431,2000,99999,958
37713,277477,277477,1
158789,2253,2253,4
52173,7500,7500,1
8393,3500099,3500099,5
44617,519,519,5
127761,250030,1582100,21
162565,19,19,12
11393,33,4800033,78
23529,798,2999,330
205173,270000,270097,222
117469,954223,954223,5
2745,62162,62162,4
52233,3096,3096,9
52137,524,524,2
162681,388800,388800,4
132225,2000,2000,2
104341,888,888,15
197857,150,150,114
52301,9917,9917,14
4585,6,6,13
136597,300,300,1
112293,400,10000,14
176873,200,200,5
179985,100,100,2
62653,30,30,74
52217,1050,294800,13
25901,120,120,27
22861,6500,7200,114
81917,1096,1096,5
59231,300,300,3
10559,749,9953,845
18255,601,601,155
35503,135281,135281,10
83007,375,50000,79
198211,140,252,529
32423,298,298,30
38903,48138,48138,11
193387,251,251,2
779,701,701,1
39959,3567,3567,13
205699,185,185,5
13455,1494,1555,864
183955,980,980,1276
40035,2800,2800,20
213387,1687,1687,2
52207,20000,20596,7
29799,500,542,33
76591,2531,3740,7
153611,3000,3000,1
173091,7500,10000,28
61995,75000,75000,2
44263,400218,400218,7
162551,300,300,10
163387,2543,2543,18
184343,6323271,6323271,11
188795,27500,35000,9
43647,399899,399999,217
62673,60,70,77
68785,18548,23169,22
182797,15000,15000,2
163569,15,15,86664
127713,2499500,2499500,1
128993,3510,5297,33
17021,850325,850325,5
31885,135375,135375,11
961,2,2,11
173125,1489,213026,5
173109,450,500,1798
109153,1599,1724,523
158797,2000,2500,2
44753,135,135,5
194693,47,47,32
2519,8034,9234,2375
53063,468,17200,434
74707,57,74,808
198199,5974,5974,50
3391,2400,2429,1686
198619,24999,24999,2
187635,808,1200,184
205171,1500000,1500000,2
62791,49,1112,26077
116811,150,575,97
112299,2450,2450,16
112295,9000,10051,8
52163,300,300,2
205471,264,264,2
110631,294,327,21
192903,150,150,94
20531,474,475,4
147775,19800,54148,18
52131,100,350,2
213203,883,883,4
25651,5095,5164,9
54625,1,1,7
39917,520,520,8
68741,9480,9480,9
133577,200,393,284
97161,117,118,18
173877,149,169,10
158869,130,130,6
178217,19,19,39
192705,2198,2198,10
32453,20000,20000,42
21721,70,247467,93
210821,119,119,30
37101,63,63,80
45621,187,2999,320
13929,9317,9317,10
128547,4011,11188,50
110627,2100000,11777648,18
42931,375,400,171
213035,247,247,1
27935,2500,2500,1
198499,4700,4700,274
108391,5596,5823,85
76607,33988,33988,13
153607,14200,14200,8
76891,5326,5330,15
56035,271,1999900,50
128719,194795,194795,3
152639,2800,75000,251
184283,200,200,21
52239,550,294800,6
192955,32000,32560,985
198231,676,688,9
171203,2499,2499,12
40135,6200,7200,18
152867,166,166,2
213043,376,376,1
79291,120000,120033,9
41443,99,99,11
136555,19,19,5
35315,40284,299800,25
41463,1913,1913,2
52227,9089,9089,2
76573,1881,1881,13
54469,7500,7500,1
22849,810,810,28
178221,32522,32522,1
6453,5,5,36
41497,15000,15000,1
22373,299901,299901,5
32205,595,595,524
59229,500,11342,30
52133,433,433,3
23445,2898,3087,1089
58145,311,320,535
53069,53,17200,578
124125,500,17511,43
12215,60,60,44
167043,6260,6260,5
41495,500,500,4
44291,5823,5823,4
199939,48500,59678,370
158759,2216,2216,6
153647,10027,23327,16
33451,23,23,72
161347,19,19,2
28119,10900,10900,63
4235,8939,19999,3116
190331,9111,13099,105645
44267,776160,776160,7
172419,85,249,27
8951,965,965,64
41467,100,100,10
161383,82,82,19
29559,2018,2018,68
52775,1772,3311,31
4787,6,6,76
200783,3782,3782,22
179291,125948,125948,4
178129,183,183,3
22841,12100,12100,38
108649,88850,88850,3
63313,8500,8500,1
52209,800,294800,51
39525,1000049,1000049,2
163083,22599,22599,142
104343,205,205,9
176871,121,121,12
128015,100000000,100000000,10
190235,1019578,1019578,130
151431,47000,47000,12
110635,336,337,50
200791,5000,5036,83
204835,12200,12200,2
105711,2579,2679,40
41595,33384,33387,1518
19227,500000,500000,3
2751,50000,50000,1
158927,3500,3668,22
113135,100051,100051,2
200619,60000,60000,1
44279,495000,495000,11
162663,198,199,3
62239,393,393,10
63303,458,458,51
34747,1876,1876,30
30355,1306,1306,40
202315,1300,1488,222
40079,2996,2998,193
39927,93,93,13
20435,157000,157500,7
76695,5000,5000,30
179003,200,200,7
6359,599,1000,4458
108363,11100,11100,12
200567,10173,10173,2665
40095,1842,1842,1
110647,3509,3515,38
24035,2032,2032,355
114001,1250,1250,4
186726,465,465,152
71881,249910,265645,28
10940,84,98,19610
152547,1680,99900,26
168216,843,4890,61216
15412,310,354,6140
160582,572786,572786,2
38430,10089,40168,43
61994,201892,201892,1
79292,69352,69352,2
12360,26070,26070,2977
79297,48524,48524,1
43009,142,142,2463
36923,124,900,2648
22457,9749,10052,3307
63296,42119,52648,10
180410,32107,32107,2
23079,214,2500,2488
200033,7176,7799,8188
200031,4033,13833,282
200039,5100,7500,4101
200038,5000,5000,6427
200023,12017,12222,3246
160709,225,225,1220
213210,273,273,1
212763,593,593,5
204308,59,59,19
76138,1199,1500,67
168498,72000,75000,115
174327,1503,5000,1133
113263,25,200,4036
194737,3265,3266,209
191939,49,1224,6244
72234,50,155,29657
8924,106862167,106862167,10
76625,3182,3182,2
21177,500001,500001,178
17033,1000739,1000739,9
71840,21900,291389,22
71868,13904,14990,40
23771,199,1500,274
71848,22986,22988,44
71865,13402,13905,26
71864,11987,26668,40
71871,11985,27211,35
40130,2300,2300,26
71820,24986,24986,19
22823,1597,1598,103
71837,36980,36980,24
34907,226,226,6
8068,5115,5115,908
11385,2,2,13
12645,3231,3231,11
38706,107,107,15
199969,14702,14850,38
38930,95,95,33
58088,30000,34249,719
178535,2110,2110,1
74720,30,333,83
45056,9024,9026,35
38882,425,3565,19
103797,127,127,44
59477,6700,6800,34
59493,46500,47000,48
71851,22999,31660,15
155907,100000,100000,2
22825,200,1999,644
46377,1339,5999,285
67415,94,94,298
76075,255,16525,221
40077,178,178,100
75037,20041,20041,8
71817,24896,24897,23
71823,39944,39944,40
71849,24999,24999,45
3382,65,65,248
185968,80042,80042,4
188789,189829,190000,9
183204,3085,3085,4
178177,15000,20000,4
136563,16,16,2
62007,20075,20075,7
79295,4000,4000,2
62001,89999,89999,3
136566,13,13,14
79312,100064,100064,6
141318,1519,1519,1
141319,2000000,2000000,7
169446,100000,100000,8
11387,1279,1279,2
44268,28425,130953,14
40127,16500,16500,12
128736,666431,666431,1
74651,1568,3268,120
41444,1157,1157,10
59479,10000,10000,14
41439,375,525,15
41489,113,113,3
41464,113,113,3
59491,900,950,30
40120,20244,20244,20
119099,2201,2201,2
34756,100,100,90
194562,423,899,120
62279,267,267,1
129288,5832,5832,56
44287,11273,11273,5
129287,4517,4517,24
119096,1627,1627,1
112291,900,10000,10
129285,4127,4127,11
163053,1433,1433,4
18944,16327,16327,55
163050,16602,16602,3
71867,11985,26668,44
140567,64969,64969,22
44327,400,2999,440
88487,399,399,18
38901,496,496,9
63310,8000,8500,3
178123,3000003,3000003,1
40171,8000,8000,12
40157,1846,1846,13
199965,40000,40000,2
113992,1000,1000,116
40129,3011,3011,18
147777,1348,1348,7
108355,616,17200,424
52241,2554,9054,21
162556,874,874,103
76619,585,585,13
194122,10066,10067,20
40013,3887,3970,8
40106,1475,1475,6
52169,50000,50000,1
52216,10494,10495,5
71838,37982,37982,16
71870,12437,12940,12
71875,20933,22136,13
71877,18934,31627,38
4093,524,524,1
128725,87933,87933,3
4877,5800001,5800001,1
74706,48,999,118
74653,325,350,95
44775,238,238,2
28461,4150,4150,5
40040,6564,6564,14
52162,100,100,3
52244,9524,9524,19
194688,1091,1091,45
178216,20099,20099,105
195456,299,299,7
128851,5098,5098,56
159875,500,500,5
34753,200,843,4
40016,2414,2907,7
41470,126,126,5
187812,12622,12622,8
44265,11477,11592,25
61999,36855,36855,4
40102,10018,10018,13
41335,7028,8028,7
5375,100002,100002,1
41496,900,900,1
34860,122555,122555,1
770,175,225,8
158844,44419,44419,3
4867,26,926,5
90047,1999,1999,9
191510,338,338,70
44208,2445,2445,4
128979,140254,140254,7
44768,285,285,9
153623,3500,3500,1
153219,118456,118457,45
71873,11990,27113,52
25441,100,100,21
173048,30000,30000,37
147210,54500,54999,3
47831,1500,1500,17
207087,122342,299900,730
5113,4,4,6
180622,8888875,8888875,1
33576,19,19,3
63316,19500,19750,2
63337,8500,9000,6
63343,29000,29500,5
59594,9065,78038,9
107663,5897533,5897533,1
56036,150,175,13
36809,300,300,1
177025,5097,125098,65
56051,7202,7202,4
208187,800000,850000,20
33553,10000024,10000024,3
92550,999900,999900,3
76557,378,378,3
6986,9601,9601,3
16040,4995,4995,93
62660,350,350,20
24036,12174,12175,22
162664,49999,918297,2
39939,3435,3435,153
23769,32900,55004,1243
194736,950,950,27
161126,729,729,56
3180,103,480003,27
76616,1477,1477,17
100735,74969,74998,4
55976,1012495,1012495,1
212774,1912,1912,1
213212,4000,4000,2
36811,34,34,53
41337,12,12,48
162677,20064,20064,2
200821,7493,7493,5
205871,22636,22636,1
200532,360,360,3
36814,80,85,20
128835,87,91,61
115804,188,188,97
32758,19938,19938,1
18645,720,720,106
45197,125,150,5
185478,270000,310000,2
103795,1198,1198,19
87240,550,750,25
87244,5001,5025,23
87248,20093,20093,18
18262,1150,1150,133
178223,9608,9608,4
7965,31,31,9
3241,95,95,75
67323,1100000,1100000,2
69955,82634,82634,2
38584,269,269,8
193561,7951,8031,26
205044,1300000,1500000,9
86597,19976,19977,58
4880,999999902,999999902,1
179292,2079346,2079346,1
200623,1701056,1701056,3
18631,4610,4634,425
52186,2500,2800,30896
115803,887,1300,71
31912,1000,1000,13
157798,4200005,4200005,1
18232,4150,4150,611
168755,1650000,1675000,14
205462,14000,23914,4
182760,19000065,19000065,6
100734,4998,4998,6
42993,317,317,2
44466,3175,3177,27
40115,3574,4074,8
63292,1116662,1116662,1
38583,74683958,74683958,1
132194,1000000,1000000,2
4096,999999998,999999998,5
29577,11577010,11577010,11
127714,4480397,4480397,1
6298,249909578,249909578,1
67256,3762483,3762483,1
127732,250041243,250041243,1
67257,999999999,999999999,1
18294,2400,2400,70
190236,4800019,4800019,5
5122,480005,480005,12
39218,124,124,12
19937,4800012,4800012,1
76696,3388,3389,62
114013,500,1100095,8
39562,480025,480025,152
8932,32,2489,124
197762,169,170,2887
193952,70,200,8519
192898,350,350,80
32836,5000,5000,16
22840,2420,5999,710
13512,42418,42419,138
13511,30000,32578,128
44463,6336,6339,36
168786,299,300,10
38865,1156,1157,193
9197,5000,5000,151
115807,199,199,16
44947,1063,1067,33
110624,500,500,89
22833,19158,19158,72
74713,13,14,20
180340,100000,100000,1
112184,1300000,1300000,6
68784,34844,37097,20
31895,200000,225000,13
13364,95,97,2
177026,4794,4794,41
44764,2500014,2500014,1
1081,694174094,694174094,2
200815,7392,7392,9
76884,4020,4200,50
33549,188,188,20
32206,5519,5519,9
40125,4500,4500,41
200634,55792,55792,139
31903,4430,4922,15
162674,1000,4300,5
199967,4375,4375,3
41478,15455,15455,1
128548,110000,119999,45
33546,24,24,3
38518,4976,4977,72
39349,1980,2000,28
144396,999999999,999999999,2
68660,440000,440022,2
22682,11922,13764,2196
59496,214500,214500,1
192993,17500,21800,3183
19974,1820,1820,22
151121,41736,41805,58
199193,1550,1550,44
198297,120000,129850,6
79296,750461,750461,5
128011,150004,150004,1
76879,12000,12000,34
13422,3300,9900,1176
128729,88810,88810,2
153435,883,884,61
5569,4,4,1
22866,3175,4215,46
194826,2684,6204,1123
39977,300,300,1
79290,133200,133200,6
28056,2501,2501,3298
38918,5024,5025,37
194048,975,480052,14323
4813,33,480080,34
25440,214,480014,26
38783,200,200,18
63293,97500,97500,1
138384,9572,9572,12
79294,291060,291060,5
128991,39996,39996,31
192910,200,200,160
113139,85415,85415,1
132220,30,31,29
172146,1700,1700,4
52760,9937,10726,20
41456,5208,5208,18
200772,90000,480000,33
40145,2073,2073,4
52743,458,4863,80
52212,17575,18978,26
52108,4476,4476,4
76551,502,502,7
38836,25,2234,22
38834,5987,5987,67
140628,78390,78390,4
163643,731,731,3
180409,2442,2442,10
128731,365337,4800051,7
158868,2000,2200,3
192690,480033,480033,20
38899,1762,1762,3
38988,1595,1600,4
74719,57,58,149
52774,6961,8393,23
38872,37310,37311,27
195360,16,16,3
40165,1900,1900,20
2684,4,4,76
42999,980,980,9
207039,20046,20046,5
153443,9402,9594,143
179284,2025,2025,1
23819,16769,16769,19
37253,505,505,20
52112,4476,6262,2
52293,42000,42000,22
11022,1004,1004,20
13443,100,109,133
101630,8995,9011,46
175241,18,480008,910
182765,1122793,1122793,4
10507,274,274,202
38935,57475,59606,17
52100,8461,8461,2
165733,10224,10224,5
38791,17,22,69
50438,37709,37709,2
38842,296,2234,31
194733,700,700,50
144307,2899,1000000,39
46026,65541,65542,21
3177,4800001,4800001,7
18285,1900,1900,6
11414,2571,2571,6
105702,3300,3579,6
162558,9798,10298,43
38776,99,326,24
110646,3978,3982,33
69772,250033,250033,40
34831,2500,2500,1
71831,34966,34966,18
71836,37897,37899,44
44575,460,460,26
79285,18975,18975,3
40111,4500,394800,29
40128,2859,2859,9
198296,2056,48576,219
41485,104,104,5
115813,12019,12019,5
40143,5500,5500,49
40166,1800,1800,5
40182,1500,1500,74
38269,475,487,2
105703,2500,2500,18
110639,3796,3797,21
44457,649,1191,17
42431,50,50,100
110682,10865,350000,4
23094,916,916,165
87648,680,2127,87
194577,4000,4000,38
168499,18800,75000,248
23826,10000,10000,96
128841,2500000,2500000,9
188947,301,301,1
62521,418,418,42
23737,400,490,103
23827,9985,9985,60
127849,7419,7419,244
198431,831,831,4
203414,30000,43875,142
12644,43,304,1424
187831,100000,100000,287
27502,225,225,2
76532,1000,1000,9
38913,6339,6340,34
72104,47272,48988,3455
136553,500,500,5
63271,5000,65015,4
18230,323,5008,28
38812,257,269,22
49602,1280,1780,246
94535,20,20,1
130264,1400,1800,188
44754,10025,10025,24
52140,319,469,2
52082,500,1000,26
45979,26816,26816,6
159845,746,746,11
38890,82151,82151,10
207023,1800,2099,72302
192992,65000,69800,1393
52754,12220,12220,3
38981,1499,1500,7
113576,26,26,10
5996,1900,1900,256
88491,789,999,836
192665,242,242,1
2516,4890000,4890000,400
4587,10,10,9
192731,3171,3171,1
115809,7503,41103,13
130200,76,76,108
132182,907,907,1
178542,21,21,5
159878,906,906,5
3828,2789,2937,59
163018,3762,4003,2
159872,82778,82778,5
189154,4399800,4399900,41
205241,101,101,31
52153,115,115,3
5468,17524,17525,184
52123,3283,3283,7
9334,146,146,66
52129,97,97,1
28363,6344,6344,260
128720,350000,350000,4
128739,240252,240252,5
128724,350000,350000,2
128734,350000,350000,1
159849,248,630,6
44165,492,492,13
163786,19,19,20
5134,4800002,4800002,7
133564,500,995,1041
23101,524,199800,9
198307,2089,2100,15
151387,1200,1200,1
37159,2595,2595,15
172501,62000,62500,3
90557,2500000,2500000,4
44269,65275,65934,5
44271,1147301,1147301,7
67405,256,256,3
58262,10,10,56
128833,468,468,18
61996,1472911,1480349,6
62000,1465588,1465588,7
195457,2170,2170,60
2686,7500,10000,40
22797,3000,4000,3
22529,3002,3003,62
31909,1100004,1172290,8
89675,3000,3000,5
173191,150,500,1880
44088,1695728,1695728,7
105723,12854,12854,260
101748,11000,11000,1
200680,2000,4600,2
13931,260,260,41
42995,160,160,3
40049,30054,30054,7
174281,178,178,151
163638,26567,2965443,7
38911,2651,1000000,5
4377,189,1090,28675
40001,3108,3108,3
18227,200000,200000,4
27515,20000,250000,12
213358,17500,17500,3
152897,799,799,11
39969,600012,600012,1
18256,9900000,9900000,1
67281,250000,250000,1
198236,2117,2117,12
40411,5000000,5000000,1
128845,219,219,2
40139,200,200,24
67289,750000,750000,1
43521,750000,750000,1
67280,750000,750000,1
115352,9999900,9999900,7
38896,12410,12410,35
15870,90,1588,54
105719,10914,10914,10
105717,996,996,10
200804,3065,3000065,94
128840,19,19,20
194807,8060,8060,301
54832,1,1,20
25548,105412,283097,39
9260,200,2575,681
201312,540,550,41
110648,1633322,1633322,3
34841,2871,2871,8
35314,112,112,7
62520,298,298,210
62451,30,30,1
52291,39353,39377,8
32217,540,540,20
29112,100,100,91
76651,200,5000,17
10646,692,692,16
43653,10998,10998,11
45980,1651,1651,1
45981,92260,92261,4
57193,1235,1235,83
175959,2326,2326,1
45978,151,151,3
63246,2,5,1666
44772,94,95,31
45907,100,101,5
12643,20,20,236
21990,20,20,390
213026,17716,17716,5
114931,325,345,65076
180344,90065,90065,1
210819,74,74,48
23988,20001,20001,30
54630,5038,5038,4
11384,20002,20002,7
38990,493,494,22
38910,2798,9916,15
23331,50001,50001,20
201698,830,830,57
158381,125,130,791
44777,514,514,1
212771,250,250,2
213029,573,573,2
142263,300,1012,2438
76583,50108,50108,19
200855,3100,3100,14
108304,4499,4499,16
39350,133000,136500,16
18512,900,1000,28
40149,10011,10011,2
40147,6870,6870,86
10841,1549,1554,97
101747,10000,10000,1
4655,22276,22276,49
180341,20000,20000,1
87264,120000,120000,9
32948,34077,34077,163
187408,500000,500000,5
34850,750,750,138
11018,4000,4000,23
200807,30536,30536,5
213196,575,575,3
42429,277,277,30
23448,33000,34000,923
198502,7853,7853,112
32470,2500,12000,310
105707,4359,4359,9
105708,5018,5018,5
185910,27500,30000,73
23110,1761,1761,1
23099,3341,3341,3
194691,147,228,8206
105705,6579,6579,5
44087,2509,60457,2
44081,2509,2509,1
180880,500033,500033,1
59596,7377,7377,12
183208,144465,144465,3
44500,225692,225742,16
180623,217,217,2
180338,5065,5065,1
18286,3018,3018,3
108359,20613,20613,80
108356,897,17200,76
198833,100000,100000,16
40028,4245,4245,3
159899,345,345,9
3466,23,17200,661
11389,1533,1533,1
44501,149901,149901,126
160502,230,230,6510
81055,1,13,503
25446,150015,150015,3
44289,4311,4311,8
130192,9,11,43
38908,759,759,24
200767,4546,4500046,123
45199,2040,2040,6
205472,20052,21952,2
63305,750,750,32
9224,2911,2911,69
6358,738,2999,13988
158820,1978,1978,2
28595,222,222,127
76546,371,371,4
62525,6765,6765,5
76547,151,199,7
113142,58949,58949,1
40168,2881,2881,33
152557,27,325,204
82449,420,420,11
23528,3295,3295,5
62005,120616,120616,6
62009,523071,523071,1
23113,355,586,3
61985,8825,8825,20
133545,12500,12500,3
172502,87500,87500,1
40199,655,1499,5045
43330,2204400,2204400,1
139175,4899,4999,131
55983,120000,120000,12
56968,3590,3590,18
4757,200000,200000,3
136558,165,165,29
136557,19,19,7
118592,60000,60000,1
119097,19900,19900,2
119101,991,991,1
178219,1886,1886,26
191504,257,257,318
137643,85,87,2
32833,102,102,9
159792,4350,4350,20
105722,999,999,20
6299,5,5,14
115814,266603,266603,1
197850,4925,4925,77
33639,27,27,4
5427,20003,20003,4
139503,96,96,35
40088,2983233,2983233,1
188685,2367,2367,1
40048,4047,4047,2
112276,5471,5471,3
31869,500,500,1
112300,10778,10778,3
112283,7700,7700,11
194793,250094,299997,201
71883,281381,281381,20
39997,2991,2991,2
208188,195000,327233,20
71832,54077,54077,11
76888,10713,10713,13
191500,7000,8899,1667
52099,4408,4408,1
52247,2585,6514,2
28470,361,361,1
28464,23000,23000,1
28463,1560,1560,1
5477,75,75,35
112111,1501,1501,45
191388,2945,3500,22969
187850,89426,89426,3
4623,3000,5270,22
41398,11018,11268,2
41382,12582,12583,7
34411,100,100,42
12436,239416653,239416653,12
44270,30960,31116,6
198313,1804990,1804990,4
62786,350,17200,320
3673,534,534,8
74652,1015,1015,90
16766,8,8,31
52090,11634,11634,4
162113,999999999,999999999,1
43987,2571,2573,26
139398,18864,390000,20
132186,398,399,44
132237,19,19,31
178536,129,129,16
44082,259774,266610,2
197775,352,500,5135
29292,300,300,7
54450,8450,8450,7
41801,299,17200,382
40010,3398,3398,1
4780,16692,500000,3
14529,325,325,31
44499,499999,499999,11
32714,500000,500000,3
7074,584,500000,58
4586,100,100,22
40085,104448,104448,3
63251,25,25,8
134860,870,870,145
45793,500000,500000,2
24058,349800,349800,19
71842,549800,549800,15
41401,1300583,1300583,14
128018,2499800,2499800,2
55982,500000,500000,2
54628,500000,500000,2
56202,100,100,9
120331,65001,65001,1
3170,1201,1201,12
54623,500000,500000,1
136544,100,100,1
136548,19,19,2
136549,19,19,6
3663,99,200,39
151774,499750,499750,9
205244,20518,20518,3
194870,899,899,5
23105,94,94,21
198437,1130,1130,51
74642,1220,1220,52
38917,5076,5076,3
38800,1400,1508,12
181388,500000,500000,19
13930,4,4,76
55973,9578,9578,25
198436,1329,1329,52
200615,744,751,201
88158,250000,250000,1
7099,9,9,2
40051,210445,210445,1
192713,6715830,6715830,1
76514,3000,3000,5
153627,451,451,3
30509,999567,999567,2
210249,19080,24269,3438
60375,20000,20000,4
60377,10000041,10000041,5
60379,1999900,1999900,3
101661,24582,137082,16
147774,1628,1628,5
76515,299,299,1
5121,3,3,2
4580,70,75,5
200825,9692,9692,5
163107,2958,2958,64
65512,6500,6500,24
204312,3022,3022,1
76611,2110,2110,2
180377,9000000,9250000,2
21546,17298,17298,32
23109,742,742,5
40023,16577,16579,30
198239,650,650,20
198498,2181,2181,9
191389,11800,11800,3739
38794,58,58,6
24510,15,15,1
160092,1000,8500,27
151444,2000,2000,2
178543,95,95,1
39356,347,347,7
198163,2133,2133,9
5363,8800,8801,4
39351,3835,3835,6
39353,3122,3122,2
39203,269,269,3
213195,2079,2079,1
44274,143500,144090,10
44282,9554,9554,5
191522,1284,1294,2250
22853,9998,9999,14
130219,1727,1727,73
52246,1200,1200,7
213037,5729,5729,3
138196,438,438,1
13362,20097,20097,1
118902,2,3,32
63304,645,645,6
43696,24,24,2
140269,29801,31369,16
105721,797,797,15
45879,10021,10021,1
115464,986262,986262,2
18254,225,225,44
194869,1231,1231,1
194805,4700,6842,50
193894,4770,4770,23
198441,330,579,201
201725,888,1239,298
200860,470,481,4092
43854,43,13886,148
196540,1478,1478,1
194692,19,19,10
178518,4002,4002,1
44260,21251,21251,4
44779,133471,133471,3
45188,79,79,1
111433,75,75,399
5833,392,392,21
194803,5000,6284,54
158810,2356,2356,4
5997,1,63,1102
186704,766,766,54
58277,50,50,2
34748,175,447,8
39204,565011159,565011159,1
158838,2997,2997,8
193420,2911,2911,1
201813,19262,19262,5
79303,200000,200000,1
17031,10004,10004,15
76626,6830,6830,3
6293,526,526,3
3033,10001,10001,350
44292,106714,106714,5
74721,218,218,24
12430,27588,27588,2
166288,285000,285000,10
79286,4464,4464,1
40078,1800,1800,139
182708,239,239,1
44147,29710,29710,16
180327,165,165,1
56203,380226,380226,2
129003,1924,1924,10
23383,927,927,1
132524,138105,140039,3
76590,84576,84576,3
159846,1149,1149,10
163651,5010,5010,1
159847,3163,3163,2
163548,1854,1854,7
162026,30013,30013,1
41584,15115849,15115849,5
162666,24550000,24550000,2
198259,130000,130000,2
9088,11755,11755,13
44458,120,120,23
39946,3401,3401,1
128848,19,19,60
12820,500050,500050,13
116392,95000,95000,10
201729,1200038,1200038,1
3013,7000000,7000000,97
42434,1,1,4
52119,3900,3900,1
173759,21,21,4
159919,121,121,66
188811,17500,19201,4
32600,64800,64835,7
21031,250000,250000,4
29562,3984763,3984763,1
16170,2500000,2500000,4
16168,900,900,39
44760,976735,976735,5
16169,181,181,86
40360,19927,19927,1
20848,61098,61098,2
29573,1561751,1561751,2
118681,133,133,13
90553,1200081,1200081,20
44272,13547,13547,3
142406,942,1042,15
163076,196,196,35
207041,19799,22266,6041
128849,1806,1806,16
198292,478,478,1
34769,308,308,2
34755,107,107,12
194821,2298,2300,73
127838,9990,10000,234
5526,10512,10512,23
21223,55,55,5
21225,70,70,5
205043,5000000,5750000,4
101746,2522,2522,16
159876,941,941,5
34220,38804,38804,4
35794,7995,17200,47
159868,700,849,104
161127,19,19,39
173913,30932372,30932372,1
113273,8500,8500,1
181246,4526,4526,5
11939,475,507,7
115512,4293,4293,2
120269,90000,90000,1
213367,95044,95044,1
63274,800,890,41
40090,1914,1914,1
52340,5500,78401,127
62017,81448,81448,1
213211,7920,7920,1
79310,35064,35064,5
43658,1000,999999900,5
59478,170044,170044,14
172017,1931,1931,44
25550,610388,610388,10
156627,100000,100000,25
41468,8900,8900,1
168392,7444,7444,14
40119,100000,294800,9
76600,166,166,1
40214,34630,34979,302
104196,60969,60969,1
7973,12838,12838,114
139345,201443148,201443148,1
163640,2461,2461,2
163642,10076,10076,2
74921,200,1685,67
138727,50,1001,3337
179307,2309,2309,6
191371,13950,13950,27
19026,2004,2004,3
180332,165,165,1
56234,17901,17901,2
44084,99900,99900,11
104342,19953,19953,5
45901,2163877,2163877,15
136551,18,18,2
128721,15000,15000,2
62019,6410,6410,4
62015,100088,100088,1
92525,85500084,85500084,1
128727,324228,324228,1
212761,999,999,1
163094,5773,5773,5
44571,1000,1000,37
163135,219,219,5
128723,197703,197703,1
109222,200,200,2868
130215,200,200,27
113274,2004,2004,1
201193,200090,200090,1
199949,521,521,9
158736,26164,26164,1
205692,9029,9029,75
130218,263,263,2
3340,25649,25649,3
49110,35900,35900,123
10840,247516,247516,1
173124,2276,2276,10
28284,2,2,2
169143,10097,10097,1
176879,2137,2137,1
77264,3001,3001,4
178172,65,65,2
176809,46,46,12
21570,9990,9990,371
200823,5000,5000000,26
179293,49999,49999,1
34843,224,224,2
132229,897,897,2
192656,7044,7044,1
29580,17,17,4
4552,1094,1094,3
39563,499,499,1
107476,22499,22499,48
11403,23,23,12
60390,30,30,1
5125,2197,2197,1
173912,83549,83549,1
118392,100,100,1
41164,20,20,7976
21716,1999,1999,687
17030,40066,40066,10
65503,9500,9999,3
2728,11100,11100,1
133913,291,291,24
43694,9499,9499,2
132239,297,297,1
192660,114082,114082,1
200811,1200017,1200017,100
200782,3000058,3000058,127
200809,560071,560071,12
200776,470081,470081,42
200798,9000006,9000006,26
200831,8900038,8900038,6
200775,39000073,39000073,45
200799,2400029,2400029,62
200764,1400044,1400044,100
200829,3300034,3300034,21
200833,8500038,8500038,12
200847,8500069,8500069,15
163132,189,189,22
28290,999999999,999999999,1
120274,50000,50000,1
192725,3424,3424,1
79257,2127,2127,5
52235,124,124,2
15993,450,450,3
186981,480,480,1
76620,999985,999985,3
132238,920,920,2
35788,489866,489866,1
82330,102,102,17
174207,500,500,2
87228,11125,11125,5
174209,500,500,2
76596,31899,31899,2
32947,22745,22745,41
62770,171137,171137,1
198487,1000,17200,450
37674,1522284,1522284,1
4479,99,99,1
4481,99,99,1
108365,17200,17200,46
133592,869,17200,190
116654,100,17200,121
174285,19,19,13
24243,2484,2484,523
5133,9204,9204,4
39358,115,115,1
130222,16527,16527,86
108357,17200,17200,4
112181,10000,10000,71
190452,1400,1400,22168
39691,12,12,19
39686,150000000,150000000,1
117474,1845,1845,5
11040,3998,3998,8
12433,3920933,3920933,9
5206,12,12,10
85585,17200,17200,1083
43146,49997,49997,8
163153,440,440,20
163581,200033,200033,1
42911,100000,100000,1
42401,9900,9900,1
62655,907,907,20
133940,200,200,4728
40011,733,733,1
52118,124,124,4
43119,3980,9289,568
31679,8210,8210,630
40216,1337,1337,6
44331,16525,16525,4
52172,1028,1028,1
52175,1028,1028,1
44619,1900,1900,20
42930,322,322,1
39567,30,30,1
32599,47535,47535,3
18253,516,516,2
179018,150000,150000,20
42467,20002,20002,1
133981,3902914,3902914,10
163159,7140,7140,15
44774,120000000,120000000,1
2091,4386573,4386573,1
183207,31183,31183,1
4873,1,1,1
38932,2974,2974,3
174104,19054120,19054120,7
151390,4248,4248,3
74643,500,500,20
38432,6,6,39
56055,13,13,1
201178,4725000,4725000,1
172018,5000,5000,20
20843,1,1,3
20813,1,1,2
20842,1,1,9
62530,1075,1075,9
136598,500,500,1
46002,800,800,1
46001,800,800,1
57059,400,400,1
57064,10000,10000,1
65502,7500,7500,2
62771,324647,324647,1
63317,2800,2800,1
180885,29000,29000,1
163901,16500,16500,1
5431,600,600,1
62341,300,300,1
83065,7500,7500,1
27729,6000,6000,1
65506,2000,2000,1
62391,425,425,1
65509,1000,1000,1
65501,4000,4000,1
65511,1000,1000,2
54817,2200,2200,1
178106,1158,1158,6
179299,19145203,19145203,2
31673,224,224,21
200681,2022,2022,1
140753,375,375,3
210842,180,180,1
119022,1444,1444,56
117441,199,199,21
11386,11,11,2
76628,5000,5000,9
117440,277,277,45
198293,4999,4999,6
203865,35045,35045,139
19774,750076,750076,4
163912,33,33,3
18632,3113,3113,6
102351,461,461,40
4595,2,2,2
128158,999999999,999999999,1
201697,3500,3500,5
201721,1420,1420,1
202314,265,265,1
169660,1996,1996,1
44066,55775,55775,6
127834,219,219,13
198207,75,75,5
155620,1081,1081,1
205794,2217,2217,71
12224,262,262,10
172500,2500,2500,1
46003,700,700,1
180883,27500,27500,1
39690,4332,4332,217
5432,500,500,1
205240,10000,10000,1
13366,110000,110000,1
9332,30,30,1
67310,8000,8000,1
36794,300,300,1
35791,1000,1000,1
21033,1111507,1111507,5
52208,1500,1500,5
18635,8500,8500,9
38585,20,20,5
79314,10064,10064,1
42428,228,228,62
24189,23,23,5
44770,30,30,2
79287,45064,45064,1
79289,45064,45064,2
79308,45064,45064,7
79293,45064,45064,1
25431,15,15,2
79304,45064,45064,1
115354,15,15,10
204823,101,101,12
54619,3680,3680,4
46391,5415,5415,5
39207,317218,317218,2
41165,20,20,5522
169280,3070,3070,100
79283,124336,124336,1
38797,116,116,20
44273,1487751,1487751,2
62003,1487888,1487888,2
5429,1000,1000,1
213028,90000,90000,1
40156,24521,24521,1
3390,5000,5000,1
198301,334785,334785,1
68196,353175,353175,3
6306,25001,25001,1
81919,117,117,4
88151,4500088,4500088,1
88152,7250051,7250051,1
205693,1629,1629,1
205016,2790000,2790000,4
162572,200,200,11
162575,213,213,10
163136,213,213,8
192714,900000,900000,1
