item_id,min_price,median,quantity
198422,15,38,83031
160298,8,8,53666
115502,2925,3000,44
115807,190,290,70
200506,4,25,60042
115808,197,197,135
785,278,300,16705
191361,1855,2000,1266
124107,50,3500,13152
153712,251,375,280
129100,23,23,11112
76540,100,225,190
3575,435,600,15811
152543,190,399,5956
197741,4,8,1077339
133588,13,21,725
154899,7,7,21255
198549,725,725,2774
147868,3798,4329,37
152542,2,110,117470
111667,150,169,3533
102541,75,75,1401
1712,707,889,57
71839,107299,107299,4
160712,7,28,11675
111675,26,28,1365
126934,1000,1000,111
160710,7,7,2849
197776,20,25,1374
152511,168,274,70115
200507,71,3401,56341
192872,3,40,336136
202070,44,44,12231
111662,7,17200,325
192849,169,225,9379
192636,59,59,14185
76061,5400,6000,35183
192862,269,350,1307
4306,5,12,88129
192615,63,63,45806
5527,45,48001,960
151538,77500,145000,193
197853,90,100,2760
193937,18782,27512,1643
198308,100,186,81
194048,597,480059,12078
74860,1172,1173,2161
52719,595,17200,16972
199204,30,24900,1633
204370,8500,15000,7333
191386,349,349,9000
118,25,25,1954
192658,183,183,4513
4814,34,35,36
200835,1287,1287,45
191394,200,350,4591
202712,18,25,796
76135,100,5000,3795
76131,500,500,917
76130,185,185,2993
192837,94,123,3540
201400,202,300,1551
76139,525,675,295
192839,101,155,101622
193242,7900,7960,235
192845,101,155,125123
23676,34,35,4653
201469,19,41,12600
190321,2437,2679,41501
44940,11,12,437
151567,59,1050,799384
201312,500,503,192
19304,1,1,689
44941,5,5,562
73260,10,10,438
74822,7,7,636
172052,7,7,27742
172054,7,17200,21479
7075,9,12,2281
19305,1,1,754
200113,5095,5200,45484
108341,100,328,3282
172092,45,85,58660
31882,342,400,877
21151,2,6,293
108335,50,800,7562
179314,7,7,11954
179315,7,7,38940
189156,55164,1999999,92
19223,1,1,573
7074,2,2,44
23572,161,4800,3779
193251,2099,6200,60766
2838,5,11,8025
154897,7,7,12116
152512,597,830,177363
191519,100,573,3713
71805,282500,283097,97
178222,19,480019,776
52179,400,9855,9311
58263,11,11,307
152576,10,15,3347325
155618,40,4999999,678
67230,13,4999999,63
3169,11,22,17
178178,40,4999999,824
193959,45,45,108
191472,3044,3094,50987
172410,159,444900,221
194008,380,1283,856
199982,550,594,239
5115,2,2,13
168645,4,469,21597
191384,88,479999,5946
151579,443,946,970
198317,599,698,648
151722,492,492,422
118007,23,26,1202
110649,3100,9999,112
198160,1200,1200,14
198164,200,200,1442
89112,500,500,551942
198208,479,541,133
153612,2000,2250,18
172045,56,8525,7878
198211,268,350,108
38922,7732,7734,131
198213,3754,3754,16
202071,41,41,3002
192662,176,176,310
201421,2870,9799,1403
198240,1900,2000,518
172051,35,15000,5741
198082,2176,2200,144
198550,732,732,4075
18662,90,240,363
155629,260,477,311
23447,7895,7895,5879
204826,1998,3598,161
204829,1385,1500,293
2450,200,1600,32446
198220,570,570,2132
198186,200,400,2569
4865,2,5,151
2453,186,399,3719
117,5,8002,750
187633,3500,199999,147
189149,6800,6800,158
114017,21,39,57
177061,49,100,2886
193953,373,444900,187
198193,989,989,3377
128983,2400,9999,138
52329,743,1094,29521
128984,4500,95000,139
193956,6,12,762
198202,200,1271,268
162110,9999914,9999914,3
198217,55,68,241
3820,242,1600,10144
198257,2619,2619,55
198260,425,425,323
198307,199,199,16
198620,1325,1337,20
72093,67,133,93829
765,300,508,96332
194761,2500,3240,4979
207040,787,2414,11221
81413,13,13,523
18512,3628,3628,5
1476,388,388,15
29739,210,9999,84483
197735,100000,149500,61
193893,75,75,884
197736,249900,249992,89
2287,1,1,57
193555,49999,78999,1419
32902,1,500000,8972
71845,25035,35933,4
194751,468,732,2616
31893,398,400,254
5114,6,6,48
168303,6,469,15815
3167,27,28,36
193560,2003,2405,262
4536,2,200009,444
199980,577,577,562
18224,514,480019,2779
201402,200,201,17342
197792,2193,3300,3975
39671,213,4999999,459
187707,5689,6800,424
81409,13,480013,207
191327,4994,5042,829
200012,1397,14964,2013
169299,7500,7500,1016
192916,389,500,2605
197765,100,255,6775
98116,100,4999999,37
136377,12,12,237
102542,55,2250,2343
128015,104332638,104332638,1
193927,36,40,398183
191348,1181,444900,441
201405,73000,74299,6773
172438,597,699,6747
102543,75,75,919
172069,200,200,1102
12207,19,21,3196
76694,2713,4745,55
193217,91,98,391223
71822,68312,77697,40
5471,13,3000,2193
191476,477,499,80203
191357,499,583,966
175886,4,904,15249
191474,456,456,33167
183953,3565,3565,1300
9233,25,50,652
172048,13,15,775
74866,99,115,24442
172050,88,96,183
32897,8,4000,45018
71857,73441,957572,5
81403,14,144,90
33445,6,6,171
74653,54,195,971
74650,500,1900,463
205466,2314,4800050,90
87238,15,15,127
109624,66,121,2312
87244,599,599,17
76530,245,245,13
142266,1,1,1487
54831,100,100,58
153050,24,160,18611
198421,49,56,32489
3927,50,64,6437
87248,178,178,44
12435,50,22500,45
87242,23,23,313
154891,42,47,1711
76550,218,99800,37
21845,13792,19301,84
30810,10,94,10123
188670,175,1900099,1246
132192,700,700,40
72237,40,700,14202
191393,62,120,4370
43646,55,55,938
29449,5,5,96
25650,77,77,203
74648,99,1975,457
74646,99,1175,465
193218,100,147,174534
15412,607,629,5416
1705,40,89,53057
132207,1200000,1750000,3
116170,199,300,4786
5500,369,444,1071
5466,14,51,10309
113264,11,11,23472
111245,237,1493,3415
17057,1,2,275
116923,30099,32500,25
62782,17,3012,45424
17058,1,3,179
112449,1,1,430
60392,100,170,122
204702,152500,152574,163
204463,98000,182244,3169
192961,21586,23170,4197
191395,1540,1842,3556
190538,34000,37900,2783
192958,12492,14020,4476
109131,113,121,4028
191319,548,2500,25421
192952,20650,22734,5003
191320,14096,15500,2145
160053,528,1130,734
74857,863,866,4537
191371,9799,9959,3484
191332,9708,10400,749
171437,30,35,3106
62791,24,88,8770
171439,34,34,1610
191325,424,1000,1265
204614,7693,14072,49
191400,939,1070,695
191364,785,1140,2070
173035,7,7,4302
192843,107,124,1466
111664,90,99,72001
111671,285,329,95099
191943,37,37,455
127834,90,100,304
111601,370,465,2935
163225,59,88,118
163223,69,99,304
76604,9900,9900,21
111674,224,244,10664
60486,44,44,591
76614,5000,5176,9
191399,379,435,642
201466,53,53,2076
124120,3,4,9869
192866,1313,17200,636
201467,348,348,1549
422,3,7,75
76636,399,399,38
132235,50000,50000,1
192644,163,163,1344
192626,66,100099,758
172061,10,18,717
113588,744,1400,3612
76696,892,892,700
158188,900,1275,22955
108328,227,450,2198
111663,6,399,1974
154889,13,13,732
13926,20998,20998,689
173859,10,19,236
76682,200,250,24
191522,1197,1351,19428
2251,10,21,11408
76661,846,289100,27
111669,12,17,2922
76675,1459,152050,18
175053,496,496,12
76670,524,15000,43
187712,15,15,97
76631,15000,28807,33
159827,54,56,281
153632,5000,6400,9
76634,3000,3000,9
153621,20000,37499,9
153133,247500,250000,13
111666,14,70,2952
153628,3500,3500,15
12803,3997,4044,3441
153622,2300,3900,11
173202,1,13,1175650
138729,35,50,28827
4461,2174,3349,1966
34125,13,13,49
3663,2,2,118
76526,105,105,27
58274,148,148,39
76543,163,164,16
193208,22,49,26531
76567,200,200,10
22202,871,1100,2268
23097,2700,2700,322
23113,9900,9900,384
190324,10048,11540,99451
76553,189,3000,26
190316,165,179,271470
79101,350,652,1879
76557,1599,1599,13
190530,5584,5670,4156
76698,203,203,18
204790,10,19,214
52089,95,95,148
22576,875,1000,7024
142335,2,2,5170
13931,550,550,90
194824,49,100070,1343
187702,16,17200,12806
39981,100,11000,5
29740,2548,22048,20607
191396,77,170,7444
76505,250,250,36
85583,2500,3430,210
22791,497,17200,775
124104,559,4500,34812
187701,3500,7078,24454
76564,300,400,27
32231,53,3000,2501
39980,113,5612,6
17406,20,20,18
32230,133,11117,2350
76565,1245,1245,34
58256,7,7,177
58268,9,10,181
3771,1,2,1467
62783,25,2592,17412
4470,2,17200,43116
32905,5,480001,3519
199937,544,544,77
74854,456,1585,833
1017,1,2,270
33568,430,430,9909
85585,900,900,1380
24476,198,237,551
193951,29,30,2632
6042,1000,7577,41
74659,1963,1963,577
35948,8,100008,616
67506,40029,40029,5
154125,1274,1275,2960
55055,2000,2500,32
191363,404,413,5071
128540,49,4999999,24
55057,1334,1334,30
127730,999999999,999999999,1
199989,503,503,161
191378,69,235,18257
90046,59074,59088,70
199947,645,656,236
152877,3130,3494,3774
52078,1125,1125,10216
199951,500,505,147
33454,5,5,451
132193,274,274,63
104344,4999998,4999998,14
138875,2,2,296
28399,4,5,253
192974,42,199900,3029
11393,128,162,60
123956,23000,24100,174
172937,698,948,1953
191944,148,444900,1670
35953,8,8,182
87764,691,712,2846
192913,88,126,1405
40026,5001,5001,7
41510,100,106,3516
39908,140,140,56
81404,145,149,31
8545,15,55,248
40041,2543,2543,21
183955,720,833,1588
192966,6900,7000,39
151608,15500,291100,116
81412,13,13,129
133607,28,277,158145
81406,17,20,182
27860,4,4,237
152897,1500000,1500000,79
191497,1990,1990,7814
192920,1990,5923,86
171352,5805,5805,209
6532,2,2,111
163082,9,400,1171
28501,375,375,163
198187,475,17200,952
191498,4865,4873,13343
76580,1000,15000,6
171288,177,177,2115
43121,349,404,3984
34832,33,43,16355
32227,184,10080,3428
197784,129,188,37059
127368,24625,24999,9
191321,455,478,1242
53071,11,17,15855
180060,8924,12370,511
191351,386,389,392
22450,102,149,11274
200652,785000,810000,816
197785,120,150,36527
168217,900,990,83790
192624,70,70,508
158808,200,700059,1657
43852,50,4999999,406
39568,25,25,13
39567,42,42,29
124669,400,1000,170600
128315,379496,425000,1478
1707,1,1,209
161053,23,48,1286
76677,14000,14994,13
180055,623,1072,6631
194567,1040,1040,79
194570,3400,3430,157
193211,29,36,787257
198491,66,90,633
4813,99,4800000,25
114004,5200,480068,55
41333,6000,15000,25
25426,15,500000,694
41441,113,12000,5
74718,413,415,444
74838,392,402,1880
191469,274,310,66252
124436,700,17200,9728
192553,300,776,207
79254,239,245,9042
74707,95,100,114
8150,5,18,38800
113111,251,259,3551
105718,579,843,296
133592,122,194,3713
114931,420,420,116543
113262,11,13,16314
2295,500000,4800088,56
23116,800,828,142
192730,179,179,77
188669,5000,7035,149
152508,159,270,83256
168188,1350,1433,997
132204,21,21,434
34054,25,88,333734
8953,7,7,55
43853,115,1295,744
8165,859,1238,2545
193253,293,730,29713
152546,25,65,3905
52140,9089,9989,3
176874,199,199,38
109126,140,320,105770
152545,100,195,12578
124437,14,19,938165
199942,500,501,94
31898,400,4800099,275
200015,7952,8900,43
200053,17716,17895,251
191460,13,100,102701
168191,406,406,476
109184,5,5,515
22832,51,51,296
72120,15,103,218194
54447,8000,11000,174
192848,180,220,23226
4404,1100,4999,2752
6889,288,2498,14845
93706,695,695,21
192628,75,79,138
1702,192,4999999,46
76522,500,500,8
173108,821,444900,122
192620,62,62,104
173162,12599,39062,266
76527,312,315,35
108331,1562,17200,1465
10285,40,48,13181
4305,38,57,32795
171264,32,37,588
162515,25,43,13942
172047,72,72,461
56046,11,500000,144
171315,1133,2550,28820
192610,61,61,825
172049,15,18,1355
76592,700,800,12
172089,600,879,34171
3829,11999,12000,339
39909,523,550,31
23781,500,500,653
60224,3050,3504,12806
130268,4800080,4800080,25
14227,2888,3607,12630
76681,859,5059,9
58087,12519,13799,2473
192672,168,168,119
200808,1800,1898,136
158201,6479,8884,2237
198412,149,600,10013
109076,270,289,22947
76635,233,300,13
198415,5121,5444,5285
5996,1598,2930,238
193216,1399,1400,15977
200765,125000,212500,10
198418,194,195,4384
153714,295,400,218
192621,66,66,503
39978,469,469,8
81414,13,13,352
36934,294,5099,2938
199935,520,540,109
13506,2004,2004,68
166344,14,1999,1192
192611,59,59,332
192646,159,159,186
192717,2024,2024,91
52148,10500,10500,12
3391,1200,1200,41
76508,500,500,31
200841,1694,1694,44
76524,1765,1765,12
9154,238,238,253
76569,322,325,17
200050,197563,197569,48
76534,1053,1063,23
5634,500,1275,706
11186,75,83,382
64392,15000,150000,1047
43007,115,118,10220
52843,19999,150026,1953
158380,1014,2069,1072
52168,6600,6600,12
39933,199,5099,8
193926,7000,7000,561
3390,2488,2999,481
39927,530,530,17
154722,4,7,81941
199961,575,586,27
203409,32023,39882,1953
197748,3,10,189609
77544,1321,1321,36
203419,8000,8000,1052
200058,240050,288890,512
10839,900000,900000,1
118472,1500,9999,3791
32388,4895,9500,1781
32720,27000,27000,99
19705,1330,11991,5622
82443,229,229,599
82442,597,7998,199
19701,158,15068,2620
85569,280,280,171
85568,400,425,16
19704,900,12948,7681
19702,475,6670,10317
38373,2050,2050,25
19703,2500,5499,3468
41976,2781,2781,26
19706,1000,12000,2234
39919,172,105850,32
102218,40500,50026,731
76529,400,400,39
55053,300,20051,58
77529,29500,29700,19
153487,121,1999,1072
132982,97083,97083,4
15869,15,15,247
18283,960261,960262,6
200616,10019,10029,49
52115,300,400,15
13455,399,399,564
76511,197,198,9
193223,4198,4394,19963
76517,986,986,11
109144,11,799,14981
191462,15,23,958966
197777,20,21,1411
126935,4500,4987,65
20520,11390,11390,252
192835,478,444900,525
194684,96,122,4989
39469,1500,17200,5364
19943,19397,19995,621
8364,199,480059,175
52117,2500,2500,34
6050,16,936,1722
52091,2000,2000,26
194566,5984,6444,6532
76570,2500,2500,26
27425,19,17200,742
27429,40,17200,1548
154165,1,11,95092
4656,1,1,90
858,24,24,1727
172094,8,169,369773
86432,500,528,54
8846,1000,1763,61299
2449,300,513,62030
22789,424,4000,21240
2447,300,517,102080
3576,198,208,1942
6052,17,17,408
194815,399,500,89
124101,400,488,165308
193954,968,968,2656
194812,900,1493,461
191496,2000,2387,2169
194864,18400,19290,4122
193224,14000,20049,74823
34762,60,60,70
205413,249975,280000,1477
108332,215,222,3875
191521,568,1900,4510
76525,394,494,32
4592,15,15,393
52087,339,356,83
3220,5,5,543
193942,98,100,284
76586,1900,1900,6
2680,1,1,270
193941,183,183,78
17194,25,25,1526
81195,9,9,13
193551,800,800,65
2798,50,70,94
124112,50,5049,6769
124108,44,45,7534
76697,596,596,39
184682,400,400,14
191329,27097,27299,8345
76574,15000,15000,5
41478,11000,11000,2
39983,610,642,44
133680,470,6999,5693
127732,408123957,408123957,1
13468,45199,51000,59
192701,2698,3999,16
161344,199999,454555,973
129288,7770,9135,71
197746,14,73,239696
93705,275,275,15
180732,4,6,48954
193254,6200,6495,71668
52142,2000,2034,13
191324,971,444900,1029
136638,224,17200,385
193210,15,22,559823
52166,844,844,14
76678,399,399,12
7912,4,12,14513
76662,150,150,12
206969,8174,8185,878
191328,1680,3788,20474
74844,84,150,4579
191470,2189,2292,36230
28458,1003,4957,7
76699,925,1425,24
76676,300,7650,30
27438,24,25,1349
208748,261025,265000,290
192928,14381,16344,2092
200057,29869,29871,55
207041,7314,7515,43642
76519,198,200,20
192942,16401,17012,1038
201325,84888,99995,3852
172358,20,444900,160
192871,23000,27293,4250
58262,9,9,275
27422,50,130,1317
76658,400,289100,27
76575,15000,15000,6
194799,2499,4323,373
169673,1686,2376,227
199057,147,150,27
109627,344,17200,455
133561,15,15,289
19280,3140,3140,16
152510,1286,2999,13523
36783,1399,1450,216
76619,7500,15000,8
132510,99,99,185
200938,2500,2500,1430
6807,20,20,42
201883,149900,169895,147
153494,45,46,70
199994,501,501,47
72092,322,409,382322
76609,15000,15000,4
6303,10,49,647
193554,44100,77498,141
199970,5950,7500,123
111672,26,28,2431
111659,150,150,22278
72095,6433,6569,14684
201725,488,488,10711
38768,11,138,95
109221,200,200,101
34068,53,125,17805
31883,399,400,228
109222,60,90,628
110610,28,650,77003
109220,100,172,478
194819,95,95,19215
194852,1995,1995,9348
13446,47,51,638
201422,8710,35459,6464
208747,47807,58508,77
109628,200,17200,577
172231,42,753,30497
192097,94,106,230138
1708,1,1,106
194767,1890,1890,14946
32228,62,11169,2797
197760,35,35020,10620
6657,2500,2500,8929
13444,32,32,1256
191385,143,19800,1541
172346,25,26,88
193245,4566,9481,1261
197747,10,19,29347
35625,4542,4545,864
22203,23736,23975,350
191461,10,18,1212122
193228,2323,6513,3499
109585,399,42500,2219
169674,570,1791,1208
110635,644,650,43
110624,1680,1683,17
110617,491,493,26
204235,21,21,284
38844,13,13,40
38830,20,20,65
168646,1094,1189,1003
38786,833,834,45
168302,50,87,3775
74853,12566,12566,1551
193215,63,69,707399
168662,660,660,27164
193213,39,52,33131
193961,594,594,4765
191379,219,599,1912
200024,799,800,886
41808,50,78,3200
29453,5,10,141
27435,17,17098,1116
190331,3594,5042,63197
128985,1398,2969,120
11392,11,4999999,125
1529,372,500,5448
76086,1123,1124,352
67280,748414,748414,33
11394,6032,4999999,64
197771,34,36,190750
62519,41,4999999,58
31910,300,399,922
2318,22,275,30974
79010,50,100,12716
163569,1,2,15569
118061,6519,6519,2347
198416,5091,5099,4312
124113,177,295,114914
23425,170,1099,14914
192631,64,64,629
136636,2399,2425,264
176853,38,4999999,264
109119,100,150,39853
33461,3,3,89
4364,3,11,9588
124118,30,44,6536
130904,1472,120000,3736
4357,2,10,10525
4359,500,595,3600
15410,9538,50000,3055
199944,4500,4600,91
10558,205,300,1043
205460,62,480062,354
57193,55,55,205
2835,9,85,40939
62518,23,23,576
6361,7,29,1847
30809,226,380,47409
205870,200,202,13
58143,1098,1799,207
205700,70,70,252
160502,50,127,12312
2836,2,9,11359
193952,52,52,4689
4375,832,832,2367
1645,5,53,396
20404,641,642,11222
929,26,28,544
136637,400,409,1833
39512,7,7,59
172230,18,485,74217
124116,8000,10421,5006
193410,1137,1137,8
169446,1743681,1743681,3
158773,150,150,26
178550,19,19,708
111522,490,4999999,30
174353,4,5001,31431
81402,25,480098,164
1710,123,123,899
8170,279,400,7458
6149,125,125,730
172044,14,14,347
3667,6,3000,5280
192747,74,74,1419
3358,900,994,13060
191388,1913,1913,3166
191389,3578,4900,9194
52982,437,440,3433
173875,1899,200000,11
194966,17,89,708938
12359,100,102,75985
37097,14,21,83
192852,251,270,1546
89328,4400,4400,19
120959,41771,41771,12
4407,95,95,28
201403,1500,1900,884
197774,60,69,737
163698,197,198,38
163691,100,185,66
163701,200,200,48
10514,14,14,99
180057,2000,2042,248
4382,900,9986,1054
183952,298,298,1890
33462,3,3,84
64397,400098,698822,552
200010,3499,6500,371
79868,149900,150000,31
198413,141,173,16583
15870,97,98,112
4358,1,3,673
42500,19208,19208,11
81889,208364,2591682,32
4360,10,11,289
111652,118,132,21400
4365,1,1,257
9260,425,575,223
31905,400,400,251
2841,275,310,10339
198212,1388,1546,561
199195,338,338,1153
198241,1500,1990,300
199949,524,524,130
154990,24750,40095,385
199058,10000,11100,131
200797,13500,13500,16
7078,98,169,4342
200052,155096,169896,74
76088,1800,5999,762
60576,35,35,179
116119,5,6,17
76084,822,5999,219
116654,350,392,3384
162517,1000,3464,81
2886,741,950,206
154121,555,555,1625
153438,763,4599,424
153439,77,77,143
194822,105,120,24671
3928,52,1000000,1726
162516,500,17200,288
153440,175,175,362
36920,156,199,242
58488,14795,32500,1595
36923,96,125,362
173032,7,7,18893
9308,29,30,349
31670,225,2498,8822
5503,51,3000,2228
188684,40000,40000,11
21882,25,35,4905
133571,45,74,581
201404,35092,50000,8250
22641,3054,3455,179
7964,2,5,1766
38963,1398,1419,19
127712,2297201,2297206,2
200055,46584,47189,230
172903,611,1191,256
200059,50274,52779,200
29547,7000,8100,530
29548,4700,5100,6450
79238,701129,701129,5
63122,7,17,700
167861,1600,1777,4443
199968,3900,4900,117
193231,1978,4599,5482
172360,42,4599,254
187635,700,1150,102
189153,350,350,251
38558,1231,17200,927
197791,52,73,5509
33081,1098,1500,14
2675,19,2224,5694
193564,130000,280645,364
190315,15,99,2464442
172091,99,99,847
38561,1400,2081,4612
38679,10,11,253
8173,50,75,117
38426,90,330,11927
25744,4949,4991,3831
6048,140,500,1125
22794,1000,1090,1295
171268,50,71,353
103795,44,90,247
5467,150,7500,1232
103789,62,70,94
189541,5500,444900,549
200009,10000,12096,45
103786,45,95,127
61991,49544,127513,48
34330,300,500,152
193229,12799,12800,805
67348,3201,5000,31
172364,370,10599,1244
198535,2559,2959,78
187700,1200,1950,19502
193252,79,79,191150
153709,1800,1853,110
9060,6240,6857,6
187699,1418,1779,26316
62779,28,5080,1608
182737,163,163,600
12206,99,17200,791
12205,5,8,40458
13758,109,17200,3004
198192,800,17200,1292
111458,37,41,570
191387,2680,2684,1431
14048,110,140,7665
194768,2522,2762,7174
197759,20,20,186
34721,50,72,145
2799,1,1,787
174041,1575,1575,42
201832,2900,2900,658
64394,9900,200000,447
13422,109,1494,2249
163077,686,686,140
151566,6,507,45150
194967,19,98,598134
198175,1325,1379,292
107528,60,480060,602
193246,799,899,6792
205173,239500,239500,375
151257,827,874,62
128995,499,500,87
111456,13,113,929
3827,11,128,130
204567,39475,39482,276
124106,10099,12499,3396
200046,31200,71300,355
39957,219,222,14
113278,239,239,35
21885,9552,15000,6098
200045,27900,27950,107
34664,225,235,1573
40098,1450,299800,18
200047,59800,70625,315
41502,125,125,2
136546,2500,2500,116
43572,9,20,617
8959,7,15,490
136555,2750,3469,6
192634,69,69,41
19263,19601,19799,25
192674,170,170,10
205170,199993,200077,139
39513,25,4000025,18
36928,370,475,147
190534,18049,18679,3237
199971,7128,12500,168
7286,422,17097,2270
199991,583,583,317
196440,1026,1026,105
200681,30045,30046,12
79299,200099,462699,4
79289,12000,12018,10
79286,311384,311384,8
79290,67025,72664,12
79308,300000,300000,7
79284,7665,7665,7
201318,599,600,221
79309,500000,500000,4
194968,23,97,435509
79313,28898,28900,5
76663,200,200,12
177660,10,10,458
192675,187,187,95
79288,199938,331382,6
133573,31,48,280
79293,94999,114766,7
79312,108255,108255,10
79295,59858,59859,12
79311,5994,5994,7
79310,209486,209486,7
81415,66,85,78
172359,7,7,273
124110,38,38,11204
200013,26950,55581,80
112155,889989,889989,12
42429,125,125,46
42431,66,66,21
17197,598,59998,1316
152496,25,999,501
119096,35000,35000,6
119095,1860,1860,6
119094,5791,5796,3
153192,1877,1985,380
130903,3900,59000,1832
22526,12,12,212
38801,5191,5191,10
130905,798,2034,2346
44482,8,8,217
12811,25024,25700,519
118428,19,20,36
192896,43,47,785
199990,587,587,430
183738,25,50,110
192856,257,278,1025
81410,139,139,58
189148,493,705,182
189150,266,99999,1251
24449,10000,13013,809
194724,200,200,83
189146,800,199999,528
192937,8412,8413,92
190388,105,305,77
83064,116,1244,2533
197769,344,396,86
198397,400,500,426
200788,1346,1346,164
168314,299,299,792
191367,99,150,1979
200508,11923,15000,11792
199476,19,19,66
151718,78800,80000,308
191326,3899,33353,595
10559,320,17200,368
193368,247,416,11012
28468,2494,2494,1
23783,1999,2936,4128
3486,290,300,533
192938,11396,12033,2402
136342,1900,1900,1307
173170,323,648,2969
201406,14900,16000,12378
200044,568,568,290
19259,2553,2909,42
210819,774,780,89
5635,100,5050,860
199219,1968,3050,1943
19261,10294,10295,19
211810,985,985,76
192834,2089,444900,356
43478,33030,33333,1449
173191,27,30,24447
39002,99,248,31
38961,1375,1379,65
38966,300,300,25
30813,2543,2543,12
197764,194,235,10931
128314,32000,44444,116
19279,1881,2054,19
198190,655,685,7322
197779,185,190,10998
38557,100,1200,5375
191375,247,19800,455
192975,99,100,939
119102,2501,2501,4
194970,43,197,824410
111595,264,287,5796
77272,348,348,17
9144,19,296,1409
194829,1179,1179,6959
140188,300,300,35
142263,152,1079,2900
171290,300,325,2215
155601,36,36,100
3819,1200,4525,4081
60389,39,39,10
60388,22,25,18
30821,12,12,8
37101,3000,3000,25
198403,175,225,24662
61985,199,199,12
12184,18,99900,7632
31917,224997,224999,9
153036,92500,145000,278
20878,63,67,92
147870,848,848,71
20869,74,74,38
194124,550,594,38283
3340,14981,4999999,9
5833,775,775,33
33185,126710,126710,7
111457,293,293,93
153629,9900,9950,12
21877,9,66,142643
3770,1,2501,541
168506,273,8837,694
14529,18,325,464
191511,499,922,58
197766,274,288,21799
192655,177,177,32
157844,35,35,146
194012,350,500,2191
158839,148,149,1326
194013,135049,160049,648
193259,45,55,173473
204234,50000,50000,10
186662,18700,18700,405
18227,35047,35047,6
191514,84075,84075,55
200008,2399,3900,281
204442,200,250,8
198281,1000,1120,28
194863,19037,19046,4044
142264,100,101,399
172068,13,13,180
153051,5,179,111952
46703,117612,118206,2
18237,344,430,6
11406,500,9500,12
109226,149,600,953
191376,324,700,1528
18255,1244,1244,184
192865,260,298,12017
158759,1999,1999,4
159756,139,139,5
17747,10,29,15
55982,17,17,20
4607,1,2,23
4791,41,58,61
176086,1071,1071,169
4608,2,2,54
171263,25,130,1011
5051,10,20,105
15415,51898,51899,63
152509,149,279,61419
171349,250,290,354
33458,4,367,210
195463,100,100,427
21562,101,104,136
193227,680,1295,6657
21590,174,175,51
21589,95,95,24
36922,1903,2997,124
158797,8999,9249,4
37143,300,300,72
19283,32988,41121,16
158822,2530,2530,1
158821,200,200,23
159467,75,75,21
155593,40,40,26
43117,199,17200,771
200011,6399,6900,65
81194,6,6,452
76700,2507,5000,20
154167,250,390,719
169445,9900,10738,1256
41467,103,108,11
201310,5939,5995,776
201313,2549,4671,810
104316,25000,25090,316
39559,1138,1138,3
27668,49,555,5087
37663,42777,67877,33
31906,367,400,284
200001,550,687,77
44618,459,468,186
76692,2021,2021,190
40044,11000,15000,34
193370,208,229,153474
44780,15098,4800099,264
64396,33300,60000,60
192723,3201,3800,9
180445,35000,39000,583
192669,162,162,42
192614,63,63,307
58257,7,7,244
158756,3469,3470,57
190329,3599,3697,294368
193389,170,170,27
158378,46,48,41741
192969,57,61,341
158744,1499,1499,5
192968,40,44,555
41444,836,836,5
155635,40,88743,580
198505,5499,5500,201
158818,2188,2188,2
200026,694,699,257
76647,2099,2099,22
171276,12873,12877,619
158867,898,898,425
158770,2393,2393,60
180430,33,33,298
76629,166,166,10
158740,180,180,15
198185,89,91,111876
158801,2568,2569,3
52296,10529,15000,21
158857,2900,3000,5
132531,5000014,8500014,7
76578,94424,94424,1
76552,100,114,12
76537,825,825,21
41369,3500,3500,4
158820,1978,1978,1
140587,936,936,497
124444,915,17200,2085
76541,200,200,26
193963,654,662,1895
76506,321,544,58
76607,20045,30046,6
7070,46,200,49549
198216,31,31,490
76606,4000,4000,30
76573,80000,80000,7
127836,40,44,206
89679,600,700,6
39342,307,1171,854
116408,14800,25000,320
4374,230,943,80
41807,1500,8500,1779
108333,737,844,1459
43120,4010,4921,5453
43126,1579,1580,4893
1179,1,2,1948
191471,2188,2300,80087
204710,500000,500000,311
198318,76869,105000,1265
190536,69999,79700,1117
19225,3,3,207
211943,66,100,160
5470,19,25,1708
197745,535,765,60919
130177,154,156,1761
74252,86,17200,702
18640,1760,9999,1311
152717,499996,499996,3
34860,49956,49956,1
104342,79520,79520,15
44500,270094,280094,61
105708,499999,499999,4
198232,100,162,44
23107,138,4579,5450
105722,250099,250099,12
162558,74598,75098,43
105705,499920,499920,5
193256,14895,17999,15440
162572,499930,762088,32
13889,1040,9900,2322
62785,26,30,5658
200799,125000,200000,44
191505,1129,2970,257
116981,12,12,518
204460,254,328,1881829
192838,94,100,8295
194825,133,200,1207
200771,55000,67500,13
108336,267,500,785
52338,1500,1800,14
93208,40072,48672,9
60485,21,21,923
54629,30,30,65
10592,411,2795,660
18223,62,62,28
12208,4,13,4133
63694,499999,499999,4
15992,5,17200,1123
200532,1900,1900,2
62277,24,24,35
62276,400,400,18
193957,7,52,411
10562,95,96,971
192608,63,63,361
152503,94,2000,413
60853,499,900,267
201420,9955,10193,1770
200779,54099,54099,27
178786,31,39,1851
200823,200050,200050,19
172058,20,225,16812
53049,35,35,228
3382,100,100,161
21991,37,37,220
45981,25095,25095,9
67388,2500,10000,10
161128,1000,1067,38
33452,2,25005,895
151719,315,10025,3151
1251,1,78,1201
192941,2800,4042,135
154883,18,20,676
76097,147,8525,130
19224,6,6,23
200840,7920025,7920025,15
108343,300,350,3071
6888,1,1,185
154887,59,60,369
190953,54,65,1242
4604,1,1,59
166343,13,13,241
172046,13,13,277
205464,207,207,67
173192,31,32,3835
35947,10,30,212
33444,5,5,286
76579,12000,15000,5
198218,29,552,676
76893,7497,7497,17
44208,300,800,12
74856,818,821,5078
109992,10,25,403
44772,30,30,23
39211,20,20,50
43851,10,4999999,254
107640,33398,74101,1864
9262,17,98,5856
116276,24,24,47
39212,46,46,18
97621,800,17200,386
166804,3700,3800,1235
3010,197,197,5
56034,50057,50057,9
44773,38,38,5
22527,208,260,319
44768,30,30,3
39942,99,99,11
44206,30,30,7
197775,95,475,2557
76646,1900,1999,13
132200,17400,17498,17
200582,895,895,2141
173088,43598,44249,10
173070,32200,32200,15
52109,3499,3499,8
52152,11000,11000,3
13756,1100,1200,842
200573,1998,2095,40
192970,2499,3428,2269
81202,5099,5099,10
200579,1500,2264,61
200570,2500,2508,439
192979,5900,10098,830
8154,9,17200,1891
39991,11000,11000,2
76548,503,508,16
192855,288,299,8473
191250,19153,19346,19
31896,377,379,271
76560,766,966,43
58091,200,932,329
172232,97,138,80876
171287,429,678,1321
192648,175,175,423
76892,4236,5527,19
171291,300,400,3403
76528,418,618,17
192973,9987,12092,332
21721,1197,1200,182
200039,8588,8588,506
193248,55053,55153,523
194542,74998,99900,207
140753,4000000,4750000,4
192878,297,299,10396
4541,12,13,52
193030,1116,1127,481
196582,3369,3369,125
35949,395,395,349
76133,171,171,1444
27856,300,1000,123
71830,144810,144810,11
29450,100,799995,129
128761,256,256,22
128844,238239,238239,22
158831,350,350,60
68197,20,20,111
192884,400,700,5784
58260,99,55030,86
58261,441,500,45
81923,1941,1941,125
32249,61,5075,2370
194693,2486,2486,327
112158,100,100,543
61998,200000,200000,13
194692,283,288,122
33449,99,99,58
82450,3999,3999,25
62002,24834,95000,12
194792,1000,1436,188
4542,48,49,35
62005,4900,4984,12
194790,760,1589,336
62012,199000,199000,5
194789,1425,1425,590
173041,44,444900,196
194788,760,1295,310
173038,3,3,584
194787,1000,1870,382
173040,39,41,237
194786,2599,2999,194
62018,124500,125000,9
173039,3,3,187
76652,821,821,29
67444,50692,50692,7
194810,474,1294,130
194811,397,889,189
194813,700,855,193
194816,900,1299,214
173042,13,444900,185
173043,3,444900,484
198256,600,1105,130
198619,14000,14000,6
33782,456,456,29
38766,11,15,146
38771,11,17,91
38775,90,100,60
38787,10,10,141
38790,80,184,32
38793,10,10,196
38794,98,98,21
38796,100,119,35
38808,10,10,76
38810,10,10,54
38821,1172,1277,46
38841,49,50,77
38845,53,53,120
76572,2030,7030,11
76520,118,119,12
176871,219,219,8
76562,500,500,13
58094,2998,2998,627
52082,1500,1807,87
2304,1,1,876
194577,3500,3900,649
194574,1739,1739,59
76538,312,315,15
153713,375,380,286
171301,25,444900,140
40008,1194,1194,13
60578,27247,27247,12
76555,214,216,51
104120,1800,1800,1039
139315,69975,100000,325
22786,173,290,9343
57192,70,74,42
76657,218,772,22
76687,381,249100,24
76643,2354,5014,16
58269,10,10,229
110609,78,141,282334
144329,39898,39990,431
189154,1079990,3989992,106
34763,50,50,66
2515,2101,2101,4893
192894,47,47,1670
36918,323,400,156
199052,9995,9995,16
20881,99,99,42
20877,60,61,60
20876,61,61,58
20875,62,62,82
194541,70597,70679,164
20874,60,60,92
20865,32,32,681
20864,31,32,667
20863,31,32,628
20862,43,44,774
20861,31,32,677
20860,30,30,732
20859,31,31,625
20858,42,44,730
76673,517,517,33
15416,500,529,4834
98117,148107,148107,1
7676,69,95,3937
193247,19999,25440,2954
36784,17500,25999,49
27854,3,3,400
194823,1349,1999,28664
3669,88,88,82
2512,250,250,200
192861,339,1093,47456
200633,128136,128136,8
109124,140,370,123354
167738,23,2519,80845
3013,4,288,84
210249,5097,20040,4175
3172,4999900,4999900,16
197744,325,431,81033
1081,2500000,2500000,13
136633,1998,2033,1340
27441,999,25549,4
89868,4265,5080,207
45768,6400,12500,262
30816,1,1,825
44128,6478,9000,3556
8838,900,1782,32335
13366,140519,140519,4
76654,200,269700,26
13363,450,2500224,2
123919,75,670,550392
192622,65,65,298
213028,263,263,1
213201,281,281,1
213194,258,258,1
171833,611,725,13759
169333,40,88,295
213041,8000,8000,2
4625,1050,1762,18316
27678,8,2000,38157
212767,299900,299900,5
89639,180,380,863
39774,644,650,2540
37705,200,314,3924
154164,68,100,36267
192715,166,166,38
153636,794,1157,23482
152506,150,273,54762
194689,197,197,199
192899,571,571,5633
193960,58,58,264
198311,3091,3092,320
43463,3,6,235
22787,342,4000,8149
33457,3,3,61
176872,4371,350000,33
25719,999,2000,11737
176087,197,197,67
180317,2000,2000,110
158859,110,110,141
80590,90,90,75
38774,248,254,42
193214,35,52,247521
155603,40,50,928
60398,21,21,60
169332,16,16,29
38799,258,259,72
24231,1068,1068,50
194969,14,69,400062
10918,88258,88258,16
60396,20099,80099,208
38929,396,952,158
137238,29889,100000,104
4555,2,102,257
176391,393,393,13
39151,790,1122,2589
175955,500,500,29
38987,563,569,333
43104,781,785,1043
197754,17,29,78536
173874,130,1111130,242
44456,113,124,38
52745,852,852,32
176865,41,41,39
178017,2467,2467,5
201468,1272,1272,103
23575,16,23,79
192630,95,95,79
193922,59,72,217788
23571,76100,76100,1242
5829,9,9,35
81411,72,74,74
23446,398,406,3058
11391,53,4999999,73
7067,79,119,1505
108327,118,142,1420
60397,65,65,42
39569,700,700,7
192910,450,455,70
11382,103998,105500,203
29425,647,647,1183
58264,74,75,21
191362,2669,3800,1294
138967,33,35,2496
212647,20000,20000,5
191377,1400,2999,1026
137643,100,2550,2
23117,100,247,1420
23938,7452,7452,41
187634,10039,10039,220
117453,86,86,76
117439,114,114,95
189151,500,500,67
113108,70097,123497,26
2319,258,1500,72686
7080,6450,12000,49573
109128,140,280,80863
45060,997,998,19
200786,1989,1989,28
129034,5300,5900,4139
139288,56900,100000,130
127037,46,10000,7511
152507,178,275,67085
182707,99925,99925,3
139503,8200,8500,107
163700,74,75,43
22829,63,98,367
190394,108,137,291952
197757,93,154,356839
109142,11,13,3377
23984,1,5,1326
43366,2677,6130,89
58267,105,123,29
89683,79,89,47
197742,9,30,238730
171269,624,778,562
115811,5555,9114,8
173173,300,400,1624
39527,225,17200,44
23436,3000,6051,33
45789,5900,12500,212
204237,5605,6250,157
191532,16999,17000,10
152497,174,194,260
193565,9899,12500,3801
192964,14835,16460,1285
192932,15132,16004,2368
192925,15927,17197,3214
15417,120,361,7437
6372,269,1864,2867
194730,23,89,351539
109693,79,148,93531
19183,1,2,5893
192635,61,61,520
192647,182,182,106
53069,25,17200,998
163152,2475,2475,23
53072,19,20,1694
163151,2599,2599,25
31912,475,1200,67
171441,1067,1188,197
13759,670,15000,1052
175054,1838,1938,19
25802,4098,4198,5304
192850,173,178,19281
34825,1651,1651,1
25707,2501,17200,516
194011,30097,900097,63
200007,1800,2499,96
191533,1583,1586,105
191512,1400,1898,266
199963,617,617,72
52979,99,8077,5028
200224,43557,56094,6127
52340,34,55,1035
31884,400,400,68
198423,39,56,68002
192978,150,444900,362
4304,799,1080,58214
200531,100,100,95
74656,498,500,204
86057,188,197,101
87234,30,33,307
44749,100,100,43
60577,50,53,103
46376,495,4499,571
171436,51,70,220
9318,35,325400,262
3170,1,1,20
6471,118,17200,452
8172,385,390,1311
4233,597,600,2319
204860,14110,65000,1707
12810,4498,4498,5468
41119,4,4,1491
8167,789,825,3707
32205,473,473,422
132234,268,268,19
3404,895,7598,1783
82392,8,8,427
43571,10,444900,386
190328,344,375,62948
154882,19,35,1363
76134,159,160,2219
128720,571898,571899,3
178228,500,1000,120
200566,558,895,82
21217,75,84,103
44601,8,8,187
5524,292,298,599
198044,9000,9000,87
62676,25,50,88
61997,150000,573900,13
111670,32,33,4330
200568,955,955,10
198310,113,134,40
128721,300000,333300,5
111651,70,17200,319
34055,131,985,245375
188658,114,210,335029
72104,28776,44526,2307
191365,1401,2242,5876
107518,1098,1498,20
200035,3499,3573,200
200003,512,518,32
111676,25,123,10260
40073,390,2999,1118
11414,9298,9298,1
76085,2266,5999,300
6662,2400,5650,8677
162112,962369252,962369252,2
201991,25000,136969,5231
9206,3508,5999,600
195459,200,243,40
16204,25,999,105338
158377,849,899,41
109134,44,16549,9732
124117,80,111,3967
19269,2086,4407,25
193931,955,972,19058
60394,2000,2000,30
22528,59,59,311
72234,62,71,11787
62414,42,42,62
18285,1948,1948,5
40182,2508,2508,46
192609,58,58,68
110621,491,493,19
172411,25,25,335
38960,52,55,196
172407,98,444900,129
38912,15,45,23
89737,91,92,15
112115,1999,3455,10
38959,35,92,26
111673,26,399,1872
39003,1193,1193,38
144306,6950,12850,6
153434,225,243,19
128543,15505,15505,7
38971,72,72,59
12655,360,426,5287
7191,997,1005,9345
159,2,2,1951
198199,2000,4798,2789
192903,300,444900,104
162113,50000000,184546163,2
192972,800,1095,255
198247,677,821,210
198304,100,100,18
28100,693,750,339
198298,100,100,74
109135,45,2068,11652
111433,200,300,836
200037,7282,7295,906
198279,520,541,139
71807,28684,28687,37
189542,2550,5367,2742
194723,285,300,45
197762,150,150,2444
33451,93,93,67
52178,945,9999,8941
52182,1235,9808,8434
128632,89,511,2243
44958,1464,1499,2911
210248,58,771,6827
162111,37070927,37070927,3
194569,3489,4849,4740
38303,188,200,228
27664,299,961,572
132517,16000,18000,63
200509,6,47,3012
108323,277,778,1724
108324,107,250,8825
7910,336,600,2543
27858,3,3,125
36921,425,550,111
108329,400,400,1113
108330,865,966,3294
108339,113,450,3688
108340,79,157,3348
52192,5900,31049,1388
1206,1847,2200,331
37703,200,225,11711
13463,569,950,1240
109125,140,393,143032
172053,7,1005,29134
23448,27598,28598,3071
38848,556,556,22
33447,90,1000000,952
152812,9400,10050,621
171840,5,20,34897
133565,50,55,349
175241,14,499999,546
3356,594,624,12594
3357,471,1800,3498
169456,1899,22200,1111
194846,374,425,14589
2842,2100,4575,8981
78883,30000,32299,619
109217,100,200,861
205224,4197,4198,9
52177,1200,7588,6638
172406,96,444900,145
128561,983,9900,6
123918,910,2199,547591
200826,1455,1455,36
192623,60,60,71
187825,16999,16999,123
52328,1699,2000,7543
5133,588,588,15
54830,152,752,7
52987,495,636,5517
62784,103,1999,29951
33459,3,4,49
52757,4561,7120,57
74833,394,5045,6297
128553,43850,43989,175
43013,208,1012,83157
200022,6686,10586,3918
38895,13352,13352,39
24066,246,386,12
52242,7499,10000,37
193243,69,498,9655
71842,60757,149800,48
24055,2624,176212,8
141320,4421,4421,45
40130,4000,291000,10
153512,500,1100,32
77589,30,40,405
103797,81,94,109
52300,27553,27554,4
32410,3499800,3499800,1
40162,3000,3000,33
187831,84391,84391,225
193924,116,133,1349066
193929,1400,17200,1054
141318,666,666,45
40124,3040,3040,14
160399,20,29,5704
34052,270,475,21251
17222,25,45,233
28119,11700,11800,235
54448,19898,19898,14
128500,75,233,3755
163707,11899,11899,34
163695,1899,1899,2463
36860,4250,4500,949
176811,55,80,247
171272,29,444900,160
106888,1098,1098,146
118006,17,22,887
106889,185,185,61
107517,34,34,34
188827,25000000,34999900,12
136556,49,50,34
41400,4029,5331,56
180309,2200000,2600000,30
188790,386,386,13
153668,500,50000,74
153666,1800,1800,7
165017,194,194,188
74839,572,713,4223
112090,1075,1675,568
18294,2580,2584,642
171285,500,1195,781
200021,7022,28900,959
128559,1645,1646,58
76142,500,525,1127
2289,2,2,707
62786,239,577,2430
2290,15,15,376
3012,4,8,85
3239,3,3,267
190395,42,53,72958
4585,35,35,67
1074,13,13,34
172096,2200,2503,9133
193563,197,197,260
56205,179,200,27
198293,550,550,328
198223,900,900,4158
192944,12032,14155,75
38873,59965,59974,263
20813,1545,32001,20
56550,40299,40300,47
20812,2053,36303,24
31892,375,499900,612
62340,4313,4313,18
47831,7563,7563,9
36907,445,9500,2915
199993,508,510,189
194850,11100,13299,316
74661,12578,12582,55
191939,100,100,1198
198504,597,598,106
136547,395,2500,63
168489,5077,19999,696
111450,43,43,312
190531,3899,3900,3921
171275,900,3739,782
111434,95,795,603
168500,7777,19999,265
184392,2000000,4000000,27
60393,90,90,28
136545,200,1000,48
168653,18700,39999,484
49884,15000,20491,107
200789,3900,3900,71
191380,337,390,4464
136548,500,54662,39
56204,439,440,30
168499,4444,5519,121
4875,2001,2001,10
199956,500,749,296
109140,60,66,175500
199957,501,501,63
14344,22,1019,203561
19700,570,15018,3285
111452,70,70,463
111447,95,95,597
191948,89,444900,236
173051,4500,50000,76
122347,314,1000,1674
88532,400,495,47
109160,995,1000,792
199958,501,501,30
30183,1829,4999,2284
100739,501,3061,472
191933,88,3988,1414
171289,300,450,2746
200061,1300,1570,53912
200615,9894,9900,277
124438,1,75,77439
199950,512,512,141
169152,8475,8475,471
67405,100,100,6
174283,19,19,270
129158,65,168,1404
122742,4,5,208
116271,1310,1320,28809
191352,177,229,965
201724,771461,771461,3
76083,525,999,313
76080,648,1056,519
76078,882,9500,503
76076,298,331,1401
198492,147,523,1287
171370,100,100,525
77101,13922,15000,610
163222,49,4499,476
109219,1210,1219,593
116268,575,1680,600
7068,4,4,5124
3823,527,995,453
3301,2,25002,55
172233,275,2975,1046
113530,50,50,62
127841,2995,4785,119
11939,199,24118,24
8146,6,8,17
74642,158,1058,60
35285,500,17200,154
178551,1539,1539,9
109129,140,345,96528
3299,10,92,26
127720,5999800,7348703,2
106870,288,4999999,157
109127,140,315,62000
4787,6,6,114
179307,19194,19194,8
184308,18,9919,807
2863,1,2,157
127837,8498,300000,70
172415,190,250,71
19230,2301,2496,28
6290,5,5,245
158863,119,119,40
19232,84645,90000,18
169661,241,25000,5
177716,23,10023,245
35557,9555,9700,502
194580,900,950,18
173077,20200,20200,29
173094,15100,15100,18
38375,75,575,543
177841,98709,104909,9
191494,9069,9087,10034
191323,2493,10000,1421
207086,37950,37950,35
67289,750000,750000,29
2320,1,1,589878
163581,99975,100000,3
27674,20,2045,904
5637,390,390,226
163018,13397,15000,43
168663,343,499,11367
133688,19,329,83
173060,199,200,6387
191475,498,574,2874
39354,1,1,208499
192853,250,264,1702
49084,4500,10500,557
193940,37591,41499,1894
22788,900,1895,315
76630,36272,36273,6
199959,520,520,36
67281,239953,239953,24
733,10,10,113
199952,500,750,79
42253,100,17200,10904
39970,750,784,5550
200619,114999,115000,11
20867,62,63,61
20868,387,533,73
20870,65,65,41
20872,72,72,60
20873,63,63,39
189143,125,199,63231
130179,550,1091,521
20879,67,67,67
199059,800,800,20
198280,7500,7500,331
37701,75,81,9467
172055,7,1000,38021
200572,183,194,33
112177,1010,17200,156
172063,412,413,7294
34850,1100,1100,44
198183,43,99,3457
33547,20,213,31
29448,1708,1708,49
68198,20,100,873
31901,350,499900,364
29412,262,262,37
9317,4797,5050,13
11415,100,100,34
88491,775,775,2060
173160,10000,50000,999
200032,5044,5044,236
53067,200,17200,614
2723,5,5,86
23756,142,145,98
199987,1000,1000,237
38879,2007,2013,8
108302,1318,17200,573
44458,793,793,108
74711,48,48,64
153476,7300,7399,137
38997,792,794,48
52781,8634,10162,17
37118,1,1,524
72988,20,210,21636
9314,2493,54593,23
199986,525,525,361
200004,990,1058,58
201314,575,590,147
200006,594,2014,65
198174,6909,6909,55
81405,13,100,161
200614,500,548,51
172056,14,14,1369
152638,8005,9000,346
154884,18,560,538
28056,15547,15547,1141
22448,77,84,2494
31672,450,450,458
24338,200,900,180
118631,624,624,222
158379,10,10,725
49908,700,1050,1061
160398,15,16,2897
165755,500,500,293
23334,190,195,9
109123,1050,1305,145151
23386,299,300,13
160483,20,45,40
113274,4500,4500,15
17119,1,1,58
185910,51897,51990,275
178538,4999999,4999999,18
53068,2587,6889,5142
2070,1,1,25
76094,15,16,188
52770,2678,13927,25
52756,293,493,65
171292,400,4583,5272
42428,393,393,50
770,4316,4316,3
5206,24824,24948,26
5472,1,1,375
8827,1388,1982,1321
27677,4,5,20631
194856,1500,2799,2946
29426,1400,2939,12324
151721,245,399,451
13452,3299,9999,385
198495,1560,2500,44
38772,52,55,176
21557,66,69,129
21559,2,2,94
21561,39,39,73
21571,93,94,143
21576,1734,1737,149
171831,333,900,23375
39974,2265,2265,1
21592,92,92,36
172062,420,499,770
39204,913600307,913600307,2
75016,285,589,349
130178,1077,1077,232
159466,150,200,421
132509,4099,4200,24
21213,400,500,3081
52986,975,1749,17017
17202,11,13,1068764
198161,174,197,699
159464,200,250,100
2880,1,115,16415
13447,150,385,1351
130183,388,400,378
130180,1067,1099,174
191534,50093,110094,40
10307,84,2584,167
195466,100,100,36
56477,23,167,82
169130,41,41,59
152495,60,60,387
152718,500,500,38
38878,28994,28999,86
128849,2000,2000,12
132752,18,480018,177
159867,16,16,115
3664,3,3,185
59596,300,300,68
171428,2211,2743,18149
192708,2800,2800,19
171267,78,129,1084
192746,216,216,13
200772,1238,1238,34
192661,174,174,19
192670,189,189,19
193895,300,309,177
192697,4800,4800,34
192617,64,64,766
192629,59,59,423
192650,200,200,15
192625,70,70,787
192657,170,170,70
192863,250,255,2720
130176,330,396,1553
190320,222,276,72383
193470,105,108,28675
24028,15700,15745,26
24065,568,670,17
41339,10000,14000,289
67319,54415,54415,82
76095,100,100,316
118565,49981,49981,112
169675,1281,2200,239
41496,900,900,1
57099,225,225,113
162555,295,299,215
138979,496,665,96
130181,14870,14875,150
67323,375000,375000,30
12820,10000,10000,531
54620,214227,214227,8
52575,173520,173520,4
33470,16,38,140518
109143,65,70,146841
109139,17,42,6842
22642,2720,6000,336
19306,2,45,275
200578,197,765,268
19221,2,2,127
35758,1176,1176,75
194731,650,1800,118
159792,100,100,11
105724,250099,250099,19
12203,3,1001,38926
4600,39,39,50
8932,14,22,191
114016,250,250,40
38625,17200,17200,65
43652,13,9914,267
23438,300,300,158
23440,700,1000,147
205459,100094,100094,21
158828,650,650,24
58487,9345,9536,871
38798,190,190,11
153478,13798,13850,116
120150,100,100,207
159785,10055,11155,63
75037,44,99,110
159787,6500,7399,93
191520,875,875,74
58088,9800,9800,561
127840,97,3126,128
52555,441,667,5790
40919,2500,5013,596
4361,75,9975,190
21031,100093,100093,7
74728,2205,2209,82
20963,850,1164,3055
211270,10900,10900,81
199054,1306,1306,53
199056,4999,5726,22
41594,10504,12962,540
210246,8400,10000,476
191872,3799,3800,35
194734,650,650,21
43119,890,890,1028
5477,10,38,116
124671,7075,8000,8970
27439,30,1950,8062
194871,14946,14947,6
195457,1176,1176,42
204994,220000,244900,1097
74845,1495,17200,458
194804,3775,3775,108
6530,1,1,1131
22826,39,658,134
172057,10,10,2875
44739,350,350,150
38861,40,40,56
38896,19359,19365,20
44922,10000,10000,1088
172059,28,213,5162
40072,2427,2427,163
31916,299,372,53
160400,74,74,1795
33546,20,20,33
200810,577563,577563,8
204092,96886,97500,60
107469,75,75,89
62658,288,288,69
71808,111599,111600,108
34768,750,750,66
38376,10792,10793,20
38870,100,7241,5
137556,1543,9999,85
112180,20070,20070,7
21840,48,125,5917
36926,62,88,298
128728,649999,649999,2
6370,899,900,3883
13512,44281,44281,114
199945,550,571,90
46766,15000,1500099,16
128723,440947,440947,4
172018,13500,13500,352
139338,46118,47448,110
115512,25599,25599,54
52748,9998,11112,73
199979,687,687,448
2454,63,325,200
194821,993,993,719
127004,195,236,9453
128727,450000,450000,1
140568,39900,39900,5
200023,15049,15900,3221
44466,2248,2248,21
201315,500,500,187
17708,4598,5999,143
128726,450000,450000,2
194758,2376,2752,1202
38948,11745,11745,44
142117,102,1298,2996
190314,7499,8608,25724
62524,4999999,4999999,6
192897,380,380,182
158927,12331,15000,20
202065,59,59,90
31673,250,550,36
19268,347,2156,59
787,10,11,107
19274,799,880,11
122343,1765,1765,72
44274,148519,225819,22
172921,29,40,244
122344,497,498,46
44272,40000,44500,15
144305,9899,9901,61
3389,1900,1900,229
111445,24,34,742
31903,7999,8500,275
31902,375,400,272
51950,2677,2800,6965
200785,6910,2569091,6
184096,7500,100000,64
128719,449900,449900,2
39004,550,901,6
11185,51,299,164
155615,36,36,75
30458,95,95,21
31886,300,400,179
17307,115,115,33
199943,501,506,98
180058,2000,3032,891
197847,1200,1485,315
44455,245,257,87
194803,4000,4500,107
158771,200,600,171
79305,216139,344705,4
128743,300067,300068,5
129000,500,500,55
1180,4,11,80
193923,111,112,312892
955,3,4,74
76092,500,500,2169
81200,10,10,137
74919,2500,2500,24
192673,160,160,27
79102,35,40,56
153435,2595,2597,122
153437,25,25,130
111650,35,35,1035
153431,200,200,5
200040,14999,15999,2854
7097,1,499999,108
208189,451198,451200,65
192663,354,354,17
5263,215,2000,274
158746,200,300,52
178217,25,29,510
76563,300,302,22
10286,18,48,12736
38914,93,94,126
38864,2999,2999,60
79287,100099,100099,5
112285,3099,49999,44
76138,575,575,503
112297,400,3430,39
112284,2970,2970,28
112271,8799,8799,39
114836,500,17000,2257
19278,2000,2000,22
33236,12,18,111
76701,1000,1000,33
23098,65,65,37
112287,1509,1509,102
112293,1500,2870,40
112276,451,451,36
112277,18800,19900,50
112295,2970,2970,24
112301,2999,3499,48
112273,9000,9538,37
5128,395,395,7
112282,1876,2376,56
112275,400,33800,40
118899,200,200,7
39956,150,150,13
112298,8634,8634,26
5569,500,596,4
39955,110,157,2
112272,451,451,54
118898,142,395,22
39951,195,195,7
67401,100,2500049,4
112283,2000,4500,32
112279,56925,125000,47
112292,2769,2969,39
39948,199,199,10
112290,2484,3740,34
4775,45,45,17
3676,77,77,19
44292,52762,52762,13
113135,800051,800051,1
39935,87,87,4
204623,950084,950084,44
39934,250,300,7
171350,300,444900,260
39918,99,110,2
76568,150,150,27
152641,4500,4500,96
76561,190,190,15
113140,666669,733319,2
76504,150,150,8
127838,9555,9555,186
76502,100,105,134
32067,545,1499,1064
52175,1000,1000,14
199216,34205,34900,572
165016,147,150,332
158751,38,38,276
52173,1028,1028,10
158861,188,188,571
52164,1444,24878,4
52121,95,100,56
52093,589,1244,17
153633,2346,350000,9
153634,1249,1831,18
52084,975,1489,37
52081,550,584,14
24060,806,15000,8
128733,349497,349498,3
41483,200,200,4
128735,449999,449999,3
41453,2213,2213,6
39968,112,236,6
2313,8,8,88
39967,150,150,33
128732,450000,450000,2
39965,250,300,10
128730,450000,450000,3
44264,9999,23600,17
140630,38726,48726,142
44282,65736,65736,11
12003,19599,19599,14
17196,1710,1805,208
130173,289,292,1094
87277,475,500,1646
172920,60,444900,158
140347,26,227,286
12804,20,17200,10810
71882,127398,127399,37
85221,6700,11800,318
104126,5600,12500,368
2734,554603,554603,3
39210,538,538,3
2735,550098,550098,10
178545,30,55,398
39201,3712,3712,11
39341,758,17200,421
10647,86,136,12213
33632,25,25,29
36781,700,935,196
67229,934,7553,1185
52240,14910,15000,23
52687,871,872,8
191366,289,19800,267
52743,2035,2035,44
52749,1000,1027,54
38921,5444,5447,32
32229,58,5070,1539
38875,6428,6433,80
158871,60000,68990,18
38968,190,200,38
22830,2494,2494,177
28104,1001,1999,948
44449,210,210,35
74724,1719,1719,62
194725,695,695,498
172416,25,444900,166
200851,4999999,4999999,2
39000,6565,6567,24
5566,4999999,4999999,2
5465,11,100,87468
163075,3300,3300,41
168185,500,1044,74532
61986,2000,2000,64
191360,1733,1750,172
172904,699,739,121
15407,325,400,479
32718,75037,75037,24
124115,280,608,102882
2748,500071,500071,5
21072,1,1,393
58489,6699,6756,2821
124461,1195,1339,8723
136558,1485,1485,43
41146,7200,7600,30
79314,12441,12441,7
88530,4999999,4999999,1
38836,3094,3094,68
167539,12500,12500,852
194857,564,777,5665
3402,25,25,9
194576,9087,9089,16
2589,5,10,61944
174281,145,145,94
152550,2487,2538,23
35622,3506,5006,675
113275,6305,6500,34
20545,263,3163,14
198253,2000099,3500049,4
41812,539,3200,4191
153669,50,2500,33205
173057,125,4403,25457
108391,1742,2042,78
200048,45999,46000,54
38990,3999,3999,29
152579,798,1055,27145
21222,500,500,301
198508,12327,12327,130
153700,939,944,1702
18641,9999,9999,129
19270,64537,65037,21
200849,100000,125000,15
38767,12,12,10
198237,100,167,370
190532,32499,39193,1214
42751,6638,6995,127
45621,169,2999,450
34764,45,45,89
110652,3200,5443,31
8766,2,3,166
199981,10081,10087,287
168586,648,1580,17688
2750,3342210,3342210,4
128842,9999,9999,17
4235,8800,15000,404
9210,11400,11630,1478
38888,4869,5947,43
168215,1155,3759,26034
108337,400,460,2119
12202,2,3000,3844
15871,100,113,382
19275,1959,1978,19
89329,150,150,77
200042,1551,50045,348
89326,300,300,41
111665,16,399,2183
80591,5,5,44
74248,238,809,16642
111438,100,110,354
62781,578,5000,8330
136553,6600,15800,6
3730,24,1500,18276
192668,1559,1559,7
139786,4877,5500,1090
6049,400,430,11048
67415,506,595,494
3685,17,29900,24691
163781,3500,2501749,4
111658,100,17200,403
171828,148,174,33166
191945,880,950,5521
192960,15000,22800,69
63127,700,55589,1305
133564,1200,1200,1098
18232,6500,6500,1582
206968,5539,5939,57
175788,46,47,73078
44165,350,398,206
44145,350,398,67
194814,200,400,193
53066,45,46,8952
133576,401,401,997
133575,14,14,1222
44144,396,400,383
44147,350,398,226
87230,296,296,247
192914,300,300,458
111453,799,999,970
153635,5,5,59952
41814,588,1042,947
168310,85,87,268
142334,63,80,198
159920,145,151,40
124440,300,1099,77996
74841,173,931,39811
19698,1855,6910,9065
27671,184,5082,16024
210456,218888,219898,288
8839,900,1878,57819
27681,420,5073,13876
199954,599,600,133
114013,200,850,2
192095,85,100,57004
114008,348,348,11
191467,90,96,20258
124103,531,1295,30170
190396,39,56,287011
41805,2000,3150,2396
160484,199,899,36
2456,55,72,944
52135,2000,3328,7
2455,24,24,356
52124,2254,2254,14
194798,1400,1500,198
12214,99,100,14
44291,6000,6000,14
44155,4505,4550,65
43465,4,5,47
72986,44,73,693
43004,15,15,165
152639,4748,45000,1440
5523,74,17200,1363
192858,291,297,10897
19699,1442,6721,7981
64670,23,25,661
182581,2400,10000,1223
3670,2641,32550,375
172008,599,50000,331
2924,18,2100,3839
190326,895,975,124628
76132,8055,150095,3484
194794,2850,3536,179
152615,12221,13698,699
173056,4800,6900,12182
5373,6771,9992,2429
194806,3430,3500,145
168828,8000,24800,14409
194807,19000,20000,58
2934,95,988,11917
53051,274,275,1352
79251,303,5095,17721
158189,99,3590,6150
7909,100,170,10157
2604,1,1,70177
197720,22500,444900,97
2581,9,15,517
124102,645,1000,70298
8845,4111,5589,2145
197743,143,226,47679
3712,379,2549,4643
89888,528,528,2372
6470,93,156,16233
5525,2,2,536
31887,1317,1317,54
27437,33,4000,1852
53065,1889,1890,2327
191468,108,153,110653
3181,10099,100099,61
11390,4999999,4999999,2
167862,1799,1900,790
68779,2097,20000,57
29460,3929,47000,9548
2745,3718900,3718900,3
6362,10,24,2010
6316,1259,1259,30
33042,500,500,78
138982,10000,10000,1099
40079,500,2201,101
20770,8662,8662,22
2770,250,452,172920
24508,14,15,360
192552,5233,5233,1836
85584,749,17200,254
117474,4999999,4999999,2
69237,75,4000,3949
3858,499,548,39056
108309,5040,15480,110
139417,82768,84273,195
179003,461,4999999,9
174282,999,999,54
128988,31815,31816,7
22793,1300,17200,126
14343,37,42,2815
85506,125,15797,1499
5469,10,3000,7328
191464,198,240,6966
1688,4999999,4999999,3
153646,39639,80872,32
161373,175,175,32
108347,4515,17200,56
44758,4000099,4999999,70
179005,3500099,3500099,3
20416,290000,290000,7
159468,98,99,39
63296,25664203,25664203,2
6037,1450,1473,5313
771,99,4999999,35
108346,3465,17200,215
115464,10000,35000,3
43102,4000,5499,1620
32428,70,17200,9991
43501,200,450,4590
198176,19895,19895,223
200790,1087,1087,123
159869,500099,9999900,16
198233,11594,11594,180
158926,4999999,4999999,2
152548,1000,2995,4401
152560,4800,5999,297
199053,1100,1100,23
25418,20,20,147
193262,100,5000,133822
191495,12238,12299,5098
54619,4999999,4999999,3
133591,50,100,2587
133590,48,71,1500
43011,135,17200,588
128989,7598,7599,10
72163,900,1260,6351
25425,298,298,59
194754,22120,22222,2650
13457,1479,1479,22
13458,1281,1281,164
127848,2496,2596,131
45200,88,88,40
22644,98,9500,1668
45191,199,2500099,4
18253,14992,18792,40
8948,2,2,92
197854,145,10089,134
76098,65,65,56
200816,3380,3380,25
197758,20,20,193
95482,4020,4020,16
124439,1,10,21363
74249,3,100,127430
4605,1,2,23
187636,620000,999999,133
52188,358,1200,1326
52980,24198,34552,1336
168446,13200,13250,232
4232,378,391,4173
77543,2537,2538,17
77547,1996,1996,28
77541,1993,1994,46
77542,2461,2461,6
77545,2592,2593,86
77546,1864,1867,334
131729,3400,3599,239
187884,148697,148799,325
199976,1100,1160,1414
77540,3057,3057,24
71810,38094,41198,47
77467,1344,1344,4381
19222,17,17,340
160092,100,130,86
19300,2,2,471
19299,1,1,350
28284,776,776,28
62505,50001,50001,5
44314,91,93,50
192977,100,761,1370
155811,500,15000,152
199992,504,505,138
52194,3998,25072,2886
153665,580,580,230
199948,517,517,232
192702,2040,2040,5
192880,29,35,271418
197794,3700,4076,15197
152561,589,589,570
108353,13900,13999,231
184090,3100,3168,605
113355,395,409,147463
22447,62,29900,19108
143619,854,854,1
3385,25,25,726
39524,2800030,2800030,22
61978,2300,2495,8551
82300,1204,1204,45
4606,1,1,36
39520,9,11,179
27859,3,3,82
193050,10,11,986102
29452,4,5,45
191350,5648,7169,1765
22525,391,391,87
2321,2,3,29496
132231,22,22,371
10620,57,60,34589
42780,40,80,17718
53070,15,5000,4559
74247,38,44,21062
35951,240,240,46
6371,555,555,623
154898,7,117,8789
3173,23,2539,1777
74847,1198,1995,5221
197795,1993,2004,1317
191358,482,590,7843
197786,100,200,12283
158783,2607,2607,32
43145,4999999,4999999,2
37702,426,437,3353
197778,65,70,10077
140189,500,500,88
191338,8550,10864,936
124441,941,1249,26584
61980,582,17200,593
38425,3625,3650,4101
210688,93349,93349,38
2678,1,2,451693
38988,298,298,23
200056,149997,230000,18
774,100,4071,6858
8153,34000,52000,2966
130192,2000,5000,244
22837,4992,4992,314
186982,3074,3074,27
139352,75000,99900,119
129018,74518,100000,330
6317,4899899,4899899,20
21558,6,6,84
109223,45,78,9886
158327,320,325,26
108345,600,17200,275
2595,5000,5000,39
74846,500,1099,6989
173163,39029,50000,549
108363,5500,9006,118
128846,1171016,1171016,154
2775,2520,4500,14554
11584,523,523,60
168583,919,2500,12529
153033,87498,145000,269
3860,525,743,7661
174328,399,403,603
168487,930,1240,22711
43107,2094,17200,510
74864,544,836,4189
192844,97,100,10580
34056,26,485,44330
178536,12500,12500,16
129284,5792,9284,72
200099,7777,7777,21
2592,6,21,28583
153702,1000,999900,2116
39349,1000001,5000001,10
186017,3500,4688,693
200577,3062,3346,23
210673,99199,99199,184
199055,200,200,25
108306,627,17200,587
12360,27697,27699,3047
38894,58147,112188,6
13754,687,739,208
191493,10000,10750,354
36930,1595,2900,104
191940,2339,2500,1400
32576,1,1,73
4399,10,10,21051
178114,250,4999999,44
36782,350,16968,1655
58085,11800,11848,33
192616,2500,2500,13
184100,7400,7500,235
76089,296,311,219
23784,1967,2886,712
128997,26608,2513303,8
198261,57588,57588,99
19265,35089,4999983,9
3818,929,999,15318
156526,14999,21974,231
28103,788,1999,674
191374,894,19800,19456
112280,2079,2079,16
179992,199,199,304
193029,6499,6700,17
40081,945,945,66
19281,8233,8316,11
117457,847,50099,56
62790,34,10000,3389
172365,160,160,92
109118,57,100,248398
81407,83,95,24
194010,2049,444900,169
94289,2510,3705,567
3674,9,15,12
168498,3499,3499,403
29393,299,299,12
38927,30299,30591,15
117473,4999999,4999999,4
163102,4999999,4999999,2
79255,898,991,10103
108301,2500,2588,974
1015,5,5004,3609
180457,3400,3647,252
52183,1200,2736,15877
58089,1568,1568,92
170173,14999,14999,114
193938,41900,41900,222
192859,583,1579,1768
191331,724,19800,1410
192860,262,297,3670
178149,125,169,65
204072,999,1534,68255
6308,18,2500,1805
172361,420,444900,371
2324,3,3,10415
199983,505,505,110
1468,15,50,10400
173128,4499,4500,385
193255,305,405,201043
3857,3,7,23748
191336,2944,3497,1061
191349,1890,15500,575
192955,27208,29976,2286
12037,17,108,82835
168589,902,1350,19428
4338,7,10,81118
4341,18,62,13914
187704,15,187,52975
74250,32,523,41832
19272,6700,6700,13
30817,3,3,48683
173059,209,300,211971
152577,129,130,102136
204859,479,783,2850
171266,800,1775,998
192887,7900,9499,1268
198414,1000,1077,11355
194123,195,195,60729
192912,300,742,264
172934,206,206,1967
192908,595,444900,376
153715,500,444900,541
168449,13900,14999,236
191340,2000,8548,2990
192096,70,104,528639
197788,103,110,17811
3371,1,1,181559
71998,244,1254,5369
171271,30,4176,244
173037,18,289,3225
34057,114,2985,62670
171841,17,30,35708
173127,3000,3300,482
172363,548,10599,610
2605,1,1,62794
192931,10380,11781,67
197790,205,260,47816
25456,949,949,375
199962,575,575,49
193946,125000,250000,173
133557,19,20,912
76734,300,20099,2640
22375,9801001,9801001,36
198395,100,581,2161
41800,12495,12495,262
213035,29980,29980,1
111446,72,75,518
213361,20089,20089,3
20871,69,69,33
24479,16000,16600,1507
192695,1985,1985,24
191397,123,724,1442
199206,35,35,519
36812,1198,1320,232
36913,2373,2374,10638
200838,3000,4500,44
168822,1000,2445,27780
200000,533,533,44
192654,175,175,24
80593,50,50,22
186522,5533,50000,283
187933,144999,145000,421
151565,1195,2121,66744
192627,64,64,132
151564,794,7500,75870
27636,25,25,11
72238,399,600,50363
47556,500,2500,2164
192705,3000,3000,7
129029,86271,89773,264
104108,500,12500,1217
20552,570077,570077,11
168312,1500,1500,655
133940,175,175,3012
173067,19000,19700,637
140631,3000099,3000099,13
82451,500,500,32
4342,13,27,11625
163391,159,159,45
2684,49,49,113
175069,6565,6565,27
162554,4999999,4999999,10
193559,1499,1499,39
196583,145,145,212
131746,3267,3267,523
2683,6,6,100
200811,4999999,4999999,52
110642,2800,9999,60
36916,2488,2492,5413
93970,322,322,275
27661,109,110,238
34599,17,17,62
31911,400,499,32
23100,85,85,85
74712,71,75,57
85501,500,527,41
56850,1975,1975,4140
163785,4999999,4999999,2
40536,10,954,2006
52983,416,443,51931
3729,7,35,93
62328,131,131,22
187934,145495,199995,271
182121,99,99,20
9334,527,527,7
39684,95,95,2491
62652,23,23,66
192895,70,197,289
87577,500,500,236
38812,71,71,27
138986,4999999,4999999,2
3531,10,15,2689
200776,4999998,4999998,20
34769,4999999,4999999,1
35950,500,500,40
162546,4999999,4999999,2
39001,149,150,19
2682,99,99,48
74834,697,5000,9844
163138,899,899,7
189543,34200,37947,3095
27516,8464,8465,39
197750,25,77,53003
109218,311,393,2236
38778,357,357,34
192651,189,189,19
153627,1800,42700,19
190330,298,590,46203
68786,19997,19997,20
133563,15,15,328
41595,10581,11614,2416
2740,4999999,4999999,3
169300,482,1682,266
43535,7100,7114,370
198417,3996,3996,6661
194826,1129,1400,1336
172449,60000,60000,357
2749,4999999,4999999,4
200038,8300,8400,12048
25454,78,10078,64
46098,16891,16893,47
21153,500,3000,770
63303,387,387,42
166420,1081943,1081943,3
59029,1372,1411,23
5095,560,560,26
12212,4,50,282
198045,5614,5614,17
17771,390000,390000,396
23793,2375,2375,4976
153442,4500,99900,12
136561,178,6371,8
128219,26534,26534,7
158823,300,300,17
40078,999,999,46
83157,5,5,69
25428,14,14,47
197767,835,835,12737
203407,27551,27551,237
25411,119,120,70
158865,127,127,70
25421,15,15,72
155608,32,32,58
132213,670,670,9
5498,99,251,963
40087,2000,2000,27
173058,5000,5900,8544
162561,4500088,4500088,7
10841,9762,9767,447
112321,200,200,278
74865,2244,2250,2777
193925,332,1680,7111
179278,413,456,38
165733,4999999,4999999,3
8151,4655,4655,237
29800,12667,12667,6
140355,536,4999999,3
37921,429,5000,1209
5118,5512,6884012,4
127849,5005,5005,129
76140,500,10000,1053
27663,115,115,53
76141,502,10000,1459
34411,1600,1600,73
34053,227,603,2656
17198,1774,1775,92
17010,50,7099,3161
56516,2398,2585,7693
108357,7500,7500,108
39683,28000,29250,191
140351,109,115,55
191518,75,90,1525
3728,950,999,53
36924,450,630,222
79307,24998,24999,9
142336,2,8,3316
43369,13800,14000,1058
38855,819,819,12
36933,545,594,159
151651,5000,39952,7
38897,75,75,74
29292,300,300,13
172408,547,555,14
2772,466,575,18166
201319,14069,14070,275
189145,192800,399800,296
110628,1296,1296,80
37147,28700,28700,142
110626,1148,1150,20
110625,1312,1313,13
4265,10,15,278
4278,29373,29373,232
200580,2100,2100,29
200574,1289,1289,24
200565,1000,1314,56
43012,258,2520,46273
172010,2000,50000,208
113276,97947,97947,6
30475,1237,1237,19
23573,5500,6948,944
89739,1136,1136,1
81205,10,10,17
44759,156,156,13
202401,8244,8244,74
97161,890,890,5
32716,35027,35027,23
62520,100,100,20
25409,16,17,208
201813,1033,1034,77
25901,4550,4550,45
190322,995,1099,103557
193935,28258,28258,269
5042,262,275,40
198258,89098,89098,453
200105,57500,57500,48
196584,400,450,558
10306,1420,1420,45
163136,4999861,4999861,11
195360,10099,10099,9
179020,151153,151153,5
168786,3260000,3556150,10
127846,75,75,128
128847,2000,6073,34
34759,752,2489,92
152876,2400,7900,10084
43108,175,975,1331
192911,188,194,15
27676,39,4999999,3
158834,134,134,46
151444,550,550,2
67507,3000099,3000099,28
25437,49,50,93
113277,3600,3600,15
72094,1273,1500,30808
153624,500020,940420,11
21114,8,13,55
7967,6788,6788,127
4370,800,800,72
174327,124,150,1403
41802,80,99,1253
41809,125,249,5009
52326,910,1222,52418
137557,1199,1700,131
187796,3500,50000,60
175970,100,200,435918
192971,287,400,532
191337,490,19800,1018
79253,361,366,4823
180624,24996,24996,31
43123,1550,17200,647
43106,400,1400,7837
128550,61757,61757,31
43118,3099,3099,493
43116,1844,1863,3189
173871,45,45,29
129032,435,448,144655
158186,3,903,90611
173937,1755,1755,26
23424,1400,2000,43096
198306,125498,125499,48
192671,200,200,47
18286,354,354,8
213037,817,817,2
212763,300040,350040,5
5136,6,500000,81
22573,72,200,11668
192851,559,582,124539
168649,738,1456,259369
33460,3,3,124
15564,50,50,142
22574,1700,10599,2570
54628,500000,500000,8
33874,1500,1514,3524
23439,523,600,603
198614,2699,6999,27709
162559,599,599,17
23079,74,267,374
23449,81299,81777,1189
194809,3800,4776,545
127681,50,81,4073
115815,339757,339757,3
194785,21333,21500,118
204991,17400,17469,8
1177,2,3,17
194793,99500,99550,77
194801,55500,64998,176
199051,300,300,31
20882,61,61,54
115813,50002,50002,2
19768,7800,40019,4713
21024,500,17099,452
3577,2400,6413,21675
13546,250099,2625049,4
38981,1561,1561,30
87885,4500,5571,373
111444,74,75,312
182653,9,9,195
108296,1748,17200,246
37091,3,3,63
111441,60,89,421
108300,1500,17200,779
90561,59998,59999,9
108439,94999,95000,739
38972,10999,11086,12
109584,17566,150099,709
22572,2999,15999,1224
43010,428,16999,1177
6890,5,5,15
168959,12966,12972,20
2687,2,3,137
22841,45055,45055,6
52190,5500,55020,1521
87226,20,23,96
166583,30083,30086,132
198255,99900,99900,57
191368,482,1241,909
166664,29226,29226,52
4593,16,59,100
193950,211,480050,588
38822,30,47,73
16000,128,500,7221
124109,250,5541,3891
38893,3327,3328,12
72985,319,325,583
87883,6318,6520,564
116172,750,754,59
200005,510,1727,31
139442,77498,83509,133
4389,826,929,2081
74837,1000,2620,15503
22828,4999900,4999900,12
208746,100086,100086,17
161347,18322539,18322539,22
53038,1680,1680,13091
38839,318,318,58
198189,510,17200,1059
27500,99,631566,7
20543,1895,1895,8
30610,36,36,5
37252,11,300,6
169132,51,51,73
12365,70,102,78854
52988,600,648,7578
194797,1200,2514,460
139358,57448,62500,105
190880,100,100,22
19273,6002,34962,13
45932,5000,9935,81
43146,20000050,20000050,10
52763,291,306,14
9451,1,1,44
38945,288,289,86
129022,45617,45619,169
38802,3976,3976,52
62269,488,488,17
39681,2070,2371,2618
106867,500,800,108
191525,18499,18499,3176
22847,4999,4999,412
184051,264249,264249,6
108920,15,15,19
3864,565,689,6068
200794,2700,2798,18
20846,2550,2550,21
44573,4999,4999,11
192840,266,288,1077
190450,38200,38497,2494
18945,2,9500,15161
199960,530,530,141
21574,474,474,40
199996,1499,3746,1560
58084,1598,1998,178
154127,525,525,65
81197,98,98,64
130202,3899,3999,20
122345,4997,4999,31
4540,123,123,212
133572,14,15,275
57194,458,554,1113
38937,86,141,20
192847,179,334,9953
3859,525,625,10225
183823,100,100,536
128552,40012,40015,98
10505,24,29,12764
198312,49500,155000,121
22446,252,900,5295
38934,10494,10494,17
42459,1800,12500,128
74725,265,274,502
38940,15579,15581,25
38900,15194,15194,17
20518,166,4999999,311
194690,683,683,144
168960,100099,100099,50
1520,267,267,548
181247,3000000,3000000,3
13459,1300,2500649,4
179274,4999999,4999999,4
62780,86,17200,382
68784,48060,55639,9
38856,247,502,46
204565,9964,9975,71
74701,167,169,88
200827,5500,5500,18
23787,89935,89935,44
27857,32,32,9
172042,190,372,264
190537,39897,43800,252
200581,108,151,97
81201,19,19,168
199995,524,525,275
207087,79800,79800,180
193053,7,17200,337685
179004,431672,431672,3
179006,652,3452,6
194691,158,159,5526
2840,272,480,23168
18222,108,108,236
200793,1515,1515,138
2596,145,9500,1905
42641,50,90,720
4390,5,169,187
159789,14800,17525,44
192711,2143,2143,9
200780,1156,1156,53
23354,80,100,28
178219,1458,5475,61
158745,115,115,46
20842,501,501,18
128304,78,121,18404
5342,1,1,33
34750,40,40,221
19441,15,1875,25889
24401,105,400,11423
34749,64,65,372
34751,14,14,270
34757,497,497,94
34765,48,49,61
173204,25,1033,1064577
193222,4080,10000,1304
193379,7999,7999,7450
39682,2993,2993,2683
190378,7593,7593,151
193384,183,186,67
124105,888,1864,10296
152513,382,616,63476
201424,68,68,523
158202,7200,8884,2049
25431,30099,30099,11
152505,165,272,41906
36805,4999999,4999999,2
87648,500,4810,65
200795,753,753,58
192619,64,64,131
200800,70000,77763,180
192883,1199,1250,751
192898,60,194,2671
139278,48220,125000,75
139270,63500,100000,135
156930,55,99,98188
110633,863,867,19
40213,260,362,51
201222,1599,1599,52
192666,165,165,41
200836,1249,1249,41
1181,68,69,67
954,4,355,83
127847,1299,1500,740
62323,38900,39000,146
20677,2599,2599,45
197756,86,97,290427
57062,2576,4950000,20
68047,222,227,12
62677,468,468,22
200051,23787,23789,10
38792,444,444,28
44143,1315,499900,172
55978,1300,1601,24
198500,19965,19966,24
172097,116,475,388609
24478,74,100,1553
74705,9962,9962,37
87647,892,1478,236
112296,3451,3451,36
141908,28300,28300,238
159847,400099,500099,11
105723,599,599,47
38954,975,975,46
71806,35017,85400,155
12645,11999,11999,9
200031,3937,4748,1355
10309,75,75,82
723,5,17200,1148
24273,70055,77056,23
44497,5288,5290,44
32715,75087,75087,25
74662,13493,14995,61
45056,3799,12999,17
12799,195,499,1846
158381,15,22,601
7966,97,17200,19902
169701,784,812,23755
16766,50,50,94
173034,44,2498,30487
143588,42400,100000,165
22682,7500,8499,2517
7081,7300,10000,3449
74729,270,270,25
23426,53330,53330,381
38850,404,504,38
163548,1470,15000,21
38931,1173,1273,63
192707,12499,12999,23
63307,877,977,133
198165,11100,12000,1682
199939,94390,94390,25
192722,34000,34500,14
137267,60000,100000,57
200787,6000,6000,169
137239,62617,62619,94
56551,42500,42500,22
4784,4,4,144
172439,585,5015,4631
2673,2976,9900,2673
109133,40,106,13121
199955,518,750,194
24272,29410,29410,310
74719,83,87,56
124111,95,7397,12236
179023,771,4473471,3
41593,6520,7848,1090
62667,157,167,134
11754,35,212,1626
76081,1583,1583,472
39343,495,895,4277
38979,492,493,50
35623,2891,3000,1194
39690,661,662,6223
38933,13,33,263
7101,100,100,19
38783,860,860,39
39005,57,57,62
172414,33,59900,219
179283,400,499,5
147774,800,1000,1656
172418,33,58,73
8396,8542265,8542265,3
36904,340,416,1492
133586,4999999,4999999,1
20816,932,981,481
130245,89972,89972,55
117471,4999999,4999999,6
141208,4999999,4999999,2
200815,5000,2504899,4
74726,3980,3985,89
11040,10000,10000,22
34113,20000,24999,768
62009,300063,300064,8
199984,550,564,134
25463,400,458,810
38862,310,617,9
128544,18009,20011,79
23786,156048,156094,521
15414,17499,299900,39
41163,15897,16199,3796
124442,1822,10599,6992
169135,41,48,141
32714,4950000,4950000,19
38890,89557,89559,9
23785,10000,10000,1464
38935,89847,89847,68
38973,2184,2186,287
41166,798,798,68
191369,3085,3085,111
160989,1234,1534,412
52976,400,798,20961
82441,170,9900,11433
130182,450,919,281
20381,13499,18418,1880
130175,330,500,312
201311,1100,1584,98
46379,398,4499,1027
130172,597,830,1137
44325,1286,2999,231
40212,350,449,411
191499,3660,4364,251
191506,86,86,587
197850,1000,1000,25
1475,375,400,42
97620,100,375,733
20857,4999999,4999999,47
141898,60549,61020,190
110618,1366,1369,59
112299,1500,1999,24
818,493,600,1719
177715,33,54,85
22449,179,905,7036
171830,313,500,21150
111437,200,249,275
159826,1593,1594,228
197755,39,234,235662
12363,28500,55062,2698
192870,387,4099,13929
44315,312,312,50
38838,499,997,48
61982,522,522,27
198043,17597,17597,72
79257,4999999,4999999,2
128538,299,299,55
38827,1428,1442,59
40214,9918,25000,196
198230,15775,15775,24
43000,1109,1109,106
132528,49996,49996,11
110619,739,740,27
190535,48863,48966,931
173759,168,168,38
202314,3074,3074,528
43488,195,195,150
38906,2644,2644,23
163387,250000,646200,5
76884,4500,4500,104
23112,149,5000,3139
14256,4196,4237,9191
27669,185,17200,1113
12800,215,249,676
168190,352,352,379
95373,74269,150090,376
7069,998,1277,558
168192,352,444900,180
190313,4700,5228,83811
198197,23400,23400,2554
52325,700,1281,18739
171832,435,1200,13448
192720,1962,2162,17
177661,87,87,171
35952,8,8,66
200832,503,503,94
136826,35905,49951,118
104138,4400,4594,348
191524,8700,9900,6200
74842,350,359,5229
22842,5600,5600,36
120168,1499,2500749,4
201047,550,563,60
20817,794,794,1437
58278,10000,10000,64
132184,20,480020,198
132183,287,287,161
136560,124111,124111,7
136567,4295,25000,23
43400,9099,12495,337
194014,82500,4999999,51
162560,100000,100000,7
81917,4999999,4999999,2
178542,120,120,5
168624,8763,8763,25
19258,12053,19800,33
197749,15,40,13907
44716,174833,175711,31
23437,850,3500,167
24271,34376,34376,291
90146,89,220,10309
203763,500,600,2754
163050,9986215,9986215,3
44771,70,270,19
153031,76095,145000,268
38863,92937,92937,38
38876,5167,5172,7
11385,603,603,8
4234,700,831,53540
53063,1500,1537,2132
147119,92500,100000,222
45190,1099,1099,120
128838,4999999,4999999,2
3180,88,88,14
12223,22,16997,879
1288,3,100,5170
192857,257,954,2410
198231,600,600,25
133913,4900,4999,60
10940,62,100,82553
193237,32097,33098,590
19282,2030,2050,11
63246,9,18,165
12808,9000,10000,16021
38682,14,69,9024
179270,5091,5091,8
136852,2375,2500,105
38427,456394,456394,32
108308,3461,3461,111
36929,81,100,1270
44469,1300,1357,91
38698,999,999,19
1205,1,99900,1483
192945,18725,21525,4602
38943,312792,318789,15
153445,28242,28629,102
159870,4999999,4999999,2
101630,24763,24763,228
168592,26398,26497,144
43398,12095,12500,315
192935,23800,26071,3382
168598,33991,33991,150
139311,77099,100000,233
168593,19950,19950,109
201428,4900,41680,51
16166,4999999,4999999,2
117452,600,600,126
4093,1008,1008,3
198536,2200,3015,409
33866,900,900,24
86074,4999999,4999999,2
172040,15,15,239
163150,2000,17829,17
74715,171,171,34
155909,4999999,4999999,2
41803,195,295,3002
153443,20360,20362,15
52750,132,132,91
49254,4999999,4999999,2
208212,699,10000,9552
31679,6700,6700,530
37159,380,400,216
112274,4600,5067,21
35794,5313,5313,94
191370,2470,7996,1395
13511,36299,36299,323
17012,99,200,10590
2459,525,1875,3186
81922,4999999,4999999,12
56150,11187,11187,8
173071,21450,21450,75
168791,2786,2786,9
173080,27199,27199,20
173085,27497,27497,27
173082,11999,11999,31
173100,22500,22500,29
173101,19999,19999,30
12210,4,4,143
3665,2,30,869
3821,3100,3454,2199
192727,2284,2284,21
3666,2,40,46
192710,480006,700006,5
15420,69258,69258,99
62656,10,10,118
200020,29085,29585,2069
37156,300,7484,48
37140,490,250301,158
24246,200,273,29052
76693,817,817,25
179285,200,200,19
112278,11223,499900,49
52327,1100,1200,23418
108996,16,339,63659
149755,11855,12495,475
204464,430000,593592,1897
130250,898,898,41
115803,300,300,117
153490,20,1008,368
54449,3499,3499,29
19276,19800,20000,22
133566,195,200,643
21844,701,2764,1187
198289,2900,2900,43
179985,249999,249999,21
179291,48700,48700,1
185481,2500,2500,95
191950,1972,1977,2215
7972,50,50,17847
4611,2397,2499,238
17304,200,54500,59
130215,175,175,82
14341,28,53,12034
114056,34,999900,1828
27655,25,25,33
194760,4184,4444,944
23099,246,246,11
179014,2500,5000,9
193928,66,67,97105
185737,500,500,1
130216,185,185,147
130217,199,199,154
98111,100,290,73
198282,1900,1900,1082
185483,30000,30000,6
194575,2795,4635,1204
23120,99,99,2
118008,3000,36000,18
158792,25000,25000,5
200803,90000,90000,13
174209,250000,250000,1
195462,3048,3048,33
213212,10000,15500,3
9179,1299,1299,183
185480,3500,3500,21
138977,500099,4999999,22
203414,150000,320000,326
18562,6499,6499,2550
128839,100,800,157
158830,2119,2119,4
183963,106,111,14
191334,799,963,1589
158855,5500,9900,12
7077,4,79900,8456
128763,100,500,73
128837,17200,17503,47
112289,393,395,21
128648,11999,14200,419
112288,807,829,14
199936,770,1170,203
199999,519,519,76
1082,15,15,15
116428,299,999,1413
37567,14,306,240
112300,3087,3087,21
168650,8,8,25368
42546,14,14,480
112302,29399,49998,35
44146,400,400,90
204992,10031,10534,1237
198507,4834,4835,99
192605,280,700,565
192709,24900,24900,5
45979,2499,2499,6
178218,2706055,2706055,211
61984,134505,134505,107
62341,500,500,3
63271,26000,99900,195
198305,2980,26467,48
194862,30090,30099,153
137188,51975,62500,105
190936,3575,3575,22
8831,989,1159,13857
44501,239793,239793,64
52243,33617,33617,9
198229,1580,1980,364
24027,18998,18998,9
168793,45000,48901,8
17011,27,28,659
41511,295,312,2242
23384,200,200,31
132223,265,265,31
191381,1001,1099,2064
168825,3900,9000,7832
2997,15,32,99144
13465,471,685,27331
13467,400,17200,1000
172419,175,194,24
173065,397,20000,241
191465,197,215,101729
71720,55300,55300,32
28452,100,475,95
8949,50,148,503
22451,28996,30000,1000
25699,275,440,879
46765,6543,6887,15
5075,285,542,240
192934,16098,18098,25
194855,2000,2500,2821
213045,10038,17538,4
13464,465,549,3260
153667,6804,11974,1104
163914,7775000,7775000,3
163918,50066,50066,5
1210,155,375,27795
116266,260,1060,855
153707,2190,489100,106
177659,194,194,144
13888,299,300,6931
176088,2063,2063,1
81055,42,43,463
6260,1,1,259404
201698,1579,1579,53
128541,2898,2898,217
38781,144,144,32
27855,3,3,153
6041,14998,14998,38
128499,499,17200,192
36932,145,156,863
11370,1399,1888,6700
170554,750,1511,19229
81175,100,100,30
90551,700,1000,18
187703,1550,4600,19925
6450,13,17,540
4378,116,116,374
18631,2221,2887,262
13757,344,400,476
4402,19498,99800,314
76096,279,280,79
191515,3692,3692,108
154166,495,1650,372
174348,485,485,65
179279,4999999,4999999,3
4400,11,21,17071
194015,3500,3508,2144
4428,50,50,4
7100,3,10,29
192905,198,386,483
182758,4965,4965,1
193021,19922,19922,238
41751,15,15,122
81916,4999999,4999999,2
44481,35,35,102
2940,100,100,9
32620,1800,2200,15295
104105,390,895,105
194827,81700,199900,63
197781,100,113,19831
179309,2700,2896,27
182765,55548,55548,2
59230,55,62,16
205115,179897,179897,114
5997,55,130,896
163842,22,22,26
192868,284,299,33735
5066,9800,9800,12
4424,100,100,73
112157,2345,17200,397
211695,2221,2221,1
21884,19490,37764,9383
112156,7600,7600,62
52722,313,9900,2248
211692,600,674,55
211694,683,683,4
174352,2800,2800,264
63304,200,406,193
3530,6,8,743
6451,13,13,95
133593,75,150,4367
14530,35,425,506
188761,4850,19999,1312
13462,23,23,79
200002,523,523,39
113576,1700,1800,43
38837,3063,8360,59
19931,28812,28812,174
168789,60000,60000,2
68778,9835,16687,91
19231,37125,37500,24
40211,1100,1121,116
82330,99,99,3
81204,700,700,13
14047,24,523,22351
197789,62,200,26970
87228,374,2500186,4
38374,1000,7742,1437
198221,1989,1989,1227
197770,21,101,1436
193561,200,11504,2000
203413,899000,1100099,663
104104,4600,12500,145
71867,66607,66607,13
45862,2525,3525,5
169145,170,270,52
724,5,5,316
179308,250000,250000,7
34760,94,94,116
52196,30000,32919,1106
71865,66994,66998,24
76659,540,555,17
35563,10,66,160
67404,5,99,62
194562,50,139,1956
153604,2326,3626,14
153607,31500,41000,23
153615,2092,2392,13
46026,63801,63801,21
76075,88,220,2399
192876,350,362,986
192929,11999,19980,23
192959,40000,84600,18
53039,37529,37530,716
127844,350,350,596
92741,599000,599000,301
138727,24,100,7946
41381,2485,2490,50
18588,100,100,454
198621,87814,87814,107
194688,525,791,40
41443,207,207,13
19271,1766,1783,22
8171,171,260,7578
38818,10,10,11
190452,1320,1320,6587
132753,70,71,358
52758,807,808,37
52759,137,144,113
204709,350000,399900,30
52772,2254,2254,17
177062,979,990,7890
52773,937,942,12
72096,745,949,18116
199977,548,550,107
42702,19974,19974,77
43394,10000,17500,770
39932,1000,1000,21
82960,1095,1099,64
5785,23,17200,762
53050,84,85,376
114015,9,9,82
194737,1475,1575,121
46378,1100,9999,260
18335,44300,44400,1851
155610,57,58,246
155598,34,34,31
7974,13,17200,16067
769,26,2240,9782
17303,100,153,98
43696,2998,2999,50
203862,3558,3672,1651
7076,44,79900,6101
192833,199,199,2416
24105,22,23,70
7307,2,2,79
64395,80099,250000,259
194009,144,445000,6750
11184,48,51,345
67407,400,400,4
43854,699,999,301
172412,729,444900,154
13159,62,65,76
110641,199910,199910,1
193244,20072,24804,3173
132237,19,19,28
116406,15200,16500,261
62421,73,73,56
62435,599,599,45
193552,1861,1861,507
198209,800,873,201
195455,801,890,74
44616,118,118,11
152875,114,985,106701
24072,3,3,82
5117,1350,1350,7
189147,97498,97500,194
44599,8,8,241
63348,700,700,5
197751,50,62,10121
80313,4999999,4999999,4
207702,20900,24407,5048
13760,750,7550,3993
35128,249497,249497,50
194683,100,100,4994
34722,25,25,1406
86597,32701,32701,49
38782,25,25,37
38785,115,169,111
136569,4400,19999,475
60858,1809,19999,157
205693,700,700,322
38825,15,15,91
198441,1344,1521,23
45628,400,700,17
38852,32,32,128
3355,670,1198,28160
38867,285,300,71
41603,1682,1683,24
25416,325,326,511
76087,3281,5999,167
172357,7,444900,148
20526,4986,4987,107
20676,299,3244,6
20679,25260,4999999,6
104127,2000,2667,799
193932,49555,49555,444
43334,5600,6908,181
23768,757,5000,761
7973,4299,4300,265
15994,200,591,11058
171273,550,3862,697
52767,74,6377,10
158848,48,48,26
23782,7549,15455,311
173081,13700,13700,24
173084,21800,21800,32
15872,3495,3495,33
100734,1487,1487,9
39356,367,367,6
39353,558,558,7
44776,24,24,4
193438,2249,2250,6
25451,219,220,53
22445,265,285,11742
25432,10008,4999999,22
38806,480,481,81
39203,2268,4568,6
25430,4000,4999999,55
25429,520,520,12
59594,47500,96099,9
74710,21,22,102
198296,3636,3646,49
9332,1000000,3875000,24
9336,4750000,4750000,2
38887,30674,34100,20
17020,30000,30000,12
158870,977,1099,74
24368,1500,1500,435
24507,110,110,2
50816,12573,399975,32
1703,6500000,6500000,2
178173,2500,3500,10
178126,198,198,3
176861,189,214,13
176859,53,53,30
180307,2462,2462,1
178125,54,54,3
13456,73,81,15
178113,75,4999999,55
178106,1000000,1900000,5
179369,40000,40000,11
178104,66,66,1
176868,75,75,16
4363,48501,48501,10
176862,165,165,30
184391,400,400,15
176852,195,195,18
192769,998,212998,10
178134,27500,35000,17
38803,11,11,35
184393,320,320,4
44453,204,242,85
52217,5539,5539,16
178133,599,599,54
210841,1400,1419,79
128845,499917,499917,25
42432,20117,20117,9
60378,1076241,1076241,223
4603,3998,9999,2289
30820,110,110,66
39666,800,2999,414
138295,199,599,4
4757,3937,3937,15
52105,169,177,15
52102,800,800,12
210842,35000,39800,28
52144,500,500,13
36912,900,1323,66078
52161,545,545,7
20528,414472,414472,21
139890,52500,137999,608
40036,99,99,33
44963,4950,17077,277
9155,1096,5999,279
2679,1,4,592
67335,15091,15091,639
27498,108,626,192
38777,13,13,52
205698,2499,2499,8
205468,190,190,4
201164,275,275,5
192712,2800,2897,10
108342,382,382,1567
198493,9083,9883,4734
45790,20000000,20000000,1
118711,1439,1490,43650
41097,20000000,20000000,3
45602,20000000,20000000,7
205873,250000,250000,2
41540,20000000,20000000,1
40049,7120,15000,37
40058,7055,7055,19
35315,5268,5268,4
52295,27557,35057,2
25895,84718,84718,9
40001,993,993,2
52216,16300,16300,1
52229,9348,9348,3
52224,32489,32489,1
71827,73630,73631,13
24032,3171,3171,6
40025,4998,5000,13
158862,143,143,71
40088,5000,5000,2
40139,10060,801521,3
40168,12695,12695,1
200822,1699,1699,23
200843,4397,4397,8
139271,62000,145000,193
35318,680,680,1
200769,478,478,61
52301,27538,33788,2
52110,3794,3795,19
204729,3400,3400,274
200806,2537,2537,31
40149,5881,5881,136
52100,14530,14532,9
177040,19,19,171
39360,91,91,7
180088,424,424,8
200828,3570,4270,16
11291,117,17200,332
39207,666664,769937,16
193258,85,286,63952
19227,365235,368924,10
41377,4227,4227,1
194573,2596,2596,62
137287,54232,62540,150
39361,880,1563,14
198283,12672,12672,496
113261,30,54,21898
205417,4,4,94
27503,156,158,73
10310,89,91,99
106825,215,215,19
4426,5,64,183
4425,103,103,84
27499,15,16,86
10308,97,399,49
107472,160,160,25
4422,208,208,55
4419,10,10,82
27501,38,40,51
2871,23,35,353
39526,2500,9500,18
37160,388,398,113
37145,1089,499900,174
173086,16497,16497,49
31915,999,1707,47
39358,333,333,1
76079,145,1549,553
19236,2405,4656,27
7079,35,200,39369
111557,99,140,784113
19234,27896,29659,16
76536,150,150,9
24268,32,34,64
117437,100,100,14
12238,70,70,99
24519,618,618,23
25651,19953,19957,7
41337,94,94,23
90044,575,600,3
17405,4275,4275,51
45194,100,100,77
90047,325,325,1
21225,49,49,20
21226,250,250,10
21224,100,100,34
52020,100001,100001,1987
39516,490,490,47
56033,19,19,12
80592,150,150,34
213386,75097,75097,4
68356,20000,20000,5
36743,798,4999999,3
108298,900,1400,655
61983,179,179,14
24276,63570,63570,20
11371,12099,12201,1154
151720,388,388,588
189152,8120,90000,510
21536,3000,7777,2383
24511,20,20,108
104314,299,2599,282
40199,700,1499,6071
38965,11232,19589,11
57065,150010,150010,2
5379,9000,9000,5
45189,309,309,3
153251,337487,345615,40
200801,3007,3007,23
83156,8,300,447
200807,30099,30099,11
132217,749,749,41
179310,103,57500,11
22849,898,1000,5
65365,6999,10026,901
43492,1040,197340,424
13935,12,12,56
74717,396,396,36
124119,150,4099,6119
38817,26,42,85
97622,300,964,568
27667,12,12,328
199964,520,525,35
40093,450,455,2360
19260,33174,34049,19
178252,1098,1098,40
13454,6699,6700,155
32470,3999,3999,9
32464,95,1298,1357
22459,494,499,110
39979,300,300,30
41445,483,483,4
41481,1463382,1463383,5
40100,590,590,24
72162,177,178,4730
7098,333,333,7
20866,102,102,52
112093,173,1023,258
194685,632,632,507
151394,20000,20000,11
151431,2000,2000,8
38866,18,20,40
38371,19500,20000,50
192706,4425,4757,17
44330,100,2999,556
58258,59,60,45
192918,6000,6000,725
37603,1283,1284,34
38910,1698,1699,47
193955,1498,1500,12134
205172,99000,99400,40
200533,6000,8000,8
76093,116,126,88
200813,658,658,39
25427,14,14,3
187648,18999,18999,20
197787,99,200,15137
192947,7500,9594,34
154989,39360,39960,552
151389,6999,6999,2
52180,500,9845,5348
109136,100,3522,17536
178543,692,903,9
169146,2500000,2500000,4
128713,100000,100000,3
128715,5978552,5978552,4
128717,280884,280884,3
18234,60000,60000,5
128734,349998,349998,3
191260,2130,2199,170
172902,380,380,62
81400,85,90,7
190327,9190,10000,97311
151393,9500,9900,3
8956,5035,5035,453
115809,10078,10078,13
58259,204,614,43
32468,90,99,1002
110632,1237,1240,20
112160,1944,1946,21
110631,650,691,57
3383,500,1078,1963
107603,44,44,37
201203,91865,91865,4
41266,9950,11116,94
52236,27699,33299,17
52132,400,400,5
192902,700,1691,514
40068,508,1321,148
52218,9491,9491,14
41334,6500,9800,82
76627,7500,7500,11
187936,185091,185092,415
134860,600,600,38
176864,264,2500114,6
136596,12,12,4
182713,390,390,1
109132,75,115,22336
3824,3059,3120,152
2677,738,7534,20813
100738,5568,5568,10
36814,161,161,88
136552,410,2503479,4
204996,150049,260049,878
38992,744,750,177
39905,250,250,38
76644,2075,2080,19
52227,4500,5002,18
52221,14981,14981,7
52193,3800,33032,2611
52234,7485,7485,7
52238,9084,9084,10
38880,11793,11896,40
168956,21659,50000,57
52153,306,306,8
76507,193,193,23
22457,10933,11152,2141
4601,40,200001,119
155600,1500,2500,7
52191,7006,35000,1823
112684,45,45,44
106875,160,160,5
52123,5298,5298,16
108978,1900,1900,29
74708,452,452,194
132232,45000,2524999,4
52127,5054,5054,10
52210,14983,14983,13
132233,96,96,148
112463,72,80,265
52134,649997,649998,9
52149,9999,9999,3
52203,30272,30272,7
52225,8080,8080,6
152631,27,107,16399
21747,219,244,495
27666,35,35,271
38980,439,439,90
43467,7,9,38
24033,300,528,6
136708,9675,11132,300
128843,300,900,31
21990,97,98,66
52141,10000,10000,6
52130,3000,3000,4
112286,2000,2500,27
41434,300,300,15
112281,2513,2513,12
173360,97,98,64
178136,7000,7500,196
176807,3500,3500,26
173362,800,1200,49
176873,211,211,7
173361,299,344,7
176809,200,200,46
176866,63,65,103
40053,2518,2518,1
19975,2501,2501,11
198419,197,230,24929
183208,24465,24465,6
38953,575,589,84
38976,681,682,74
110647,3500,9999,95
38984,1029,1030,121
74721,273,274,90
38974,428,428,18
12190,27,28,53
52163,1592,1592,3
33823,2500,2500,488
76674,1200,289100,33
31867,1500,1500,62
52133,1648,1648,6
13928,4275,15090,78
198201,996,996,446
168417,67074,67874,312
191509,120,155,150
35720,430,430,167
204308,99,99,6
52116,5987,5987,6
52138,19394,19395,7
52174,42496,42497,4
52223,12493,12493,15
143681,2,2,2158
41376,26968,26968,4
200017,40799,40800,69
45883,2700,41794,20
58265,116,147,30
52106,4900,4900,8
197793,368,376,48850
52146,48155,48155,1
41380,9559,10059,18
193387,199,199,3
38823,6661,6661,60
132212,21,21,44
22373,9900,10000,117
194579,1067,1067,34
199972,24873,31591,247
52112,9442,9442,8
52108,5106,5106,14
85570,6295,6295,963
76521,269,271,6
31900,2900077,3487777,7
52126,100,100,21
198314,4551,4851,1178
71872,26518,26519,10
89678,300,300,14
45882,109080,109080,2
193450,209341,209341,2
46361,495,495,9
38828,98,129,32
198200,2200,2200,5283
52147,13063,13064,10
38865,794,795,59
38813,4091,4091,51
44268,396099,744549,14
80588,5999,12500,529
76591,8622,8622,2
61999,24819,2512409,6
62001,300099,1980099,5
116148,721,721,1343
74832,498,17200,291
74852,184,184,1218
44288,356400,430000,12
74851,65,68,861
191339,2344,2750,1003
129017,42071,125000,51
31944,249979,262500,6
52103,3318,3318,31
137249,53446,62500,151
40771,4400,4400,128
38949,13,13,73
162566,4999999,4999999,35
199194,997,1020,71
22790,254,540,4680
86592,444400,800000,179
22575,593,5299,3092
210452,102,102,5
205868,193,193,35
212649,3252,3252,4
195543,8,9,55
193385,161,161,321
52122,1500,1500,16
21886,6699,8269,2474
139436,77499,80000,245
52096,2000,10000,12
35287,29317,4999997,6
67397,75,75,2
40076,199,4499,313
69772,125,150,17
27935,74,74,2
60399,117,117,38
25435,199,199,326
117454,196,197,56
130221,3100,3100,55
198299,185,194,42
198290,109,109,32
199189,100,100,31
154120,444,450,233
22838,5787,5905,54
175924,27599,50000,58
187887,180097,189898,581
43647,18,19,127
76637,298,298,39
76571,2066,2066,3
58142,345,375,692
140668,8500,8500,60
124121,22,90,28758
136550,26574,4999999,4
38432,296,296,18
140272,50056,50056,1
127759,49,125,10179
158187,29,4900,37146
23105,320,323,20
198184,513,596,3404
23529,1490,2999,458
113273,4500,4500,32
174890,4905,5056,3
23528,1272,2672,180
139389,5003,5003,13
40533,700,700,3266
43330,39500,39500,1
62778,1800,1998,25418
130204,3800,3900,26
130201,3800,3800,18
129099,3934,3934,80
130203,3897,3999,30
130200,3900,3900,91
76690,193,193,16
113574,949,949,26
18633,4999999,4999999,20
159899,1194,1194,49
173168,174,190,4738
14342,16980,16980,2086
132185,7397,7398,26
132199,300,300,76
139339,48833,65000,124
41389,13995,14000,22
122348,250,250,88
198297,111211,111212,66
44457,300,340,66
198501,810,1000,41
6298,4999999,4999999,3
76576,491,491,3
18225,399,399,8
76653,809,811,13
152494,50,444900,227
153626,2300,9899,10
29567,50,250,22
52984,600,830,11993
30466,549,4449,14
40147,1400,1400,43
198239,499,1399,110
191504,498,498,268
21177,65000,65000,340
152547,1000,2594,2159
198191,1076,1094,15310
52752,2702,2710,24
40360,500,799,30
18944,90002,90002,13
52761,9898,9898,93
38860,3918,3918,5
38857,1537,4962,5
62272,400,500,11
62273,500,500,21
67277,120,120,12
4097,92,92,28
62271,50,50,39
67509,65,65,42
2862,1,1,464
67749,825,3106,8928
79303,44573,44573,6
35788,175000,175000,1
79292,349999,355049,6
17056,5,10,76655
213530,4579,4579,2
163019,250,259,28
213216,2500,4400,4
5429,300020,300020,3
24477,25,34,3749
57063,10050,198050,18
141333,34833,34833,12
192946,40094,62436,13
11407,2,2,3
17032,69608,69608,1
179368,37500,37500,7
68055,30000,30000,8
201399,204,5000,6320
10561,914,1745,6561
115504,150,2304,5950
62237,199900,199900,35
43127,1099,1100,1747
111603,75,100,988
173048,48010,48010,16
151387,202499,202599,2
76886,4763,4763,42
39940,6812,6812,35
10646,4895,4895,23
198238,54545,54545,282
201219,49999,49999,5
58277,958,958,11
6291,9,38,1637
171829,253,650,9847
25649,100,100,6085
152544,190,2995,3156
783,255,17200,573
22792,2100,2199,847
173109,375,375,1915
113263,34,50,12046
87872,183,183,260
53010,123,124,39180
22577,1400,1406,1291
6457,80000,80000,13
138728,47,50,13762
4339,70,100,7259
74840,1100,2508,6786
2996,13,29,60780
74843,332,335,4343
128650,16,312,1412
76136,565,565,1901
173033,30,100,2640
22578,1000,1500,6249
74849,191,2498,11602
37700,225,300,4093
4231,988,4522,799
22785,503,9900,2471
111668,19,399,1978
173161,9758,50000,1394
2685,850,850,50
5784,17,17,4578
7071,450,17200,409
198224,700,700,6597
37093,5,8,55
37704,300,400,2784
161153,28,33,42
151584,77500,77500,27
58480,40050,40075,2973
76546,825,825,38
76688,270,249100,20
76638,200,200,36
172370,140,338,73
171274,200,444900,295
197780,75,86,10437
152557,709,745,211
190311,289,300,352302
108338,396,500,1945
33567,174,5000,1789
31671,111,9981,869
79011,86,97,6139
152541,75,460,11747
118576,48,101,228
162582,99999,99999,22
163133,99999,99999,64
76137,299,999,431
40195,426,1999,13655
200856,44421,44422,69
197851,130,130,106
52185,1684,1701,49820
168790,248,614,19
180318,25,25,214
38920,1996,1999,114
173121,1150,444900,181
118901,499,499,26
62251,178,399,484
109147,428,4499,857
87246,15,15,100
49632,115,215,12
207085,14885,15035,90
61995,8000,30745,7
23736,493,500,1613
187888,199000,199699,421
3466,88,916,12745
62013,65537,65538,20
199940,525,525,83
138488,398,648,2431
115806,196,196,33
193019,510,14624,19
70139,249795,249795,25
193958,294,366,521
75038,500,2500,197
55985,4600050,4752050,5
25724,124,124,1
25723,212,212,9
23987,124,124,14
76090,72,9900,140
23949,15456,15456,2
23948,199,199,7
23947,99,99,9
3177,607,607,7
3176,688,688,3
184201,100019,100019,45
44756,15000,15000,256
60405,26,26,77
60406,50,50,30
154886,325,325,320
127843,900,900,121
4538,32,33,38
38923,195117,195117,22
38889,34040,49036,21
139435,72500,145000,167
89893,999,999,1813
204622,300000,300000,25
128436,58739,130000,103
192726,3149,3149,18
204313,98,98,1
61979,949,1048,3677
151133,49998,59098,268
3825,4549,5999,1412
192842,211,236,7545
58148,2278,2278,195
45201,702,702,42
28059,15,15,6
139289,45800,62500,131
28058,14,14,38
191382,250,349,173330
43125,169,197,493
23445,2105,2675,5156
158754,4499,4499,4
158806,126,126,8
67385,450,500000000,120
163843,975,975,6
2594,56,56,66
88493,700,700,1806
117568,134,134,49
210247,500,444900,380
56036,589,589,22
56051,23719,23719,5
29561,329963,329963,4
56055,190,190,1
56053,490050,490050,5
5134,277,2500138,4
23331,245,6296,13
63305,1284,1284,34
173877,42075,42075,2
23332,7000,10000,5
5329,2000000,2250000,2
153430,299,299,49
62451,2179,2179,6
44754,757,757,5
62526,900,900,11
3401,99,100,39
132514,15200,17600,4197
68049,5050,9572,470
21718,1943,1943,688
192885,288,307,30918
168216,42,45,36487
12430,49999,49999,8
39220,30099,30099,19
17407,3,3,21
137191,65000,80836,191
79538,6997,15000,421
45909,9900,9900,20
29571,5088,9988,94
58266,14,16,12
25550,433678,433678,22
25548,235315,235315,6
200575,398,436,42
192957,41038,444900,131
62673,15,25,58
32717,45171,47548,43
173049,15000,15000,111
5530,500034,500034,12
159846,5042,9542,7
159849,439,15000,42
159868,4750000,4750000,7
159872,222043,4750000,12
9172,5500,5758,439
159874,7900,77308,63
159876,11075,11075,5
159900,760,760,23
162026,100000,100000,31
163060,4750000,4750000,14
194572,2500,4036,627
163094,4750000,4750000,9
163109,4750000,4750000,7
163637,7592497,7592497,7
180733,800,900,6387
163522,5099,4999999,3
107392,350,350,3
158760,875,1000,8
28421,1849,2999,307
154706,2150,5999,807
414,1,7,75
82343,4779,4779,19
82344,344,344,158
83094,3135,3135,59
83095,2068812,2068812,36
137269,57436,72500,187
198309,11000,11000,262
20424,349,7546,2650
180405,55,55,966
174350,97,97,963
87560,375,440,344
74861,319,322,2199
198194,889,890,6091
36906,390,875,4557
36905,545,700,3629
192954,6870,6870,92
36903,1600,1699,6731
36901,400,444,554
79869,74000,74000,130
3769,1000,1000,1
199941,501,501,61
183951,225,17200,579
199953,500,750,356
201317,795,800,116
168315,75000,75000,512
41806,30,85,1252
6289,38,2117,4363
191353,1500,8499,2006
155814,500,500,45
4291,8,9,10048
194800,2156,2156,85
191502,75,75,7
40077,449,549,169
168529,4800,9999,931
168654,14000,39999,290
33867,1099,1099,11
147775,7538,7538,162
9315,899,899,54
151540,90000,145000,278
10586,16096,19999,122
88487,655,698,45
133574,415,415,745
38842,3608,3608,33
20008,1455,299997,508
154705,1499,5999,1046
139314,65000,100000,406
137274,75000,78818,228
108304,15396,51580,62
108307,17100,17100,187
72235,49,92,7205
192645,190,190,13
74723,229,233,262
36919,470,593,167
9313,149,197,18
9312,125,345,94
19235,4737,80035,22
19262,9833,9833,16
153480,8633,9800,24
141527,325,350,99
139438,70000,83274,142
4480,56,10000,24
74709,110,110,33
74706,208,210,57
38853,4969,4969,35
144307,8819,10021,77
52775,6447,6549,96
41611,30018,30018,9
128545,14995,4416210,18
68785,34442,40399,27
198188,371,371,12549
194568,899,1194,35
30476,8982,500082,43
201409,349775,350011,510
154707,558,5999,460
118414,7500,19999,4220
158205,12,39,12790
129289,178002,179800,199
200571,3175,4165,42
191330,1000,1603,810
207023,1000,1381,57042
1080,29,17200,649
163149,640,649,25
28362,10084,10084,1
52074,2464,2482,4
194680,7999,7999,37
116979,4,5,176
27515,7998,9099,160
200842,1600,1600,19
158758,34503,34503,1
30812,34,34,14
197856,1200,1200,77
13445,4431,4436,600
40769,8798,8799,2295
113992,6000,8000,25
90554,7576,7576,3
200576,1800,2160,259
4586,109,109,26
12204,44,3000,4062
193964,990,1125,13255
154169,275,333,1837
153647,130,130,42
204845,449,444900,109
198315,75000,175000,133
42996,1498,1498,31
9061,1694,1694,1634
16006,36448,36448,86
128736,5607438,5607438,2
25868,111171,115161,58
3182,13399,15472,1244
168412,16500,17100,331
205684,2799,5726,436
83764,19862,20052,67
83763,8250,9584,66
158204,6093,8884,2699
152813,11347,11519,3620
29535,491622,491625,9
168419,4500,5311,718
10560,611,17200,748
192869,1881,3307,1788
155605,44,44,12
153662,10418,11974,114
132516,7100,7251,506
34207,14693,16229,117
158210,31,31,27
97623,317,17200,414
213384,185000,185000,2
43233,742916,742916,15
192613,59,59,22
197753,144,300,9062
200777,750,750,46
192685,5000,10000,45
33052,1030,1030,48
192841,213,220,5886
136544,1099,1099,13
52718,250,17200,988
192653,190,190,7
143750,48458,48558,266
32722,4469,4704,33
176877,247,248,20
107393,2500,2500,1
205015,265716,265716,6
74643,900,995,49
74654,400,400,230
3671,653,4999999,3
3662,65,70,113
173073,29001,29001,30
200871,212,215,40
117442,128,128,65
183954,1014,1014,1518
13466,1089,17200,851
169334,25,100,16
10290,7,28,12993
28118,5514,5514,13
191949,25,30,5443
153606,315519,315520,10
153609,1500,2443,29
128980,10000,19928,108
22850,5040,6944,117
42942,16,16,74
42433,50099,50099,11
38871,64986,64988,97
140276,25,25,221
179293,40069,40069,5
153711,250,375,218
108305,2209,3297,1537
71869,29060,45486,15
22866,4999,9999,255
174351,275,275,132
132211,499897,499997,22
4398,1000,1000,50
3386,210,210,193
116409,81921,86232,10
132219,8000,12005,17
194071,41599,41599,17
188948,7995,7995,18
200764,2275000,2275000,2
168796,15700,15700,15
205699,188,188,20
5631,108,108,241
179986,475000,475000,113
201165,5000,5000,3
201180,7500,7500,5
33443,5,5,29
201184,17500,17500,2
171286,1183,1185,995
31079,8400,8485,280
153661,8300,11974,86
58145,114,134,814
176876,175,175,5
112294,4922,5096,23
43231,835975,835975,15
16023,9884,9884,34
6043,2658,2658,75
115526,185,402,536
62239,200,200,170
60838,3010,3010,472
187189,1000033,1000033,1
151390,20000,20000,9
27651,9,9,181
90043,14400,14900,13
3478,45,959,10203
198356,300,16500,75
53062,566,5000,7407
108294,1800,17200,135
24059,309,309,15
86574,625000,625000,3
192724,2585,2585,4
200054,249900,255842,590
36758,60,60,15
151392,75000,75000,1
90057,4800,4800,41
23766,463345,463345,20
38260,3300,3300,17
18233,70000,70000,5
201182,5499,5499,4
2892,55000,55000,9
115352,57,4999999,12
136562,150,150,38
136564,25000,2512499,4
35562,1205,7500,60903
8950,13,35,30
2452,300,1200,49521
205014,370000,370000,11
19233,2136,2248,30
208188,295000,450000,3
87881,6400,6500,412
9030,17218,2571284,4
44722,49,49,53
12644,38,41,1342
211383,475,475,38
155607,1080,1080,12
83765,18898,18900,26
178216,239,1039,109
20004,9800,9820,820
178223,2000,2000,6
20007,3869,3869,305
178224,191,191,21
178225,150,150,27
178226,2099,2099,95
178227,100,100,25
178247,122,122,14
52170,150,150,10
200264,70000,77700,17
134051,3953,3953,70
43329,12008,12008,1
118704,460,975,262
191513,15500,15612,2493
198203,225,225,9862
2457,830,2530,1054
58092,569,825,254
6051,125,125,1685
4394,2163,2163,593
111455,13,113,343
9264,2111,19999,136
9187,920,5999,972
34440,100,1875,116
2888,45,95,26
109155,325,325,459
46377,399,5999,448
198265,4099,5052,318
52778,9588,9588,19
43987,5866,5868,54
52774,21454,21456,50
100735,30000,30000,2
41285,8910,15000,23
11941,889401,1999999,15
11942,52700,2000000,8
192664,192,192,10
204858,99999,19600000,11
108299,17200,17200,76
192927,2000,2000,82
43653,2501,2501,1
191466,322,404,32679
8952,3,3,66
203652,7754,7754,19
151585,9000,9019,11
203417,110084,110085,551
190312,4699,5413,4872
62680,910,910,2013
127765,428800,428800,10
168427,35000,35000,196
24282,11200,11200,4
160518,1550,1550,39
38429,1154332,1154332,12
46391,40058,40058,2
155636,215,235,57
191372,122,128,986
23827,25999,26000,57
117415,100,188,14
156627,100099,100099,25
7392,1690,1696,3133
116810,300,360,56
90558,999,999,3
204972,93,100,1754
168806,2400,2500,3
162664,855,855,4
171351,250,285,379
137558,2675,2675,9
29394,4059,4059,122
190451,3755,5100,37059
120269,88899,88900,5
45087,80,1388,8688
192956,9099,444900,130
36931,450,450,72
200852,2580,2588,35
25453,444,66644,28
7971,400,886,6476
25442,4800015,4800015,3
75026,15,15,46
111589,97,119,2659
157842,38,38,20
197782,104,104,15607
25441,30299,30299,1
199946,1544,1544,70
158864,127,127,16
128729,594000,597000,2
192688,4909,4909,4
20433,95000,95485,10
20436,1500000,1500000,9
65892,500012,500012,45
65893,299900,299900,250
118280,522243,522243,7
191359,16700,17000,6296
133570,15,15,315
133579,3000,6197,195
21881,155,99900,14201
20432,4900000,4999999,9
112185,100002,100002,5
30457,36,36,14
52195,7400,30025,2373
20435,139000,140015,7
22840,1913,5999,760
4776,20,99,28
63396,225,225,148
13443,122,122,507
5504,476,4580,12988
4596,2520,2520,7
115804,130,130,26
29451,5,5,270
43490,80,119,3181
158874,108,108,28
31888,4999999,4999999,5
36813,62,62,83
42931,38,38,22
38779,772,877,61
158778,699,719,29
62665,180,180,24
13893,27500,27500,1286
86026,695,695,31
172019,15000,15000,416
12809,1995,2500,1115
172017,500000,2500000,27
129285,10000,10000,258
39914,928888,928888,1
43009,1500,17200,805
87888,3799,4683,359
52754,18866,18867,36
43464,273,298,173
43466,100,130,51
37092,35,35,52
32062,1274,1274,125
172043,7100,7500,15499
197783,100,200,7809
163844,4850,4850,4
200770,97500,100001,10
77264,99901,99901,5
163784,1980,2000,96
199998,525,525,74
194695,7799,7799,11
128312,250000,333300,8
62274,90,90,11
163841,1500,1891,39
62275,79,79,22
62268,28,28,8
192994,36090,45090,4373
3369,1620,2500,1061
76531,220,220,3
41338,49,49,30
199934,2000,4400,118
72103,1385,1517,34950
201316,19988,19989,625
38999,19948,19949,20
192554,1500,1500,139
62651,350,1499,31
76683,664,664,24
76669,591,691,14
76668,4152,289100,39
200106,250,250,27
76542,200,1018,13
76547,820,820,16
194050,249,275,39907
36810,53,53,21
94288,100,500,166161
15408,9760,11500,4155
4366,570,669,186
76551,200,200,41
76588,25587,25587,7
62525,2050,2050,6
29580,110,110,12
82328,7,7,172
171438,10,15,548
132216,2341,2341,15
184690,9999,9999,47
10939,335,344,4515
4539,2,4999999,31
4594,2,50,150
173760,20,20,105
20420,5696894,5696894,12
172413,8,444900,134
200049,34400,34400,60
5048,95,100,251
175056,13825,13826,6
180404,2500,3065,20
52246,13908,13908,2
115805,150,199,44
11404,408,408,19
194122,190,50090,9
62522,175,175,85
203411,12298,12298,66
5137,5,7,12
162982,120000,120000,5
25434,5013,5013,12
168635,8400,8490,225
45196,199,199,43
139375,8500,8500,229
38518,379,380,97
112182,2563,4963,161
11022,441044,441044,46
198198,4655,17200,192
83097,45,100,85
38909,940,1568,10
109153,550,1075,328
36925,455,1374,703
22851,2601,2879,73
201416,1100,1100,187
194016,109996,140098,446
56517,1950,2000,27
200074,1000,1320,15451
136566,250,250,8
198268,2000,2000,825
212646,95000,95000,1
201408,1900,1980,2
198222,790,790,3492
62391,200,200,10
76665,250,250,11
76666,200,289100,10
27682,18,300,1736
74848,420,439,3554
80594,150,150,47
6458,2,2,44
197722,1292,1592,1277
160709,299,300,4579
4380,76,80,49
39691,500,599,28
193894,525,550,246
191341,3000,5998,27757
93351,3010,3010,14
169220,5000,12400,579
13932,282,283,135
52783,9081,9081,28
52779,2017,2020,91
59595,250,250,11
2672,4,1500,6408
168637,9485,391601,180
168638,8495,149800,102
192962,359998,359999,14
4602,79,79,75
5113,4,4,7
193945,6797,6899,971
205411,29932,39997,52
205012,175341,175347,34
200819,4599,4599,96
4481,1000,1000,6
41485,3000,3000,3
41437,600,600,6
168193,2999,7800,362
44467,4540,4640,36
23939,162,162,162
29799,145,145,26
77532,1469,1470,48
81408,17,86,32
8169,175,253,4770
197855,99,100,79
199974,11999,11999,82
38917,6020,12016,17
39525,3038,3038,9
166270,25,25,18
168501,3911,3912,31
21546,13599,13599,87
13453,5940,5999,534
22824,450,752,151
191373,174,7525,1099
22836,57,57,96
193557,1500,1700,441
183203,8997,8999,9
147869,548,1548,5
191864,9599,10099,29
191861,44599,44599,194
182764,199932,199932,1
180342,199965,199965,1
180330,99965,99965,2
119101,9761,9770,7
180326,44465,44465,1
173870,3999901,3999901,1
182774,188815,188815,1
178123,2555503,2555503,2
180880,199933,199933,2
41495,113,113,5
178518,99903,99903,48
76685,9845,40490,29
76689,999,12049,36
76509,100,125,16
198300,15098,37257,47
45912,25866,25866,22
201209,105,105,1
74644,8400,9900,58
1697,1000,2119,23
193468,250197,250198,39
140204,57,57,7
108344,300,370,445
108348,290,292,1097
74850,1346,1997,4115
1701,300,300,12
194752,600,700,1776
193930,599,599,24360
76639,1000,1181,41
76695,899,1100,18
16203,800,3168,5462
1696,499,499,12
43480,25858,29239,1434
153479,7500,9000,33
141446,766,766,21
192728,3096,3096,2
188835,900,2112,27
192729,2286,2286,6
191256,565,1500,876
126936,3400,3500,396
178546,3390,2501694,4
38773,13,13,43
171195,990,990,83
36927,12748,20000,133
44781,2500089,2500089,34
71809,20999,21600,39
192689,24204,24204,5
39338,998,998,4003
76895,4236,5121,49
210244,4000,10000,49
192993,8300,9000,4716
136856,9340,50000,42
198163,140,2200,124
52086,1512,1512,33
52085,400,400,17
113289,4500,4500,4553
90058,970,1070,14
20527,1709644,1709644,79
52233,13913,13913,10
194049,2510,2513,1091
104122,2800,11578,345
200798,4599999,4599999,12
191503,99,99,2355
1711,14,14,277
38944,17685,17688,91
22833,10857,10857,170
116811,300,354,41
192951,9000,10528,33
34753,1200,1800,111
194791,1687,3570,723
173083,11900,11900,47
173079,24599,24799,8
153663,7313,10774,150
41604,25007,659087,6
158853,26900,150000,5
62270,92,92,8
184340,26548,2513273,2
52751,299,299,61
172147,7621,7621,1
186975,99,99,562
127760,169898,169898,6
172347,50,50,1354
29454,999,999,7
120274,1500,1501,4
200796,35000,44000,26
62010,29800,29800,10
17203,62466,62466,206
52292,14566,14566,1
52298,15503,15503,3
52299,13087,13087,4
183733,400000,499900,16
52291,27506,27506,44
108354,7586,12393,94
168189,693,700,867
52302,27282,27419,2
41398,16597,16597,4
41385,16563,16563,1
41401,9910,9910,1
41382,27500,27500,10
32833,149,149,67
42701,2092,2092,56
76640,1147,1147,38
41378,22599,22599,9
52101,2000,2000,14
22846,2812,25000,68
210821,985,985,64
7073,1088,1099,14
155907,50000,50000,12
192716,3011,3011,2
136375,5040,99940,79
11409,8,8,5
31894,376,376,30
107462,1098,1298,8
108979,198,198,10
133553,54928,55482,9
173036,230,359,4548
169138,439,440,26
192690,3245,3245,1
192703,3104,3104,5
7072,68700,100000,26
52222,5019,15000,27
23771,1898,1899,50
183109,200000,200000,9
204835,3501,3501,1
205470,69,4999999,153
205871,2830,2830,3
52753,200,600,123
58090,51,13525,164
85559,30,30,56
210671,479595,4999999,7
21223,10000,40000,59
197763,698,699,3236
140187,67500,75000,31
184202,15000,15050,263
213368,2000,3500,2
11018,250,250,651
39334,743,882,7033
24036,1843,2043,17
24243,475,475,1464
71836,30054,30054,42
43124,695,17200,514
43850,4000,8008,129
1477,4,4,282
137288,60499,125000,79
193261,6,44,93118
130265,1599,1599,27
159878,500019,500019,7
163107,500099,500099,7
6533,61,62,20
140269,26860,26860,19
40052,6534,15000,29
104348,500098,500099,16
1687,7718,7718,3
13933,50,50,25
1686,1000,1000,20
159848,490,490,82
13929,577,1071,40
203408,117568,200067,549
154888,100,149,460
74700,169,269,53
52762,47,48,57
172437,1600,2699,4507
12643,64,64,252
90660,600099,600099,6
114001,64105,64105,1
110648,1185799,1185799,3
76601,37044,39609,12
24274,104135,104135,24
133577,45,55,317
76651,600,600,33
163105,10000,10000,11
176869,50,50,36
176855,186,186,8
90659,1089,1089,62
76672,442,289100,27
32223,1050,1050,107
41498,164,164,9
40037,2780,2780,16
18288,100099,100099,5
18287,399,399,27
52721,147,399,17185
13930,50,50,110
168795,379,379,5
89512,150003,150003,1
151391,1063,1063,16
128848,300086,300086,12
159871,9999900,9999900,5
90407,10,12,9340
43109,997,2998,5437
5740,100,100,4576
118592,5154,5154,2
17033,500000,500000,5
33575,1900,2033,69
153617,500,545,7
33576,900,2440012,6
12218,237,237,112
79285,200000,200000,5
87392,6054,6054,505
159898,50019,50019,5
168311,15,99,233
168313,84,85,277
32215,4020,4020,24
28102,299,1999,672
198215,5735,5735,4956
118225,560,17200,795
200476,295,295,41
192936,33999,25016950,14
41396,6331,6331,24
54442,350,10099,77
187836,68000,75000,28
33825,4370,4684,45
52214,15000,15000,23
118632,565,665,101
210245,1069,1098,672
213364,15000,15000,2
11940,496,496,31
193944,200000,497495,21
204973,1372,1373,19580
38986,535,563,65
52771,100,100,19
132524,50005,60005,5
192967,8741,9558,2109
194732,37565,37565,77
153630,10599,10600,17
173093,22300,22800,29
132526,90874,90874,8
128016,999999999,999999999,1
22844,5498,5498,9
90552,9998,9998,2
13365,10000,2504999,2
156525,500,630,185
32221,11542,11542,50
155631,39,39,59
158869,134,150,7
40085,1795828,1795828,3
204828,279,444900,123
152296,2000,2000,2
115511,4499,4499,53
136654,73,79,524
151610,50099,59899,225
22861,6676,8377,113
169280,1100,1169,312
35799,181,191,15
176882,5000,5000,1
209033,4896,4896,25
168651,12870,13000,412
159788,12900,15999,49
110646,3000,9999,84
108297,500,594,431
207021,12150,14800,789
71873,149789,149791,25
49397,303,303,9
62671,176,176,128
132230,10000,10015,6
159879,15932915,15932915,2
203415,24000,25500,150
22797,50000,50000,27
76664,700,745,10
208187,599999,599999,36
82444,8900,9400,52
76641,500,269700,11
76645,1150,1150,9
110682,8997,33785,16
10548,4998,4999,35
154128,520,700,84
173104,26973,26973,33
192919,23070,25872,4147
154126,351,351,234
38832,3592,3598,56
192948,15245,18868,5907
52776,15494,15497,73
200016,7438,8008,1536
154129,350,525,83
205039,900000,900000,571
108649,200025,200025,8
7082,2599,2599,3195
172366,2550,444900,167
6297,375,375,6
23559,15,299,92
71843,49003,149800,32
24039,2905,2905,13
24067,980,981,26
52155,2546,2546,3
188683,106522,106522,19
43350,350,500,2822
4392,9444,9444,18
188671,1100,2520,69
20531,598,2500298,4
20532,1850097,2565097,7
20533,498,498,7
20535,499998,499998,3
130222,1950,11900,78
44267,100098,108900,22
44270,10076,32076,26
44275,391545,391545,9
45987,1400,2345,9
44279,148540,342540,27
44287,69300,69300,12
39501,4999997,4999997,20
39502,69698,69698,22
200837,30000,30000,15
13362,359,359,1
139175,4500,4600,133
42930,1099,1099,40
153444,30625,49962,18
31895,249998,249998,2
138196,4000099,4999899,4
158789,2254,2254,2
193226,1929,2559,1691
200569,4875,5140,46
33631,5,5,118
158836,2195,2195,2
32601,6499,6499,129
169149,250,250,27
42998,500,1296,26
34756,1050,1050,74
43005,50,50,16
43001,40,40,18
38835,3568,3572,23
155609,39,39,43
52230,26461,42311,35
194805,3400,5367,345
194802,2800,5881,186
163855,390,399,13
134054,1016380,1016380,1
198301,663323,663324,3
127991,142,856,3797
163549,1200,1200,110
23737,1495,7341,152
192652,169,169,30
32596,34833,34835,27
52977,265,739,5529
162011,461330,461330,16
178220,800,4999998,26
20384,4999,4999,14
152564,5497,5497,125
188792,600,840,9
61992,22499,25000,7
61988,65000,68971,6
109120,800,2000,13
22825,100,1999,648
163076,599,599,22
44328,1491,43525,144
199969,1900,4000,334
44329,1800,2999,320
44327,2300,2999,399
198162,1411,1611,11511
71817,58890,58992,32
22645,25,36,109
52154,16367,74343,11
120293,1299,1299,11
71819,59066,59068,31
40128,3506,3506,18
57058,498,4999999,3
162677,565,565,4
144288,4995595,4995595,1
178135,2497,2497,3
177028,4813,4813,2
2325,4,11,17973
67510,33,40,7
67511,78,78,5
132229,3099,4999999,3
183209,771,771,2
19933,215,215,64
132186,1522,1522,22
176863,2515,2515,1
143853,19500,19500,14
178116,30096,30096,1
175957,400,500,17
184390,396,396,4
11590,944,949,19
176879,2134,2134,1
179296,12500,12500,4
144287,4999993,4999993,2
38800,4592,4592,36
39219,3479,3479,7
108351,9500,9900,12
213184,20044,20044,1
108350,19800,19800,55
132197,4000,4002,10
179297,99897,99897,1
17030,999798,999798,10
178103,2000088,2000088,5
173359,1797,1797,1
8483,179979,179979,21
193360,48520,903070,1132
176883,2294,3094,4
15409,1000098,1000098,23
179372,400,439,8
90555,26896,26896,31
5124,78,78,54
176860,2065,2065,9
27442,800,800,3
192687,3350,3350,2
94645,59999,59999,1
107476,5000,10098,44
176856,299,299,1
158872,198,298,4
4552,4999998,4999998,5
4096,999999998,999999998,4
180623,4999,4999,4
132190,7050,7050,6
106868,6352,6352,13
11403,14617,14617,8
176870,1883,1883,8
174383,323,323,2
81203,48,49,51
5363,498,498,1
24245,1000,5975,3276
178115,2446,2446,1
178177,2018,2018,3
180622,20593,20593,1
183205,7999,7999,3
82448,449,449,107
176867,393,393,9
194808,25023,66823,58
166240,50000,237096,30
183207,1373,1373,6
108360,3597,8018,138
44290,49500,50000,14
111436,35,35,194
33824,2512,2512,489
42434,1199,2500599,4
3300,4477,96377,637
68780,16059,21596,58
4384,11,11,79
193933,32000,33800,550
35691,396,396,102
39317,1000,2517499,4
13851,30,39,88
62649,4552,4552,1804
108362,18020,18020,13
38847,5071,5073,47
19284,23999,24000,11
128551,42821,43694,67
199973,3400,5103,270
19767,8165,14333,339
199975,2000,4208,147
152549,559,15500,2794
192846,98,195,2072
119097,13251,13251,4
151609,13331,13332,426
4599,3,1203,149
537,102,102,2
193391,225,225,2
38904,1600,13488,10
198210,1498,2500748,4
191523,7570,7870,101
172368,1594,1594,64
172367,311,1500,37
163782,700,804,1025
207956,3799,3800,500
32068,1881,1999,272
3775,5000,5000,3
6947,5031,5031,8
43386,7900,12495,289
40112,9999,9999,7
101661,29750,29750,11
196540,501,606,27
87240,20071,20071,7
22374,194060,194060,42
128768,100,999,1267
194735,850,850,67
37467,8000,9900,190
54291,299951,299951,15
128560,993,993,79
194817,800,800,169
130174,150,150,789
38911,1528,1528,52
22376,10000000,10000000,54
136606,2440,2440,119
199967,1500,2400,104
74652,2200,2250,38
133569,170,175,392
3241,94,94,115
153441,449,449,125
109122,4500,10364,10
175052,271,300,12
198219,266,362,2887
34761,2154,2154,41
33048,125,145,100
62670,150,150,88
19264,5908,6098,18
197772,83,83,970
83006,450,475,278
4557,40,44473,5
129019,45097,60899,226
31885,30000,30000,5
31889,131808,1000000,9
5082,300000,300000,60
44277,62168,62168,16
44284,48509,48999,31
44281,99093,99094,11
162556,4999999,4999999,57
44260,297000,970000,8
44265,1980000,2319669,10
44263,100063,429663,8
44261,22000,22000,9
71850,30094,66820,61
139437,60112,100000,149
128547,21538,21538,32
141909,41984,42842,65
204568,133383,133450,20
83092,2199000,2199500,43
30477,400086,400086,1
162659,9972,9972,1
2458,121,930,381
193943,9855,9999,101
41487,113,113,1
25445,9060,9060,65
147776,1407,1407,33
98118,95,95,13
40013,6000,6000,9
44936,486689,486689,3
52777,1546,1547,26
23576,8647,9283,6
86599,24361,24361,12
4405,13,1571,43
101662,22428,22428,87
58276,84904,84905,90
200768,938,938,41
44156,700,700,26
44157,5655,5656,20
133589,99,99,2883
44154,2787,2815,51
80595,500,500,45
20419,5000,5000,17
27658,100,100,131
42993,500,535,22
115355,93,93,11
154885,82,85,1452
31941,144449,173249,7
39339,1789,1790,4769
62004,185784,185784,9
43122,3321,3321,293
45195,200,200,5
45188,99,2500049,4
42997,197,299,7551
34767,500,500,103
18230,3500,3500,10
200019,37508,37509,439
163224,100,4499,442
187805,29900,29900,233
4289,2,279,23222
199966,1500,2000,249
43491,188,190,76
67403,39500,39900,7
43521,19099,19549,2
42995,7,360,29
34758,780,780,146
34766,496,496,14
42994,2849,2849,29
43015,1400,1400,160
38854,12429,20000,32
34754,400,444,50
44953,995,995,24
173053,19900,50000,65
40150,180249,180249,11
179013,4999999,4999999,1
60268,4999999,4999999,1
83007,550,600,154
199985,635,635,171
179026,7999999,7999999,3
23111,500,1060,56
35954,99,100,58
162557,4999999,4999999,2
128714,946607,2973303,2
40119,63271,63271,10
115351,4999999,4999999,2
109991,115,17200,560
154881,398,399,222
40216,1590,1590,81
36789,4999999,4999999,2
187850,98862,98863,111
32849,187764,187765,13
130258,300,301,260
128744,5384935,5385435,3
163158,389849,389849,6
40153,11153,15000,37
38919,9583,9583,34
109156,1425,1425,362
16169,685,685,20
200853,100062,100062,3
36788,4999999,4999999,4
104340,4999999,4999999,2
57061,6099,6099,10
2681,500,3000,53
133562,243,243,329
108349,5006,5056,58
52784,12779,12779,54
43086,4999999,4999999,7
3931,1,1,5
30512,4999999,4999999,2
198487,110,168,23292
56047,23,23,16
22871,75,75,20
162565,4999999,4999999,2
154124,2654,2655,1696
7096,50,50,27
112165,13298,13383,14
200036,3594,3595,499
128498,13000,4999999,3
44752,3147,3147,11
163117,4999999,4999999,2
158849,1800,1900,13
192923,3500,4857,52
128999,28586,28586,14
6261,9,11,14712
159919,75,75,32
32423,1085,17200,214
128990,29811,29811,8
71858,242415,242415,29
101745,8200,1388794,13
71840,90564,90568,40
71818,150045,150045,28
34220,399999,399999,10
38947,89464,89469,31
71859,235045,235547,13
32226,5493,15000,37
71866,67865,67867,31
32200,922,444900,151
52204,9999,15000,22
71856,82287,82289,58
198431,3000,3000,6
4377,118,17200,2314
161126,4999999,4999999,2
179019,1902,2500950,2
22827,1457,6567,21
199344,955,1599,38840
169663,4999999,4999999,2
5135,25,2500012,2
193031,618,650,4212
140628,4999999,4999999,2
160705,7,7,656
163101,4999999,4999999,2
7911,450,450,9470
139310,79528,100000,269
193249,35687,36049,544
17408,27742,29202,8
34748,270,275,187
163053,1000,1000,22
117440,4999999,4999999,2
4460,44,44,17
184097,7400,7500,619
210672,46007,70107,203
201401,1263,2576,9452
186726,329,329,152
38706,249,4999999,3
81920,250,250,22
62668,99,99,56
92056,4999999,4999999,2
3403,900,500000,7
63693,4999999,4999999,2
38901,3349,3349,68
128549,117695,120096,12
197737,22670,22671,11
163640,4999999,4999999,2
6038,41132,41132,47
140296,4999999,4999999,2
37098,156,156,12
144304,7023,7023,115
38993,983,988,33
128537,49,2661,26
132513,25000,49999,16
110654,2500,5443,61
44465,995,1413,8
203762,1556,2478,1914
23826,95000,95000,45
124661,8935,9059,215
2744,1500490,1500490,5
5473,59234,59234,13
4877,4999999,4999999,2
162575,4999930,4999930,1
82449,575,575,7
52744,353,353,28
52211,15000,15000,18
183599,450,1250,26
170165,8700,100000,84
74859,299,1510,2165
38908,372,372,13
4406,3675,3878,26
80433,329,332,2196
179276,4999999,4999999,6
38881,19936,19937,14
4340,1,4,13565
129002,8075,8075,8
104099,2000,25000,737
163098,15000,15000,32
6826,4999999,4999999,2
62771,4999999,4999999,2
24054,3646,3646,15
21023,249999,249999,88
42225,47417,47443,83
41509,225,225,757
177962,199,10599,1452
38809,1323,3711,9
87559,450,600,242
38967,483,2500241,4
68140,4,4,43
38811,1244,1833,5
193250,47559,47559,221
112164,13103,13107,23
193369,200,245,110094
153673,2998,4999999,3
163140,67541,67541,15
161346,4999999,4999999,2
41813,400,489,991
43328,70000,70000,3
201321,120049,228457,60
43341,72500,72500,1
74703,4221,4221,26
77468,1298,1298,1253
151256,3099,3099,1501
10593,8897,8897,943
22839,5999,5999,43
40035,4999999,4999999,10
191383,7160,7375,22708
191501,11375,11973,2956
38962,294,294,71
198195,23042,26902,332
178548,4999999,4999999,2
200043,583,583,175
169451,1850,1850,107
12216,400,400,50
21593,3000099,3000099,9
192976,1994,1994,765
54450,12798,32001,23
44273,75000,75000,11
173099,22999,22999,34
20542,3428949,3428949,3
193939,36968,38294,1977
163563,1200,1200,13
192904,265,300,471
38769,196,196,47
69244,18500,18500,12
38930,82,82,14
132227,2000000,2500000,3
4595,4999999,4999999,2
5474,254,254,31
74641,200,2548,622
174285,390,390,52
140207,4999999,4999999,2
190881,4999998,4999998,7
62664,199,199,44
2742,694070,694070,6
38899,6577,6577,17
179016,4999999,4999999,21
180168,191,512,65
163641,4999999,4999999,1
119213,199997,199999,29
163783,6028952,6028952,2
23329,2,89,11
38913,4890,4891,28
137293,36599,42901,110
111656,225,17200,363
17402,9999,9999,39
12735,32,32,13
128539,150,3995,10
56502,535,1718,82
194784,99,100,9978
140265,4999999,4999999,1
133681,599,599,78
44470,1793,1893,20
173062,25000,50000,40
38938,22,22,53
25708,6498,7100,155
6811,50099,50099,11
201820,7400,7400,73
136653,125,125,55
198196,21043,21068,1589
32413,1290,1290,228
32600,37096,37097,4
81921,3571432,3571432,7
198833,25099,25099,3
87579,500,500,242
192836,300,647,6419
105703,499999,2749999,4
197852,5699,5699,62
25700,1209,1209,7128
163103,5000,2502499,4
52765,122,122,58
138987,4999999,4999999,2
116405,84444,89644,8
13927,2286,2287,37
169117,4999999,4999999,1
128835,4999997,4999997,6
74655,4999999,4999999,2
105704,4599999,4599999,2
139346,4999999,4999999,2
22324,4999999,4999999,2
52303,18180,18180,167
38882,6581,6982,16
173110,900,444900,552
107461,4999999,4999999,2
200821,12078,12078,8
59228,12900,494200,35
141215,4999999,4999999,2
38807,4999999,4999999,2
58279,7050,7050,32
180411,500,500,3
20544,30506539,30506539,3
81919,75,75,7
5633,1000,1000,31
129020,55962,100000,61
191398,2983,3365,2397
187802,360,365,112
4479,999,999,6
12432,7999999,7999999,2
42905,4999999,4999999,1
15419,7276,7276,97
173124,7500,7500,42
200041,671,672,608
24275,34966,34966,19
200018,32596,32597,791
200829,4999999,4999999,35
197752,122,124,3662
110638,2470,9999,107
192877,537,549,1056
141210,4999999,4999999,1
173092,27872,27872,17
128542,12500,30348,15
183597,10000,10000,30
154122,700,700,1901
38939,96626,96626,3
43373,1980,1980,497
199997,505,525,174
41601,1210,499800,5
52764,82,82,38
87580,500,500,275
178541,4999999,4999999,3
162562,4999999,4999999,2
199988,3502,4904,73
156872,8928570,8928570,2
179272,4999999,4999999,2
38975,1000,1093,109
193378,12266,12266,63
32453,4999999,4999999,2
11188,1195,1221,155
128793,79,100,102
2728,4999999,4999999,5
168448,13300,13300,87
160554,50099,50099,12
74704,10660,10660,34
53064,325,17200,540
178537,4999999,4999999,4
79283,163506,163506,3
200030,4579,6500,7880
21033,100098,100098,11
109141,8,10,3180
52785,6954,6954,41
128840,4999999,4999999,2
161314,4999999,4999999,7
49602,9500,9500,126
18254,1000,3719,41
27660,15,15,66
179018,400099,400099,8
104341,220,220,8
122346,1099,1099,9
179025,4999999,4999999,2
39006,3296,3297,109
110639,3300,9999,95
198214,3500,5100,39
162569,4999999,4999999,2
154123,510,510,73
163104,4999999,4999999,2
42545,1508,1609,225
40067,100,1921,138
161348,4999999,4999999,2
63251,1057,1057,22
179284,4999999,4999999,3
60269,7999999,7999999,1
39340,2200,2200,3604
198278,1033,1033,39
43236,605053,605053,2
38372,4450,9971,520
173130,2507,444900,188
63308,1234,1234,35
169118,4999999,4999999,2
13460,17999,18000,5
184624,4925,4925,187
23848,500,500,97
177840,532194,533394,5
101747,2500,2500,6
43551,7700,12500,322
159875,4999999,4999999,2
163051,4999999,4999999,2
193567,1869,1869,2001
163054,500,500,58
198420,461,461,9673
6358,304,3000,2929
20002,8400,8400,719
4873,7437,7437,8
190380,12899,12900,142
4544,353,500000,187
40217,2726,2726,18
127845,4996,4996,20
204730,300,300,42
38978,26506,26606,42
128548,89200,89200,10
205237,4790000,4790000,3
44760,11121,11121,6
961,3,4,37
200791,3095860,3095860,2
38868,11000,11000,28
38902,2514,2515,33
194571,3358,4999999,3
3726,4250,4250,29
29534,73466,73466,11
128722,499999,500000,4
139348,29942,100000,81
63291,3298,3298,6
160711,100,123,3178
86069,4999999,4999999,2
201697,977,977,61
117470,4999999,4999999,3
141910,40074,40891,117
23764,6975,6975,19
97619,1550,1550,1006
201721,350,399,469
140205,4999999,4999999,2
63692,4999999,4999999,1
137250,27354,100000,77
172936,790,2589,1083
117472,4999999,4999999,2
52186,3800,3875,18415
3703,4999999,4999999,5
128546,18369,18370,13
74651,4999999,4999999,4
4623,11250,11250,5
136825,44816,47817,109
139362,78869,145000,212
18567,17200,17200,3125
3387,4999999,4999999,35
41810,100,268,1169
171346,4999999,4999999,1
179287,11000,11000,6
182118,4999999,4999999,2
163134,28439260,28439260,2
163115,4999999,4999999,2
179021,4999999,4999999,2
12433,13434276,13434376,8
173123,5755,5755,29
41100,12495,12495,168
200860,425,479,15191
71876,42192,149800,36
40113,3000,100000,31
52213,5010,8510,11
197849,150,150,336
45879,26550,26550,3
168596,18350,18350,178
21215,5,38,103
45198,37475,37475,61
200028,19555,19965,812
128725,3800099,4400049,2
79301,250082,250082,4
133545,33032,33032,101
90135,4750000,4750000,17
200830,2500000,2500000,26
44269,9900,10000,11
2738,6040238,6040238,5
3745,322292,322292,15
10546,4499,4499,7
6359,469,2570,1006
200014,19986,19987,796
59229,4999999,4999999,2
186725,4999999,4999999,2
61994,49500,50000,14
16005,570796,570796,2
128739,5091227,5091227,3
128742,4999999,4999999,1
40042,18,4999999,3
2725,6242183,6242183,4
62003,300001,300001,4
2751,4999999,4999999,2
24189,269,269,5
115354,4999999,4999999,2
140299,4999999,4999999,2
58280,2199,2199,7
38936,49950,49950,23
117441,37500,37500,11
173075,15998,15998,27
163058,2052518,2052518,12
32063,4999999,4999999,2
132239,2598,4999999,3
61989,400094,1700045,4
204827,1000,1000,28
199193,4703,2502351,4
62015,688127,688127,4
79300,701154,701154,2
201398,4999999,12299999,4
52181,1195,3563,642
814,64,1099,423
62529,4999999,4999999,2
41167,300,300,43
44331,1993,1993,142
124640,768,772,12532
22845,400,400,70
138285,5299,5299,35
159897,7999999,7999999,7
179286,565,3519332,4
200567,10000,10000,293
17036,999999999,999999999,1
12215,690,690,42
194859,7875,10297,430
4558,12099,1506099,4
173171,995,995,3899
163083,4999999,4999999,2
81401,6136,4999999,37
38466,4750,5000,11
140203,4999999,4999999,2
62017,84999,85000,5
193230,1682,2282,2458
44332,852,4963,194
198294,921,921,83
180338,4999999,4999999,3
201327,2945,5939,95
44285,148543,150043,11
63293,32100,100099,50
8365,1999,1999,99
200775,1000000,1000000,26
62653,145,145,10
153610,698,699,16
23333,1099,1099,9
140300,4999999,4999999,2
163143,48500,48500,44
52780,4064,4064,48
1478,99,4999999,6
3240,67,67,55
170168,11699,11701,207
204823,4100,4100,28
62008,9029,9029,8
79291,39999,40000,3
4874,83,105,16
136557,14024,38552,27
62016,394716,394716,7
79296,100045,150046,11
153510,7777,7777,14119
194796,5422,24000,59
3388,190,1281,124
79297,20000,289443,6
136565,194,194,4
173103,15000,15000,32
128833,1518,1519,20
62006,1555,54114,3
62007,1164287,1164787,10
80431,1900,17200,222
147777,799,799,12
163208,133,455,34
32079,89900,99000,3
132525,90097,126346,8
200773,4298,4298,8
40048,15000,15000,30
191873,175000,175000,79
128741,40000099,40000099,1
36910,7844,9000,11093
56234,15000099,15000099,3
38820,6512,6512,6
62657,100,374,17
23819,33383,33384,3
62000,20098,53998,7
153597,7619,7777,64083
76077,611,995,150
16748,4950000,4950000,1
18632,696200,696200,4
62535,4999999,4999999,3
200839,555599,555599,1
27665,138,150,54
40404,4999999,4999999,1
62014,419999,420000,10
81924,807,807,7
140201,4999999,4999999,2
44266,49155,2500099,6
44271,20000,22476,14
178221,3345,3345,11
163202,4999999,4999999,1
198207,4999999,4999999,2
200783,4999999,4999999,2
128724,4999999,4999999,2
16202,700,1770,4402
37094,92,755,181
4367,429,430,14
199965,84999,85000,8
110656,2850,4129,86
60489,4999999,4999999,1
556,4999999,4999999,2
52760,10000,10000,18
79304,99999,100000,8
62011,300043,300044,9
38898,896,896,88
191401,3999,6183,1224
117469,4999999,4999999,7
79294,120096,120097,6
158775,500,1200,13
12361,98,1499,5887
182459,9998,9998,25
109137,284,284,18863
158212,17500,17500,18
44278,59248,59248,20
109626,990,17200,232
35627,2562,2599,1210
198292,1000,1000,61
200820,1270,1897,9
2732,4999999,4999999,3
25899,77822,77822,11
42999,4500,10529,23
5479,219,219,69
165692,19800,19800,297
20540,4999999,4999999,3
29539,15000,16352,150
29568,4999999,4999999,1
38824,1798,1798,25
153664,6500,6500,42
21752,2500,2500,284
198236,8857,4999999,10
194868,247526,247526,5
10648,4999999,4999999,26
132515,4935,4935,18
22452,2498,2500,1304
105700,253185,253185,7
44947,1334,1336,108
191322,495,978,843
79302,225678,225679,11
153619,1500,3342,43
38991,575,596,17
170164,85000,95398,16
108325,62,350,2143
153613,15882,16132,10
63306,804,804,59
163118,4999999,4999999,2
201417,4999999,19600000,6
38955,188,197,48
44262,4999999,4999999,4
38849,253,358,4
201584,2098,2098,503
87578,500,500,245
4371,760,964,1509
43695,3696,3698,13
130219,4900,4900,18
68660,200028,222528,2
44575,747,830,23
44574,50000,50000,21
44570,111,112,57
38886,4998,4998,31
44499,300062,300062,7
112291,26689,26690,16
74645,4999999,4999999,2
8957,217,217,142
33234,13,13,35
142406,2000,2501,48
34755,300,300,22
3828,550,2150,64
5476,1233,1334,220
191507,1409,1410,97
173074,29900,35100,11
38834,21716,21816,11
193962,137,137,43
144398,4999999,4999999,1
132220,50,2500024,4
173126,2796,444900,183
198497,6600,6600,8
132225,4999999,4999999,2
19440,2301,4999999,3
153611,200000,218000,11
13461,600,600,86
111439,10,100,387
198534,2985,5739,12
61996,10013,117112,8
32599,45099,45099,5
38932,3012,3012,71
193236,65096,65099,1125
173072,2500000,2500000,6
31676,79,79,30
44293,19305,19600,6
33448,69,70,156
18236,120,134,2
207022,900,1099,1507
8343,14,21,14311
2665,17200,17200,504
183950,900,17200,496
23427,3400,3900,4446
3731,1200,12500,2614
61981,1399,4000,1930
97546,300,17200,380
13423,170,999,2455
191510,117,117,423
109629,111,17200,500
138294,4999999,4999999,2
159750,4999999,4999999,1
172935,39,44,8915
158851,57499,57499,1
108361,4781,5032,30
204311,275,275,20
9197,10050,10050,7
39209,20,20,22
62413,500099,500099,27
4587,113,113,9
181468,1335,1700,1781
4852,567766,567766,3
173095,19999,19999,20
153134,4000000,4950000,5
173102,11990,11990,35
115353,4999999,4999999,2
18262,2328,2504,121
178535,4999999,4999999,2
197721,1200,2642,207
153701,1000,1200,1060
21887,500,719,4198
97512,17200,17200,421
74863,362,366,1028
159959,73,80,12576
61990,870091,900091,4
179281,4999999,4999999,2
22710,1099,1199,1795
35624,574,1286,8014
108355,17200,17200,422
192867,281,282,4023
19026,1425,1926,558
38964,170,178,50
6714,84,84,627
173089,24499,24499,27
189155,1250000,2999999,64
12217,4999999,4999999,2
153614,1358,1800,18
8393,4999999,4999999,2
118391,72,1499,150
2776,1500,2520,7715
22848,4921,4921,45
3826,543,545,231
13510,30899,30899,29
43105,2400,2400,9197
153603,2033,23033,26
36909,1805,4030,7931
108359,10000,17200,83
74660,690,699,6630
45980,1651,1651,1
33254,199,289,74
22834,1500,1699,27
5435,1525,30811,2
33246,59,63,58
57068,2500,2512,2
108326,83,450,2118
52985,800,899,17227
108356,400,2500,91
200033,6000,8000,1303
41801,225,2585,1452
43115,800,800,990
31904,300000,2150000,4
140567,19218,19362,17
182714,10002,10002,2
41427,22506,22506,21
28101,1989,1989,23
213210,9000,9000,5
178549,1161005,1161005,1
163395,4999999,4999999,2
151386,5099,5099,1
17403,14820,14820,36
68134,7990,7993,134
204700,4999999,4999999,10
182797,5051,5051,2
27659,400,400,136
108365,5000,10000,63
34736,900,17200,812
163643,1621869,1621869,3
44571,98,99,28
179166,4999999,4999999,1
38872,29430,29430,30
52766,7132,12565,6
33872,555,555,22
77531,2001,2507,70
16168,6699,6699,24
3470,38,945,4119
10938,100,17200,661
35503,116500,116500,6
75014,2594,3800,2177
24053,5441,5441,32
105707,4999999,4999999,2
13934,3200,3200,49
198498,1342,1343,9
207039,9999,9999,770
6456,4999999,4999999,1
109145,2050,4499,635
173172,961,961,2373
2730,1000098,1000098,4
173076,20550,20550,18
102351,348,348,42
128851,85011,85011,5
52769,2500,2500,18
200792,12000,12000,11
200844,4999999,4999999,2
38431,4999999,4999999,2
140754,4950000,4999999,3
108352,402,402,101
52755,296,4772,12
188164,99900,110000,67
34861,42,2999,485
59227,9800,9800,42
158203,999,999,30
193020,3300,3300,129
163147,1094313,1094313,2
22853,9900,9999,153
62661,50,50,104
111431,50,990,608
11387,3750,3750,7
153710,270,7500,241
198502,4085,6344,237
53643,750,1300,6108
160059,13,13,14681
4337,25,999,3033
21842,392,477,11853
129028,72579,100000,62
162550,4999999,4999999,2
153623,132012,132012,12
20074,450,450,36
22854,3090,3399,301
128554,4740,4740,13
162574,1472819,1472819,9
179022,4999999,4999999,2
13755,99950,99950,249
173091,29900,37800,25
140266,4999999,4999999,2
191500,3300,3300,458
81918,98,98,22
62238,20000,25275,193
127839,6000,6121,147
168642,1000,7477,220
184281,4999999,4999999,2
199060,1161,1180,61
62674,170,170,33
139398,15000,4999999,3
108980,37,37,2
200805,4999999,4999999,2
36908,397,999,5254
20541,299,2500149,4
159873,4999999,4999999,2
38428,99998,99998,9
7228,47,47,36
97624,200,200,336
163155,500000,2749999,4
136549,1500,1500,5
95481,4999999,4999999,2
32686,999980,999980,61
20452,1000,1000,55
193556,50099,80099,21
109625,199,17200,364
105719,4999999,4999999,4
168447,13200,13250,101
194858,496,496,32029
62672,325,325,5
151122,4999999,4999999,2
38918,11378,11480,24
163137,1257,2500628,4
200304,57400,57495,31
128992,4999999,4999999,3
12209,101,664,7
21552,14078,14078,728
200027,23975,23975,632
179277,500,4999999,3
87232,1650,1650,22
2771,198,399,26044
43103,600,17200,746
2674,400,7545,5085
109138,105,110,2371
128017,10933494,10933494,2
63275,28466,237595,133
9333,12017,12017,37
25886,1297,2500,892
193238,32088,37797,1268
52094,114,1348,21
179275,200000,4999999,3
171203,19000,19000,5
30355,4999999,4999999,2
180412,500,188912,5
201046,2298,6148,74
128737,1143325,3071662,2
108977,16,16,14
179271,499999,2749999,4
59231,1295,1295,6
4556,1000,1000,13
128991,4999999,4999999,2
104196,4999999,4999999,1
38995,6051,6052,50
163110,5000,4999999,3
129286,4500,4500,91
191508,4999999,4999999,3
29395,4999999,4999999,2
169120,4999999,4999999,2
88492,130714,130714,7
38791,580,580,74
23441,422,499,1258
116407,32886,32886,21
52114,300,300,10
155812,2161,2161,10
62669,375,375,86
163638,4999999,4999999,2
201045,2096,2096,20
105701,4999999,4999999,6
161383,4999999,4999999,2
128764,4999997,4999997,7
197761,76,77,317
62019,1905995,1905995,2
4457,2000,2000,55
22795,8,32,171
153705,1000,2975,839
10507,200,200,202
177256,68440,68440,16
3372,4999999,4999999,2
44289,95000,95000,13
183793,13099,15499,5
187812,4999999,4999999,2
168652,18888,19999,248
62654,6950,6950,3382
187849,19992,19992,33
8925,4999999,4999999,2
153704,900,500000,2206
38885,237,238,57
109148,600,4499,682
12607,50000,50000,24
62663,199,199,84
194694,190,190,261
38814,3983,3990,39
74636,28,28,94
79306,4500099,4500099,3
21595,3000099,4000049,4
128558,2376,2377,5
7965,90,90,95
163156,4950000,4999999,21
128996,4200,2502099,4
18251,17532,4999999,3
128834,1008,1008,123
193934,29731,33415,1538
192992,28545,28545,392
163132,4999999,4999999,2
57060,37883,37883,9
162570,439999,499999,7
38829,300,2397,29
32598,2200,2200,57
153703,400,435,556
6529,87,88,725
29536,1825823,1825823,30
132530,369371,369371,5
182122,14756,14756,12
76513,118,119,11
198303,487551,487551,17
199190,39998,19600000,7
198291,200000,200000,16
155813,500,15000,50
33569,900,900,23
109599,27524,62124,523
31913,2300,33250,4
200817,4999999,4999999,2
186981,875,922,84
197858,300,364,262
35759,500,500,76
87236,4999999,4999999,2
74722,195,195,87
200305,755,1663,12
67438,19999,19999,10
200848,2400,2400,11
194795,2100,2182,140
35836,331897,331897,3
35314,420,420,35
61993,499009,2749504,4
38819,2072,2072,6
16040,25000,4999999,3
85504,230,230,11
74921,4999999,4999999,2
2894,22045,22045,275
17404,7,7,11
118015,7000,7585,14
142103,2998,2501499,4
8152,2500,500099,10
152640,998,9999,173
162552,4999999,4999999,2
204613,4000,4190,10
11444,98,98,5
140206,4999999,4999999,2
4387,555,943,87
62655,1299,1299,56
25521,22511,22511,24
194756,19956,22361,12876
207054,99,199,1230
128740,449999,450000,3
108364,4027,29827,21
133567,20,22,114
200814,4899999,4899999,7
173097,25999,25999,28
190533,180000,180000,388
171270,2599,2599,510
38816,1032,1033,12
52768,161,161,16
74720,163,163,79
205690,950,950,501
162012,5022,5022,34
204825,3500,3721,46
147669,800,800,15
213195,4060,4060,3
176881,650000,999000,5
176089,100096,100096,15
40109,600,2885,43
180476,79041,79041,3
204701,2392,2392,2075
4537,46,28146,19
159471,15,15,72
198047,189,189,10
192924,7000,7000,61
192659,270,270,2
41731,30,95,52
201320,2588,2589,139
206967,10800,12000,36
198496,3425,3817,143
202290,549,1549,9101
162027,100000,100000,41
162022,7500,7500,391
129021,50110,52067,176
110653,4000,4654,51
192940,400096,400097,18
192901,194,309,124
6712,475,475,35
211400,5780,9500,320
168636,9995,50000,476
133578,2500,2800,50
11325,100,100,7269
28467,680,680,1
28463,1004,1004,2
136573,480065,480065,1
32836,20065,20067,17
163900,1199999,3100016,2
76514,150,150,34
12224,150,150,201
112181,3369988,3369988,21
40039,1444,1444,51
34752,146,146,92
168812,19500,19650,2
213360,25000000,25000000,2
158860,123,152,10
4395,2903,2903,12
40125,2746,2746,9
76510,195,195,10
76558,145,145,5
63128,40099,40099,55
6299,210,225,42
31677,900,900,30
38846,293,374,59
173090,37000,37000,50
6444,148,148,14
5125,9968,9968,1
6445,395,395,11
12434,301465607,301465607,7
41456,225,225,3
40202,7500,7500,39
192921,7578,8078,241
27502,360,360,10
4421,74,574,16
44761,2938,5880,3
10305,1059,1059,7
76667,552,552,33
76545,226,226,6
40097,1526,1526,218
31945,4800015,4800015,2
201193,8056,8056,12
198503,4900,4900,34
213380,20000,20000,2
213385,272,272,1
43574,98,98,2
38925,15438,15441,121
62666,209,209,55
111449,40,40,374
192907,360,444900,131
66945,206263,206263,1
188760,7995,10000,24
19938,50077,169777,6
44764,1800000,1800000,8
27657,19,21,60
188672,32500,50000,43
188795,3800000,4800059,3
190235,4800007,4800007,69
178552,200,200,7
9356,100000,100000,2
30814,3509,3509,8
30815,5072,5072,5
27934,835,835,9
60390,459,459,3
17034,1000001,1000001,20
179295,10000,1000033,198
205471,264,264,6
127714,3999790,3999790,3
192950,14099,15750,24
192963,12018,14522,43
55975,399900,480000,34
5506,4302,4302,6
192683,4700075,4700075,12
52095,1500,1559,10
52120,300,50100,2
41446,200,200,7
39966,513,540,25
32194,1998,1998,28
158796,3099,4099,4
132238,7355,7355,1
63388,404,404,146
205469,26467,26467,2
205457,3284,3284,3
36811,48,48,30
62527,927849,927849,6
76686,1040,249100,19
136857,168696,169731,6
158752,30000,4800000,29
52128,200,200,22
5122,2407296,4800087,13
23095,400,2725,658
130246,99233,111990,9
23118,288,2700,372
23119,2500,2700,357
28595,350,350,40
80587,11800,12500,558
60493,10000090,10000090,4
55054,30008,41386,49
52289,147000,147000,34
86070,1494,1500,26
29581,20,20,2
194755,9299,9800,23337
60491,184,10020049,10
212761,865048,865048,2
182120,500022,500022,13
172451,9,10,83
39562,2520,450020,81
116147,367,867,1393
128731,4775051,4800051,6
16167,9999,9999,7
27635,190,190,13
6522,2897,3000,1620
151542,80049,145000,262
198254,3755,3755,12
187829,149999,149999,10
111442,365,365,103
32196,950,950,23
23380,4999999,4999999,3
24291,150,153,244
63691,4999999,4999999,4
163388,77799,4999999,4
6452,721,721,31
161127,4999999,4999999,2
82445,8000,8400,34
11418,1133,1883,6
6887,100,1054,87
60395,1899,1899,13
4391,3168,4309,12
37602,9811092,9811092,7
174349,359,360,517
13442,595,595,128
140275,54403,54403,7
6453,15,15,63
3174,4999999,4999999,6
22529,500000,500000,13
173761,65,65,33
173762,205,205,9
39916,999913,999913,4
15993,140,140,60
38797,163,166,69
44619,294049,300049,27
33053,904,904,8
27662,196,4000,66
71861,68480,68480,7
124125,3800,8969,67
29559,362,362,10
29564,20,20,16
29560,3173,3173,3
54849,3828,3929,9961
29563,11388,11503,72
130248,111990,111990,41
184342,94499,95103,6
76885,4538,5121,62
32225,4798,4799,648
32201,400,400,53
35761,751,751,185
52207,35070,35070,41
52206,10031,10446,24
184343,95000,95000,5
187931,139983,199995,312
39975,1400,1400,10
9224,9500,9500,117
40040,8498,8498,1
32222,5055,144870,28
40157,3080,3080,22
38874,7556,7559,11
40102,5899,152849,2
71820,59037,59039,54
31869,48101,48101,6
76888,7590,7590,33
71868,60012,60012,16
41379,9900,9900,8
31866,5842,5842,14
52212,19991,19991,21
52231,5098,8498,32
71834,68312,68313,11
32206,4868,4868,15
173125,34998,34998,4
25894,234919,234919,13
52104,2500,2598,15
200029,28998,28998,498
25896,69948,69948,13
40045,7000,249800,13
40023,5388,16579,41
24030,5001,5001,10
213362,25000,25000,6
212772,252543,252543,4
35501,100006,100007,8
52113,100,100,13
52143,1528,1528,4
63530,3,3,123
192906,10004,200000,257
155620,2900,3800,3
137289,85000,97000,184
162029,7500,7500,207
181388,5500,5500,5
35565,100,130,188
76890,2090,3090,4
178544,52113732,52113732,4
169449,138,139,361
207088,150000,150000,112
179288,200000,200000,1
111454,199,712,62
213042,242,242,1
213038,1188,1188,1
9261,271,271,9
204838,34651,34651,2
180429,705047540,705047540,4
208736,250000,250000,2
213030,100000,100000,1
146406,29900,29900,89
168797,864,943,5
25679,150,168,36
213387,250095,350095,3
185970,2595,2595,24
6986,50099,50099,1
153625,88500,89000,10
153631,2300,15000,7
213029,9487,9488,3
130220,2920,2920,16
71837,87679,87681,8
71870,78892,78893,11
71860,99914,99914,10
76610,28003,28003,1
76622,543094,543094,4
76590,40000,170000,75
132218,40099,2524999,10
198436,2138,2138,6
197768,5598,9999,212
62662,93,94,28
55056,89348,89348,47
192718,2098,2098,6
4236,9900,12698,59
153620,1000,9799,26
104339,4999999,4999999,2
136568,9900,100000,7
9335,50,71,8
142102,1025,1025,5
171196,2490,2490,1279
2608,4999999,4999999,2
200804,100000,100000,31
200855,400030,400030,2
115814,69897,69897,11
162551,9496,9496,22
105717,4999999,4999999,2
21929,67,10000,2238
127835,701,997500,33
179993,4999999,4999999,1
163106,4999999,4999999,2
142101,86642,2543320,4
191318,733,1733,1289
128853,3571083,3571083,2
58086,7000,7000,11
177842,86777,87077,6
163145,4999999,4999999,3
52248,6998,6998,7
191333,1542,3340,1345
105720,4999999,4999999,2
40359,4999999,4999999,1
2593,154,154,103
163411,77799,4999999,3
34747,200,795,93
5468,2000,2000,428
195456,5599,5599,122
119022,4999999,4999999,2
104343,4999999,4999999,2
173098,19800,19800,40
56151,3500000,3500000,7
56236,49900,49900,5
71835,79895,79895,1
3168,30001,30001,12
163154,55500,4999999,7
152559,300,1999,494
168641,1500,444900,161
76656,300,300,8
39915,300,300,9
179017,4999999,4999999,2
194869,25000,2512499,4
128994,4890,4890,19
178539,4999999,4999999,7
56503,4590,4596,38
62523,2999,2999,15
198401,5161,5161,35
163052,4999999,4999999,2
52720,800,17200,796
40070,599,18525,54
163192,88899,4949999,16
44493,4889,4889,97
62675,4999999,4999999,2
127850,400,450,68
22823,901,1501,316
187827,67294,4999999,3
12364,280,283,2779
9088,15309,15309,13
86073,4999999,4999999,2
197848,1150,19600000,7
29575,50000,50000,3
163399,4999999,4999999,1
192943,140000,162124,55
18594,1175,2225,7
33092,19996,19996,22
194681,200,200,17
163651,4999999,4999999,18
29112,9999,9999,9
5526,30,90,36
36917,67,149,194
180409,4999999,4999999,2
21071,224,4599,976
194820,1100,1400,23118
58144,1800,1800,151
8836,125000,444395,1581
22831,1599,4999999,7
6296,4799,4799,4
58093,2375,3513,204
151124,4999999,4999999,2
136554,999999,999999,3
129287,810027,810027,8
22835,30000,4999999,3
184283,4999999,4999999,3
180059,8224,8678,37
38430,4999999,4999999,2
200834,3000000,3000000,1
729,4999999,4999999,2
4655,20089,20089,55
171278,6990,15000,805
163407,756672,756672,3
38788,827,828,13
199938,16397,30098,11
58275,9565,9565,23
158382,9999,9999,98
38833,11,11,138
76896,11953,11953,10
167043,110558,110558,5
153618,13502,13502,15
18645,999999,999999,8
68687,200,200,61
113290,4999999,4999999,2
33093,4999999,4999999,2
5478,4999999,4999999,2
21030,2298,2298,46
38877,69894,69899,58
38859,601,601,7
202315,4999299,4999299,11
133942,100,100,294
32839,299496,299496,2
76518,199,199,29
32850,132499,132499,3
38951,48,49,44
38804,182,182,29
199978,533,533,520
194578,3500,5160,693
138292,499,499,147
105721,4999999,4999999,2
88490,4999999,4999999,1
113585,3506,3506,11
1401,4999999,4999999,2
74713,22,23,23
38805,2499,2499,11
38884,9585,9590,18
76596,29946,29947,3
76608,71933,71934,5
76598,21814,25532,9
76582,60096,60097,3
76605,10000,12812,4
76584,87922,87922,2
93707,59537,59537,3
76612,2093,4020,3
76585,3895,3895,3
76597,1778,1795,9
76625,652349,652349,2
76613,12865,12994,4
76623,406475,406475,2
76594,2000,2150,2
76600,10000,13864,2
89676,260040,260040,3
76512,200,200,4
159850,900,900,61
38851,40000,40000,31
200824,2106727,2106727,2
153015,25449,25449,29
67399,500,500,5
38789,283,283,83
119324,4749931,4749931,2
136563,1000,1000,8
198228,4800,4900,45
38989,496,496,49
32728,4999999,4999999,10
139345,58992785,58992785,5
129003,41755,41755,8
200766,490000,492500,60
5205,4707404,4707404,2
205794,4999999,4999999,11
159786,13998,29945,14
30155,25,25,78
8244,80500,87900,54
52782,7493,8661,8
62659,500,2499750,66
38926,9874,15278,10
163692,1150,1150,92
144397,4000085,4000085,3
6455,4201,4201,1
154168,2300,2300,95
3702,1236,2536,4
68731,4214,4214,1
11420,96355,96355,1
3175,236924,236924,1
44757,4700,4700,53
33555,900,17352882,2
20843,9957,9957,6
56203,75051,75051,1
25446,260154,260154,1
56160,79112,79112,3
20847,3064,3064,7
68732,999999999,999999999,1
23385,681,681,1
54624,29,29,1
54837,399752,399752,4
57064,33916,33916,1
9358,28249,28249,1
56241,879000,879000,1
3171,10086,10086,9
56202,7689,7689,1
38584,33409,33409,4
56158,19719,19719,2
56239,240410482,240410482,1
3030,7500,7500,20
20845,4001,199801,52
3179,12402,12402,4
9357,169047,169047,1
7296,262,262,7
54627,2744786,2744786,2
11389,117114130,117114130,1
54836,1629813,1629813,2
54626,289046,289046,1
56052,4950,4950,5
4580,554,554,1
1222,97500,97500,3
20848,1588,1588,9
54833,1433,1433,1
198499,2530,2991,49
5480,5500,5500,39
38840,5716,5723,67
56035,4329,4329,2
44769,8073,8073,1
4582,2280,2280,1
11410,99047752,99047752,1
22456,12825,12825,2406
120328,1501,1501,2
38869,2729,2738,20
49300,1607811,1607811,1
178132,55000,4999999,5
11417,4657,4657,1
27443,99900,99900,2
11408,1482,1482,1
178107,824,824,3
199188,775,775,30
6150,94900,95000,7
16170,4999998,4999998,62
8544,45,45,609
204615,169589,170089,27
55981,4327,4327,1
54625,1000000,1000000,1
180377,32508,32508,4
139783,26526,26526,4
56238,22222,22222,1
203410,44909,44954,495
200845,15000,19000,21
38998,57194,57297,26
128979,49948,49949,9
69863,2500,2750,4
174322,8888,8888,2
76679,150,99900,13
32668,2777,2777,5
38831,3988,3988,9
186704,4999999,4999999,2
212764,1476,2476,3
44815,3078,3079,62
4867,4999999,4999999,2
38776,73,78,16
5237,4999999,4999999,8
52746,1100,1100,23
128987,12000,12000,7
4876,2181,2181,1
41307,12000,505950,2
38946,120000,120000,32
38924,135418,135518,39
52131,9928,9928,1
129001,5030,5030,46
192704,9000,4800007,3
25898,53616,53616,13
41492,1520,1520,3
23103,100,100,9
182119,4999999,4999999,5
200825,400000,400000,6
23108,122,122,106
81198,14,14,6
169669,4999999,4999999,7
110640,2093,9999,71
172041,156,362,483
159791,496,496,13
40059,5677,5682,4
203865,9719,9719,251
141209,4999999,4999999,2
7099,4083,4083,15
200034,3099,3397,794
178787,11069,11069,1574
38928,48,50,49
200778,2000099,2000099,7
158466,4999999,4999999,2
200025,598,50099,1121
109152,1499,1499,351
18635,9999,9999,7
62660,450,450,21
201163,9056,9056,4
32217,2198,2198,84
52099,1500,2000,7
200451,96,96,2
24056,699,699,6
23094,313,380,14
54469,1175,1175,3
52088,2430,2430,4
32220,3500,3500,42
32224,17879,17879,27
40116,8035,8035,7
60488,21,21,4
58866,2200000,2200000,3
52098,1000,1300,15
32198,179,179,65
74727,165,168,59
41375,7466,7466,4
31868,1064,1064,7
159845,1000,4500,139
41602,49788,49789,14
46002,75000,75000,8
107663,167291,167291,1
6373,1850,1850,394
25893,384032,384032,2
136551,450,2500224,4
52747,7488,11563,5
43268,190,190,135
38905,325,325,18
110645,3100,9999,88
38883,6651,15135,15
24058,388,388,7
52111,2200,2298,21
52090,5095,5095,6
52119,1444,1444,1
41451,10000,10000,48
20678,317,4999999,6
37253,4999999,4999999,2
191516,6499,6499,3571
177843,295101,295101,5
41439,200,200,5
159825,498,2000,670
173129,444900,444900,108
153608,2000,20000,15
194870,333303,333303,14
172503,150000,150000,1
5370,44401,44401,2
168232,8500,8500,45
52118,3499,3499,13
39910,200,250,32
52139,3000,3000,2
34537,1200,1200,29
197857,575,575,37
119099,7500,7500,3
19726,13688654,13688654,5
200634,25000,43465,280
198506,13340,4999999,3
178127,4999999,4999999,2
112095,6850437,6850437,1
118416,19999996,19999996,1
74716,130,130,37
191335,20813,35000,548
12404,59,60,203
163642,4999999,4999999,2
25867,36368,36368,13
153616,2200,46000,16
153605,10095,499900,15
94535,4999999,4999999,2
59232,24099,500099,72
178547,4999999,4999999,2
179273,27869,2513934,4
188762,400000,400000,12
110620,4999999,4999999,2
28420,555,2005,13
151123,4999999,4999999,2
40215,974,2500486,4
74647,7499,8000,49
201413,1050,1050,32
153706,825,1610,321
63299,500000,500000,5
174284,1728384,1728384,32
174983,2500,2500,1
185482,2500,2500,3
76642,800,800,7
76680,22251,22251,38
188791,200000,200000,1
182715,5500,12750,2
188682,1000,1000,33
74649,2000,2000,26
205793,5599,5599,41
187823,10499,10500,88
196585,1098,1399,127
138290,4999999,4999999,2
169660,4999999,4999999,1
118630,897,997,90
40003,399,722,42
52145,607816,607817,3
8951,1000,1000,6
20709,1,1,12
12213,111,111,41
23841,3497277,4248638,4
178923,100000,100000,1
204971,40000,40000,133
45202,4999999,4999999,2
25652,20619,20619,4
163159,4999999,4999999,1
19974,1200099,1200099,2
183110,3999999,3999999,20
201419,740,826,26
76671,554,289100,34
116149,1111,1125,971
128993,12399,4999999,3
128998,4999999,4999999,2
162545,4999999,4999999,2
200809,4999999,4999999,2
172362,428,10599,989
18045,100,100,48
205692,3500,3500,31
92443,100000,100001,26
7428,500000,500000,4
8368,500000,500000,1
13364,710,710,1
22460,659,693,8
15423,500000,500000,2
205171,1200000,1200000,3
200833,8538,8538,12
158866,6800,6900,8
157798,2178599,2178599,7
44463,4911,4912,104
23115,100,100,1
3727,23472,23472,13
118415,24000,24000,127
71849,58651,149800,29
194738,650,3955,69
192965,92500000,92500000,1
9399,500001,500001,1470
153708,4060,489100,60
44755,63,63,10
113142,363886,365884,2
89680,944,249100,23
203416,50074,90080,663
163915,4999,4999,1
5428,1510,1860,2
163906,9999,9999,1
54832,50,50,21
76648,644,644,9
192719,2099,2099,7
213180,35041,35041,5
9355,250006,250006,2
213367,10071,10071,1
76649,1051,1053,10
44286,3960000,3960000,5
193936,18609,18880,2297
32597,39999,39999,5
40017,43777,249800,14
76533,108,109,32
69839,4800048,4800048,1
184346,87998,87999,4
39996,299800,299800,9
158810,15048,15048,2
158743,2192,3465,2
151583,1982,1982,35
194733,650,650,25
158777,2614,2614,2
76887,10858,10858,4
87530,25000,299900,42
173908,20000061,20000061,1
44280,749999,749999,6
158873,2361,2361,101
183204,2485,2485,1
139036,990,990,30
40022,8891,249100,7
204909,92500000,92500000,1
175960,538,538,4
25813,100000,100000,6
128841,4999708,4999708,2
71879,317067,317068,52
192953,125042,125042,6
168794,230,232,20
192926,33999,33999,6
201192,8730,9000,18
168788,8900,8950,2
46849,4999999,48749999,4
168640,997,998,250
52156,10000,39390,11
192922,10621,11415,2425
6304,1496460,1496460,1
17195,10000000,10000000,1
192933,60000,455545,26
192917,150000,150000,6
36823,24,24,4
36824,27,27,3
24035,2000,2759,33
168639,500,698,83
39549,30,30,41
38520,1210,1210,4
39550,900,900,8
44765,27,27,3
127733,5999800,5999800,1
39218,230,230,7
33553,300,300,8
33562,900,900,2
36809,27,27,1
33629,100,100,7
36816,24,24,7
33630,27,27,5
33638,9000,9000,16
36817,27,27,4
33639,9000,9000,6
33549,300,300,33
23110,716,716,10
23114,733,733,10
24048,11375,11375,12
39959,16731,16731,10
40010,1435,1436,26
209034,8910,8910,8
127718,4838709,4838709,3
52297,22494,22495,13
76894,4476,52895,25
68741,4962,4962,1
140321,999999999,999999999,10
130218,193,193,6
38780,492,492,15
158747,162,162,4
201190,500091,500091,1
210451,2500,2500,1
32218,843,144870,96
58146,672,16525,81
57191,1255,16535,103
20418,200000,200000,6
76684,100000,249100,15
138486,3305,4999,2350
92527,40000001,40000001,1
132194,1117813,1117813,2
162573,580,580,14
201415,1200,1200,24
44087,308872,311922,2
52220,3903,3903,25
52228,1523,1523,2
52245,4906,4906,2
52249,2377,2377,3
52250,14986,14986,25
68357,8559,8559,1
76535,300,399,23
89675,300,99800,18
201205,19263,19263,6
194035,1827,1827,49
40166,1567,1567,1
39900,390,192100,14
40057,7778,7778,1
112179,87283,87283,5
40038,15080,249100,4
40090,700,700,14
39997,22879,22879,33
35760,144870,144870,10
2460,3009,3009,461
81196,95,95,35
192632,73,73,13
188685,2500,2500,1
3164,39998,2519999,4
76556,240,240,8
76587,99935,99935,2
40051,100000,100000,30
76660,2600,289100,24
40055,249800,249800,11
138382,2089,2198,3
40011,900,299800,12
40028,7500,249100,5
213213,100000,100000,2
68358,5644,5644,2
41432,130,279500,4
76616,279500,279500,3
33548,800,800,3
127715,3499800,3499800,1
138884,10000,10000,15
40016,2000,125900,2
41440,300,139900,2
76554,387,99800,21
76650,100000,184850,6
76515,594,594,26
40106,3199,299800,5
127717,2999800,2999800,1
29533,195966,195966,10
39685,500000,375250000,2
156873,161703,161703,1
204839,7279,7279,2
167739,75016,75016,3
71881,288998,288999,25
153567,77738,77738,1
178534,2526,2526,6
188794,22500,22500,4
41474,1374003,1374003,1
212768,1240,1240,1
212766,284,284,2
213358,7076,7076,1
92550,1518246,1518246,1
71862,77721,77722,15
52129,450,486,11
23077,140,150,446
180410,4911,1830411,5
38350,4999999,4999999,2
52083,2191,2191,20
163207,88899,2544449,4
44617,4999999,4999999,2
200680,10500,10500,5
163153,22077,4999999,3
163157,22077,4999999,3
133568,2200,2250,821
42430,4999999,4999999,7
105702,4999999,4999999,7
198302,49500,49500,9
141641,4999999,4999999,1
44750,3999,3999,12
62530,4999999,4999999,2
69864,400012,400012,3
212648,3000,3500,6
205221,262,262,1
205222,2059,2059,2
76611,2000,2000,3
41435,113,113,8
41475,413,413,7
41470,113,113,4
203418,2500,7088,373
32948,35421,35421,127
67337,3000030,3000030,1
142262,6271,6271,6
39949,130,130,18
119098,29500,29500,3
41436,400,700,5
41479,400,435,6
40095,43714,43714,10
198295,9999,21586,6
92525,999999998,999999999,5
184341,59997,59998,4
115012,1999,99999,17
71874,69890,69891,15
40014,4406,4406,10
60743,35,35,5
32212,3203,3203,35
52205,11998,15000,25
28459,5800,5800,16
28461,35867,35868,13
71823,80267,80268,10
71854,39096,66820,39
71824,74485,74486,13
20513,750000021,750000021,10
18300,163089,219645,4
174104,16670564,16670564,5
55974,15,15,23
204312,656322,656322,1
92664,78800004,78800004,1
71828,1008350,1008350,1
40152,4799,15000,28
40164,8500,8500,5
40165,3000,3000,5
35707,12500,12500,1
192721,47623,47623,1
71851,42713,54766,14
174891,14225,14225,2
213366,23655,23655,2
110627,462249,462249,16
71875,878325,878325,2
71863,40824,67866,14
40171,500,600,17
188681,500,500,2
40141,3000,3000,6
71853,72680,72680,25
201216,47649,47649,2
201194,88,88,2
106824,31,31,11
66947,976,976,1
163899,33,33,1
56201,4,4,6
56200,3,3,6
29570,11,11,1
213033,500064,500064,1
66949,55526,55526,2
76532,825,825,9
138383,4808,4808,5
158757,20889,20889,2
158819,20670,20670,1
71838,49063,49064,8
71855,957572,957572,1
40129,291000,291000,37
115812,5075,5075,10
39954,1827,1827,8
39950,5678,5678,9
41497,2476,2476,4
52172,10324,10324,4
45880,2243,2243,3
40105,4599,4599,1
52137,371399,371399,2
23530,600060,600060,2
71864,71656,71658,29
205235,90099,92549,10
205242,18899,18899,3
41488,900,900,1
39912,205,209,23
141319,10000,10000,4
40180,294800,294800,5
40177,5000,5000,9
40118,2599,2599,4
40169,1000,1000,2
71877,36797,36799,26
71848,37016,149800,26
40120,4948,4948,5
40155,12721,178760,10
40142,4537,4537,6
40143,4500,4500,3
40135,6200,6200,3
40133,291000,291000,3
32203,94800,94800,5
38903,241594,261492,8
40034,25779,25779,1
52097,2299,2689,2
21714,3904,3904,661
813,201,201,1
56198,502,502,7
25443,320,320,1
160581,201,201,3
71829,81268,81269,3
28123,8954,17166,52
204995,450051,450051,5
40082,3000000,3000000,1
46023,25000,250000,36
213214,780,780,2
205461,1250,1250,5
76879,18500,18500,14
52219,9133,9133,3
76691,2156,2156,6
41490,900,900,1
41460,1309,1309,1
41464,9434,9434,2
39976,950,950,2
158856,6381,6381,1
158850,2113,2113,2
188834,4500,4500,5
38261,5034,5034,23
52158,1500,1500,3
31908,121540,121540,6
166419,12308,12308,2
24521,453,453,7
130247,113067,113067,23
24051,2025,2025,35
76655,46165,46165,1
205869,90043,90043,6
71375,60002,60002,14
23104,250,250,24
90553,8012,8012,10
43321,75000,75000,1
179012,1390,1390,1
41466,1600,1600,2
52151,333328,333328,4
127738,999999999,999999999,1
54632,11572379,11572379,3
76599,3343,3359,2
76891,3041,5527,7
212771,10095,10095,2
179370,258,258,2
188811,20902,20902,5
176392,67,67,3
92432,90001,90001,10
193420,183442,183442,1
200767,458946,458946,66
71846,957572,957572,1
194736,600,600,26
52226,6900,6900,2
32199,1099,1099,1
76897,7409,7409,6
39939,2200,2200,1
52208,5098,5098,8
39998,9781,9781,8
52244,10101,10101,1
52294,7700,7700,10
76549,298,300,10
52209,5044,5044,7
71883,313899,313900,11
71832,109750,109751,12
41397,912,912,5
32193,998,998,21
40115,4532,4532,1
71826,49007,49008,13
52293,21757,21757,14
71871,66903,66905,27
32409,125729,125729,2
151580,2581,2681,21
71880,290074,290074,13
71841,25000,66820,16
71852,45866,45866,19
71825,80270,80270,3
40179,2567,15000,21
34907,1099,1099,3
39977,139,139,1
41335,14795,14795,1
39952,201,201,1
94536,37961,4518980,2
40914,85076,85076,5
21570,3933,3933,345
21716,978,978,668
52247,25024,25024,6
205875,3134,3134,1
205465,2310,2810,3
71831,1008350,1008350,3
17344,150000,150000,13
71833,80271,80272,9
76628,37150,37150,1
40167,4000,4000,9
40000,5498,5498,1
28060,15000,15000,9
40029,118,118,3
54623,119256,119256,2
39351,19770183,19770183,3
127764,443107,500000,5
52239,4000,4524,2
42779,13,13,20
71878,884530,884530,1
32211,15000,15000,25
187842,9999,9999,15
130264,4585,4585,74
203412,117964,117965,203
39969,10000,10000,2
41489,113,113,3
39907,100,100,3
176885,2252,2252,1
186661,46640,46640,1
23101,100,100,5
34843,226,226,4
52157,164,168,2
40160,1300,1300,22
176810,3513,3513,2
139312,2689092,2689092,3
76559,250,250,5
158795,153712,153712,1
87806,5000,6803,5
76615,2000,2000,1
20763,132,132,1
24281,90005,90005,1
200618,250076,250076,2
24061,581,583,14
199646,750,750,3
162981,220000,250002,24
205686,29474,29771,48
45197,25001,25001,16
205243,1000,1000,1
205236,1000,1000,1
2091,45000,124875,9
6949,15000001,15000001,2
31909,25000,37909,3
136570,250065,250065,3
23769,39600,39600,30
56197,5010,5010,6
173122,2255,2255,2
39917,5447,5447,1
25897,52250,52250,5
24539,485,485,3
25890,74248,74248,1
178175,229,229,1
56196,2512,2512,3
25444,100,100,2
31899,35098,49898,3
49110,63007,63007,9
23121,2802,2802,1
71844,44542,44543,4
76618,5066,5066,1
34831,76,76,1
39906,22114,22114,1
176854,2402,2402,2
59493,222290,222290,2
141213,1317143,1317143,3
63273,60413,60413,7
63274,90,90,13
63272,1458,1458,4
181713,184,184,3
63024,32,32,2
192900,149,270,20
45999,1,1,1
192656,256,256,1
43087,5001,5001,27
120332,1501,1501,1
76581,150,11053,9
158868,55982,55982,8
101750,2500,2500,5
87264,5000,5000,5
101748,5000,5000,5
119100,44087,44087,2
76595,10000,10000,3
127761,277200,277200,3
213196,500000,500000,1
39961,999999999,999999999,1
34841,61,61,1
185479,4000,4000,9
45901,1064941,1064941,10
52215,5086,5086,5
90548,2101,2101,1
30508,1000000,1000000,1
6293,40671,40671,2
76621,166,166,3
34839,1800,1800,1
204837,2000,2000,4
193896,329,329,304
128011,5096,5096,1
158813,187,187,2
204842,35000,35000,2
205872,252,252,2
213277,280,280,1
40163,6521,6521,2
76539,825,825,3
49253,55,150000,21
76544,792,792,4
205044,550051,714551,25
184050,197,197,1
144396,10340057,10340057,5
24403,16,16,2
140629,4512319,4512319,1
69955,301,301,1
198494,110405,147206,3
113139,2985129,2985129,1
151774,377283,377283,1
158811,194,194,2
29750,13205,13205,48
205016,399999,399999,17
23765,495000,495000,2
59489,200769,200769,8
163558,752476,752476,2
21569,18810,39510,29
59480,93555,93555,2
118902,150,150,4
200282,396625,396625,16
52235,1500,1500,2
76632,2000,2000,2
40127,1500,1500,2
162674,3169,3169,1
41484,943,943,1
158750,174,174,1
5376,99,99,1
5368,901,901,2
163911,33,33,1
56049,75,75,1
46390,500000,500000,1
10840,500000,500000,1
115470,9850,9925,2
69865,500056,500056,2
186684,5000,5000,192
205467,14795,14795,2
62770,4434477,4434477,1
204841,1447,1447,1
59477,99999,99999,2
163709,57138400,57138400,1
39958,3043,3043,16
76617,2144,2144,1
11285,87937,87937,1027
39686,150000000,150000000,1
79249,208470,208470,10
32947,35000,35000,73
205472,2982,2982,1
52237,10099,10099,1
76566,3051,3051,3
89674,232,232,1
158832,16952,16952,1
185477,18929,18929,1
187348,35184,35184,12
185968,212318,212318,3
182766,1282492,1282492,1
144284,99902,99902,1
127762,899900,899900,1
71376,50000,50000,1
179300,79933,79933,2
167548,69927,69927,2
186677,290052,290052,1
163606,130001,130001,1
178108,3537,3537,1
184394,300005,300005,1
205043,3000000,3000000,1
200944,7011,1000000,31
163897,55533,55533,11
152099,77601,77601,2
200850,8661,8661,15
60579,65,65,2
210444,90,90,5
201204,48889,48889,1
2516,4890000,4890000,49
128716,265772,265772,2
17031,139954,139954,12
138384,18938,18938,22
195359,18,18,2
25412,500000,500000,2
23353,500000,500000,2
25414,500000,500000,2
155910,500000,500000,2
4780,500000,500000,2
128850,466245547,466245547,4
52241,124,2906,2
69841,4800002,4800002,1
37713,1000001,1000001,1
42908,4998327,4998327,3
182776,145900,145900,1
213374,3227,3227,2
158815,2318,2318,1
159140,178,178,2
162010,9500000,9500000,2
31918,65000,65000,3
192691,2875,2875,1
76577,25000,25000,1
128718,525000,525000,1
76626,29000,29000,4
41395,5000,5000,1
41473,1250000,1250000,2
184344,454000000,454000000,1
213540,117,117,2
204621,302824,302824,6
198259,200000,200000,1
160330,450000,450000,2
41480,625000,625000,1
101746,18000,18000,1
201407,3300,3300,14
41499,1250000,1250000,1
76603,25000,25000,1
41486,36168,36168,1
198316,45000,45000,5
184345,85000000,85000000,3
163908,10000,10000,1
52169,110000,110000,3
11416,5,5,3
8928,173672,173672,1
5140,235579,235579,1
8392,255553,255553,1
57059,2,2,13
3464,500001,500001,200
5116,10005,10005,6
120257,7776,7776,142
76583,95000,95000,3
3776,55515752,55515752,1
192686,3210,3210,1
178172,65,65,2
41461,300,300,3
90557,4783878,4783878,1
39350,381138,381138,1
163100,2000000,2000000,1
